0 8.1 81
10 19.1 272
20 18.5 457
30 13.4 591
40 14.7 738
50 16 898
60 10.6 1004
70 14.1 1145
80 19.7 1342
90 16.8 1510
100 11.3 1623
110 18.9 1812
120 11.8 1930
130 12.5 2055
140 13.9 2194
150 18.9 2383
160 12.6 2509
170 11.5 2624
180 19.3 2817
190 14.8 2965
200 15.1 3116
210 15.9 3275
220 15.4 3429
230 13.8 3567
240 19.7 3764
250 13.7 3901
260 12.5 4026
270 17.3 4199
280 18.3 4382
290 15.7 4539
300 15.5 4694
310 9.7 4791
320 12.2 4913
330 7.4 4987
340 7.6 5063
350 12.4 5187
360 8 5267
370 6.4 5331
380 3.3 5364
390 4.8 5412
400 13.9 5551
410 10.8 5659
420 8.1 5740
430 10.9 5849
440 12.3 5972
450 13.4 6106
460 11.5 6221
470 10.9 6330
480 9.7 6427
490 10.1 6528
500 8.1 6609
510 12 6729
520 9.9 6828
530 10.6 6934
540 8.1 7015
550 10.4 7119
560 13.5 7254
570 11.8 7372
580 10.6 7478
590 7.8 7556
600 12.2 7678
610 9.8 7776
620 9.5 7871
630 14.3 8014
640 12.6 8140
650 7.1 8211
660 9.1 8302
670 11.4 8416
680 10.1 8517
690 11.1 8628
700 10 8728
710 9.3 8821
720 13.5 8956
730 11.6 9072
740 10.9 9181
750 11.8 9299
760 7 9369
770 11.8 9487
780 10.7 9594
790 13.6 9730
800 11.1 9841
810 13.6 9977
820 13 10107
830 9.3 10200
840 9 10290
850 8.3 10373
860 12.6 10499
870 9.1 10590
880 8 10670
890 8.2 10752
900 9.3 10845
910 19.6 11041
920 26.8 11309
930 21.3 11522
940 28.9 11811
950 24.3 12054
960 20.3 12257
970 28.2 12539
980 19.3 12732
990 24.6 12978
1000 26.1 13239
1010 21 13449
1020 19.3 13642
1030 24.5 13887
1040 18.2 14069
1050 15.9 14228
1060 24.4 14472
1070 24.5 14717
1080 24.3 14960
1090 22.8 15188
1100 22.5 15413
1110 25.4 15667
1120 18.4 15851
1130 21.2 16063
1140 28.5 16348
1150 16.6 16514
1160 14 16654
1170 28 16934
1180 20.8 17142
1190 16.3 17305
1200 25.4 17559
1210 28.4 17843
1220 21.3 18056
1230 22.6 18282
1240 23.9 18521
1250 28 18801
1260 18.8 18989
1270 17.7 19166
1280 26.7 19433
1290 24.7 19680
1300 21.5 19895
1310 27 20165
1320 19.5 20360
1330 25.7 20617
1340 21.8 20835
1350 24.7 21082
1360 27.1 21353
1370 19.6 21549
1380 23.6 21785
1390 25.4 22039
1400 28.2 22321
1410 13.4 22455
1420 32.6 22781
1430 26.4 23045
1440 17.1 23216
1450 15.7 23373
1460 30.7 23680
1470 20.1 23881
1480 18.3 24064
1490 30.9 24373
1500 26.8 24641
1510 11.5 24756
1520 6.8 24824
1530 4.7 24871
1540 7.6 24947
1550 7.8 25025
1560 6.8 25093
1570 4.6 25139
1580 3.5 25174
1590 3.6 25210
1600 2.8 25238
1610 4.1 25279
1620 9.6 25375
1630 6.3 25438
1640 7.6 25514
1650 9.9 25613
1660 8.6 25699
1670 6.2 25761
1680 3.6 25797
1690 7.7 25874
1700 7.2 25946
1710 6.8 26014
1720 10.2 26116
1730 10.5 26221
1740 6.8 26289
1750 5.8 26347
1760 1.7 26364
1770 1.3 26377
1780 1.9 26396
1790 4.3 26439
1800 2 26459
1810 7.6 26535
1820 3.6 26571
1830 5.3 26624
1840 4.1 26665
1850 0.6 26671
1860 6.2 26733
1870 4.5 26778
1880 6.3 26841
1890 3.7 26878
1900 5.6 26934
1910 8.8 27022
1920 7.4 27096
1930 8.1 27177
1940 6.8 27245
1950 4.8 27293
1960 5.4 27347
1970 4.3 27390
1980 3 27420
1990 3.9 27459
2000 4.2 27501
2010 3.5 27536
2020 3 27566
2030 2.6 27592
2040 2.8 27620
2050 1.1 27631
2060 0.5 27636
2070 1.1 27647
2080 2.2 27669
2090 1.9 27688
2100 2 27708
2110 1.4 27722
2120 1.8 27740
2130 1.3 27753
2140 0.9 27762
2150 0.2 27764
2160 0.1 27765
2170 0 27765
2172 0 27765
