10 0.8 8
20 0.9 17
30 1 27
40 1.1 38
50 1.4 52
60 0.6 58
70 1.3 71
80 1.8 89
90 0.8 97
100 0.7 104
110 1.3 117
120 1.4 131
130 1.4 145
140 1.4 159
150 1.4 173
160 0.8 181
170 1 191
180 1.3 204
190 1.3 217
200 1.1 228
210 1.5 243
220 1.1 254
230 1.4 268
240 1 278
250 1 288
260 1.3 301
270 1.1 312
280 1.1 323
290 0.9 332
300 1.4 346
310 1.2 358
320 1.2 370
330 0.6 376
340 1.5 391
350 1.6 407
360 2.8 435
370 2.5 460
380 1.9 479
390 2 499
400 2.5 524
410 3.6 560
420 2.8 588
430 3.7 625
440 3.7 662
450 2.9 691
460 2.8 719
470 2.9 748
480 2.9 777
490 2.9 806
500 3.1 837
510 2.4 861
520 2.8 889
530 2.5 914
540 2.9 943
550 2.8 971
560 2.6 997
570 1.9 1016
580 2.4 1040
590 2.7 1067
600 2.7 1094
610 2.8 1122
620 2.5 1147
630 2.4 1171
640 2.1 1192
650 2.5 1217
660 2.7 1244
670 3 1274
680 2.1 1295
690 2.7 1322
700 2.5 1347
710 2.6 1373
720 2.3 1396
730 2.6 1422
740 2.4 1446
750 2 1466
760 1.4 1480
770 2.4 1504
780 2.5 1529
790 2 1549
800 2.4 1573
810 2.4 1597
820 2.5 1622
830 2.5 1647
840 2.6 1673
850 3 1703
860 2.5 1728
870 2.6 1754
880 2 1774
890 2.9 1803
900 2.3 1826
910 2.5 1851
920 2.6 1877
930 1.1 1888
940 1.3 1901
950 1.4 1915
960 1.1 1926
970 1.5 1941
980 0.9 1950
990 1.2 1962
1000 1.7 1979
1010 0.7 1986
1020 0.8 1994
1030 1.2 2006
1040 0.7 2013
1050 0.9 2022
1060 1 2032
1070 0.5 2037
1080 0.7 2044
1090 0.7 2051
1100 0.7 2058
1110 0.7 2065
1120 0.6 2071
1130 0.4 2075
1140 0.9 2084
1150 0.7 2091
1160 0.6 2097
1170 0.7 2104
1180 1.2 2116
1190 0.6 2122
1200 0.6 2128
1210 0.4 2132
1220 0.6 2138
1230 0.7 2145
1240 0.8 2153
1250 0.7 2160
1260 0.6 2166
1270 0.9 2175
1280 0.5 2180
1290 0.4 2184
1300 0.6 2190
1310 0.6 2196
1320 0.4 2200
1330 0.6 2206
1340 0.8 2214
1350 0.4 2218
1360 0.9 2227
1370 0.9 2236
1380 0.7 2243
1390 1.1 2254
1400 0.4 2258
1410 0.7 2265
1420 0.4 2269
1430 0.6 2275
1440 0.5 2280
1450 0.7 2287
1460 0.4 2291
1470 0.7 2298
1480 0.6 2304
1490 0.5 2309
1500 0.4 2313
1510 0.6 2319
1520 0.6 2325
1530 0.9 2334
1540 0.6 2340
1550 1.3 2353
1560 2.2 2375
1570 2.7 2402
1580 2.1 2423
1590 2.5 2448
1600 2.6 2474
1610 2.9 2503
1620 5.7 2560
1630 3.5 2595
1640 2.8 2623
1650 2.3 2646
1660 2.2 2668
1670 1.9 2687
1680 2.6 2713
1690 2.6 2739
1700 2.2 2761
1710 2.5 2786
1720 2.3 2809
1730 1.4 2823
1740 2.5 2848
1750 2.7 2875
1760 1 2885
1770 0.2 2887
1780 0.3 2890
1790 0.1 2891
1800 0.1 2892
1810 1.1 2903
1820 0.9 2912
1830 2.1 2933
1840 1.3 2946
1850 0.2 2948
1860 1.5 2963
1870 0.4 2967
1880 1.1 2978
1890 1.2 2990
1900 1.2 3002
1910 2 3022
1920 2.2 3044
1930 2.3 3067
1940 1.7 3084
1950 2.4 3108
1960 1.7 3125
1970 1.7 3142
1980 1.9 3161
1990 1.6 3177
2000 1.6 3193
2010 2.7 3220
2020 2.7 3247
2030 3.5 3282
2040 3.3 3315
2050 2.1 3336
2060 0.6 3342
2070 1.2 3354
2080 4.7 3401
2090 3.8 3439
2100 2.6 3465
2110 2.4 3489
2120 3.8 3527
2130 4 3567
2140 4 3607
2150 2.8 3635
2160 1.3 3648
2170 0.5 3653
2172 0.1 3654
