0 5.8 132.49527714170264 8.637056676050106 177.81884765625 122.198974609375 0 0
10 8.3 132.87923569277103 6.514622805383965 177.81884765625 121.34912109375 132.49527714170264 58
20 9.3 131.52919711861563 6.079034206771774 177.81884765625 121.34912109375 132.72129529587767 141
30 9.2 132.32874862007472 6.447382237664063 177.81884765625 121.34912109375 132.24751268696582 234
40 9.4 131.45415870179522 6.095883690619129 177.81884765625 121.34912109375 132.2704381650211 326
50 8 132.38312072753902 6.258959926076294 177.81884765625 121.34912109375 132.08774704706101 420
60 9.2 131.7358955715015 6.374987890042518 177.81884765625 121.34912109375 132.1350068359375 500
70 10.9 132.471009980648 6.78663432199965 177.81884765625 121.34912109375 132.07298278808597 592
80 10.6 132.5497309846698 5.62336488568067 177.81884765625 121.34912109375 132.13487289363414 701
90 8.7 131.6373080549569 5.787878304419178 177.81884765625 121.34912109375 132.18936478663264 807
100 11.6 140.87045603785023 93.01693589357177 1135.591064453125 121.34912109375 132.1356411449595 894
110 8.8 132.81064397638502 6.932199598572347 1135.591064453125 121.34912109375 133.13884760790538 1010
120 8.9 133.1828393829004 5.92524382288912 1135.591064453125 121.34912109375 133.11254349171796 1098
130 9.1 131.35800942221852 5.822612295538741 1135.591064453125 121.34912109375 133.11781420301975 1187
140 9.6 131.456901550293 5.270682253963081 1135.591064453125 121.34912109375 132.9925072898328 1278
150 9 133.4191026475695 6.714728730658754 1135.591064453125 121.34912109375 132.8852160591226 1374
160 8.8 133.1194097345526 6.138106091800842 1135.591064453125 121.34912109375 132.91803695595337 1464
170 10.6 134.792257057046 7.650362015083993 1135.591064453125 121.34912109375 132.92945500010075 1552
180 9 145.05929904513889 106.33948191696179 1146.718017578125 121.34912109375 133.0485484971069 1658
190 10.5 143.6343936011905 96.61575353678563 1146.718017578125 121.34912109375 133.66695098527788 1748
200 9.6 150.34704589843759 163.43925976530295 1741.80712890625 121.34912109375 134.231754803233 1853
210 9.3 144.59889270413308 102.69343597064024 1741.80712890625 121.34912109375 135.02553004445394 1949
220 8.4 134.58033389136904 6.974298958824137 1741.80712890625 121.34912109375 135.46153529780858 2042
230 11.5 134.0811820652175 6.038767059594348 1741.80712890625 121.34912109375 135.4267183090311 2126
240 9.5 134.23301295230272 5.8003487079714615 1741.80712890625 121.34912109375 135.35767026439095 2241
250 10 134.6511987304687 6.768705619012682 1741.80712890625 121.34912109375 135.31193291651064 2336
260 10.7 135.10986556293807 7.076401923146135 1741.80712890625 121.34912109375 135.28480918145146 2436
270 10.3 135.2584382584951 6.409211868518621 1741.80712890625 121.34912109375 135.27744820340155 2543
280 12.3 135.5502453315549 7.281843336195527 1741.80712890625 121.34912109375 135.27670820932545 2646
290 10.4 134.07294170673063 6.011998776542515 1741.80712890625 121.34912109375 135.2888588290561 2769
300 8 135.7073303222657 5.81060950134572 1741.80712890625 121.34912109375 135.2448437296054 2873
310 1.7 196.3374741498162 235.3369576995351 1741.80712890625 121.34912109375 135.25737299726975 2953
320 1.3 136.1742225060096 3.7560021093675005 1741.80712890625 121.34912109375 135.60698973787353 2970
330 1.6 137.4986572265625 5.876153146665369 1741.80712890625 121.34912109375 135.60946175463042 2983
340 1.8 134.94306098090277 6.313703809629089 1741.80712890625 121.34912109375 135.61954082350368 2999
350 1.5 136.89373372395838 3.493790261391677 1741.80712890625 121.34912109375 135.615504815162 3017
360 1.2 137.16023763020834 5.640650266882515 1741.80712890625 121.34912109375 135.62182850699313 3032
370 1.2 135.97615559895834 4.076304140469994 1741.80712890625 121.34912109375 135.62789319473248 3044
380 1.6 137.3760986328125 7.461796775488206 1741.80712890625 121.34912109375 135.62926071726216 3056
390 1.5 136.10348307291667 5.691421872427862 1741.80712890625 121.34912109375 135.63835883140564 3072
400 1.5 137.39114583333333 6.4919389684760285 1741.80712890625 121.34912109375 135.64061891032455 3087
410 1.2 139.47062174479166 9.336764199450727 1741.80712890625 121.34912109375 135.6490837407066 3102
420 1.4 136.91983468191964 8.058058486747038 1741.80712890625 121.34912109375 135.66381028407494 3114
430 2 135.4873291015625 6.951575191337883 1741.80712890625 121.34912109375 135.66943187664842 3128
440 1.2 134.0395304361979 3.551438860620563 1741.80712890625 121.34912109375 135.66827493398586 3148
450 1.3 135.97113506610577 5.6923410535244185 1741.80712890625 121.34912109375 135.66208982829806 3160
460 1.3 214.27679912860577 265.2204640434407 1741.80712890625 121.34912109375 135.66335600796762 3173
470 2.4 135.42868041992188 6.959159059930149 1741.80712890625 121.34912109375 135.98412649151072 3186
480 2.1 137.503662109375 9.017667084983788 1741.80712890625 121.34912109375 135.97997362368577 3210
490 0.7 137.57728794642858 5.8714839374641965 1741.80712890625 121.34912109375 135.98987689146648 3231
500 1.2 136.94283040364584 6.247445182637189 1741.80712890625 121.34912109375 135.99330860159148 3238
510 1.8 136.15878634982639 6.732108685109786 1741.80712890625 121.34912109375 135.9968145282452 3250
520 1.9 270.59861996299344 575.5413388862208 2712.3779296875 121.34912109375 135.99770666190142 3268
530 1.4 133.69953264508928 3.591514039225982 2712.3779296875 121.34912109375 136.7757466231794 3287
540 2.2 136.59542569247157 9.486055383054012 2712.3779296875 121.34912109375 136.76269997195453 3301
550 1.7 136.37502872242646 5.246155979694075 2712.3779296875 121.34912109375 136.76159252863567 3323
560 1.1 143.3971502130682 14.333309465110975 2712.3779296875 121.34912109375 136.75962498830467 3340
570 1.5 138.98138020833332 5.400356674385007 2712.3779296875 121.34912109375 136.7814133432651 3351
580 1.1 138.93843217329547 6.661911567646858 2712.3779296875 121.34912109375 136.7912171171736 3366
590 1.5 135.3333658854167 4.011129342899534 2712.3779296875 121.34912109375 136.79821130302417 3377
600 0.9 136.43386501736111 5.851732989691618 2712.3779296875 121.34912109375 136.79173350784018 3392
610 1.4 213.16908482142858 258.34994585551 2712.3779296875 121.34912109375 136.7907864874302 3401
620 1.3 134.41058819110577 3.559036115493243 2712.3779296875 121.34912109375 137.10390396229874 3415
630 1.2 135.5158894856771 4.223210822641803 2712.3779296875 121.34912109375 137.09369010435665 3428
640 0.7 137.98786272321428 5.133751753137458 2712.3779296875 121.34912109375 137.0881861487101 3440
650 2 138.42677001953126 8.52672017621719 2712.3779296875 121.34912109375 137.09001316815355 3447
660 1.6 139.50291442871097 8.21098945306733 2712.3779296875 121.34912109375 137.09772448543868 3467
670 1.3 135.34035081129807 3.885401125704443 2712.3779296875 121.34912109375 137.10877330516087 3483
680 1.1 138.69959605823863 4.288007830292947 2712.3779296875 121.34912109375 137.10219736339306 3496
690 1.6 140.2016143798828 6.59105506069623 2712.3779296875 121.34912109375 137.10720773854086 3507
700 1.8 145.83277723524304 12.711136060559598 2712.3779296875 121.34912109375 137.12126124585322 3523
710 2 135.8555419921875 6.891677501898469 2712.3779296875 121.34912109375 137.16554458045053 3541
720 2 137.49696044921876 5.206692822111937 2712.3779296875 121.34912109375 137.15818708206098 3561
730 1 144.5313232421875 13.517390474346143 2712.3779296875 121.34912109375 137.1600791421959 3581
740 1.9 140.2505525287829 10.807973558005198 2712.3779296875 121.34912109375 137.18060613774028 3591
750 2.4 146.31371053059897 24.654508518468024 2712.3779296875 121.34912109375 137.19676375032472 3610
760 1.7 145.21679687499994 17.697754657296453 2712.3779296875 121.34912109375 137.25697473621534 3634
770 1.4 148.6156529017857 19.930418515940026 2712.3779296875 121.34912109375 137.29403772617954 3651
780 1 137.1642333984375 7.641724857239978 2712.3779296875 121.34912109375 137.33728536941513 3665
790 1.4 138.91892787388392 9.031137114267786 2712.3779296875 121.34912109375 137.33681447969818 3675
800 1.1 139.0652521306818 10.34609364808702 2712.3779296875 121.34912109375 137.34281870510307 3689
810 1.3 161.30091271033655 28.641788678442484 2712.3779296875 121.34912109375 137.34793945312506 3700
820 1.8 148.501220703125 25.01570586634177 2712.3779296875 121.34912109375 137.4318038895225 3713
830 0.8 139.54901123046875 7.90970322029853 2712.3779296875 121.34912109375 137.4852076693791 3731
840 1.6 140.9075164794922 6.842610263862636 2712.3779296875 121.34912109375 137.48962340312843 3739
850 2.4 137.02085367838546 4.571441290870403 2712.3779296875 121.34912109375 137.50418699546447 3755
860 2.2 134.94582297585228 7.212882780524917 2712.3779296875 121.34912109375 137.5011174004367 3779
870 1.8 141.58150227864584 16.745630877107345 2712.3779296875 121.34912109375 137.48632748269378 3801
880 1.1 145.0528897372159 19.648532855003353 2712.3779296875 121.34912109375 137.50562917065582 3819
890 1.6 144.4900665283203 13.519098698932785 2712.3779296875 121.34912109375 137.52730537593837 3830
900 7.9 140.6449731754351 12.667029082214558 2712.3779296875 121.34912109375 137.55627162098207 3846
910 16.3 146.22138611963192 22.75536165471266 2712.3779296875 121.34912109375 137.61843911723733 3925
920 19.1 140.41688481675394 14.29288807070164 2712.3779296875 121.34912109375 137.961462689006 4088
930 20.6 137.94241718181135 9.535730849737064 2712.3779296875 121.34912109375 138.07106437781175 4279
940 19 146.9341925370064 24.430237709582507 2712.3779296875 121.34912109375 138.06515549879813 4485
950 21.8 139.39892466133884 11.360810344291426 2712.3779296875 121.34912109375 138.4256083409927 4675
960 21.8 139.16199626397653 6.5299187695465015 2712.3779296875 121.34912109375 138.46897293486876 4893
970 19.9 139.01796089824126 6.807483806196209 2712.3779296875 121.34912109375 138.49853252902753 5111
980 19.9 143.57579032859613 16.69200534360276 2712.3779296875 121.34912109375 138.5179988652749 5310
990 20.1 140.2016735171796 6.43295580948592 2712.3779296875 121.34912109375 138.700699990924 5509
1000 20.5 140.75059070121958 7.217403125586422 2712.3779296875 121.34912109375 138.75353636198832 5710
1010 19.4 148.22118888933633 114.93592863972731 2712.3779296875 121.34912109375 138.82274957239278 5915
1020 18.6 143.08250246765795 10.798305994373626 2712.3779296875 121.34912109375 139.12121040517835 6109
1030 19.5 144.20908829126597 11.554677030733124 2712.3779296875 121.34912109375 139.23825573061458 6295
1040 19.7 142.3851845058692 7.838396016544694 2712.3779296875 121.34912109375 139.38761048397777 6490
1050 19.7 153.06777566822646 101.26127421158807 2712.3779296875 121.34912109375 139.4759194539662 6687
1060 18.8 142.56703218500675 8.154648447616303 2712.3779296875 121.34912109375 139.8648787326137 6884
1070 21.5 148.39161632449134 67.70869742918937 2712.3779296875 121.34912109375 139.93671199746805 7072
1080 21.7 144.93326410390256 8.687856432335138 2712.3779296875 121.34912109375 140.18617054423765 7287
1090 22.5 149.82898220486103 67.63427477448627 2712.3779296875 121.34912109375 140.3234465706832 7504
1100 22.4 163.2268502371653 134.18239546492276 2712.3779296875 121.34912109375 140.6001635480011 7729
1110 19.8 150.86636999881623 70.55532266948995 2712.3779296875 121.34912109375 141.23745486176605 7953
1120 18.3 143.83392434042008 7.3493211497848 2712.3779296875 121.34912109375 141.471355634326 8151
1130 18.7 164.2872281814004 156.02159331997507 2712.3779296875 121.34912109375 141.52323349288312 8334
1140 20.2 152.62556079826732 69.77269981303398 2712.3779296875 121.34912109375 142.02280713526696 8521
1150 16.6 163.53676522496235 133.12992831186108 2712.3779296875 121.34912109375 142.26833691171154 8723
1160 19.5 151.74744591346155 72.30155408884632 2712.3779296875 121.34912109375 142.66551984567482 8889
1170 20.9 147.74184289959632 8.164323489878818 2712.3779296875 121.34912109375 142.8604753259939 9084
1180 21 153.11721888950905 69.4066224648351 2712.3779296875 121.34912109375 142.97025750859186 9293
1190 19.9 154.1073102328046 72.77314725873661 2712.3779296875 121.34912109375 143.19448795055678 9503
1200 25.8 155.2811506404432 62.27979247065159 2712.3779296875 121.34912109375 143.41832341068533 9702
1210 23.8 160.88010848870795 91.48895078907842 2712.3779296875 121.34912109375 143.72561351362484 9960
1220 25.8 165.186527222626 132.00677038625275 2712.3779296875 121.34912109375 144.12596356305315 10198
1230 24 156.8160166422527 65.54786183522168 2712.3779296875 121.34912109375 144.64562934577788 10456
1240 26.7 169.99208417456705 122.08199398453354 2712.3779296875 121.34912109375 144.9187120824228 10696
1250 25.6 158.65213203430164 89.45320879322647 2712.3779296875 121.34912109375 145.52936522012254 10963
1260 23.5 158.01609769780586 67.0666250958757 2712.3779296875 121.34912109375 145.82880619564887 11219
1270 24 169.02176310221347 127.74322583285245 2712.3779296875 121.34912109375 146.0788510274113 11454
1280 23.9 158.1634781969141 64.49416573911694 2712.3779296875 121.34912109375 146.54971633423125 11694
1290 23 165.20326829993195 93.03848403204974 2712.3779296875 121.34912109375 146.7823224756191 11933
1300 25.4 169.48959422674704 109.08824631316112 2712.3779296875 121.34912109375 147.1306590323561 12163
1310 23.8 164.4732542919512 91.56799834584794 2712.3779296875 121.34912109375 147.588029535648 12417
1320 27.1 166.99155687845942 87.0074881218123 2712.3779296875 121.34912109375 147.9055865085441 12655
1330 23.8 159.32145421645234 66.34592494821023 2712.3779296875 121.34912109375 148.30573334207708 12926
1340 24.7 172.66514087012894 109.60859138837242 2712.3779296875 121.34912109375 148.50489329103644 13164
1350 23.9 171.86287673247907 110.81419552894063 2712.3779296875 121.34912109375 148.9498698887574 13411
1360 24.6 164.8588400739965 66.280113962955 2712.3779296875 121.34912109375 149.35105733459253 13650
1370 25.9 180.00894648135855 125.9334459539142 2712.3779296875 121.34912109375 149.62559062142998 13896
1380 25.2 178.61142113095238 92.46148718857204 2712.3779296875 121.34912109375 150.1815276873234 14155
1390 25.3 185.30881473104003 140.70071730415438 2712.3779296875 121.34912109375 150.67880908857242 14407
1400 24.1 174.41949944080656 91.91987513638895 2712.3779296875 121.34912109375 151.27644834011025 14660
1410 22 187.48259721235794 149.29769585275622 2712.3779296875 121.34912109375 151.65075042153214 14901
1420 24.2 174.21033219266528 91.67697646373593 2712.3779296875 121.34912109375 152.1720787922736 15121
1430 25.1 192.0552360869024 141.25302260318847 2712.3779296875 121.34912109375 152.5192282632685 15363
1440 21.8 180.35668049383605 117.65562501560964 2712.3779296875 121.34912109375 153.15478212286453 15614
1450 21.8 197.40237174777806 165.56951677749126 2712.3779296875 121.34912109375 153.52934085485492 15832
1460 24.3 171.10537531346458 66.88409567917431 2712.3779296875 121.34912109375 154.12524868878995 16050
1470 25.8 207.46109363644624 162.97254125379874 2712.3779296875 121.34912109375 154.37849675665933 16293
1480 24.5 184.08065908003826 110.85446335356431 2712.3779296875 121.34912109375 155.20595793694966 16551
1490 27.6 196.76764535212862 130.21355849029902 2712.3779296875 121.34912109375 155.6271476118756 16796
1500 14 191.59984828404018 92.99953532343396 2712.3779296875 121.34912109375 156.29225875153764 17072
1510 1.1 163.74793590198863 12.703549757440166 2712.3779296875 121.34912109375 156.57944574517873 17212
1520 0.1 180.260009765625 0.0 2712.3779296875 121.34912109375 156.58402412244894 17223
1530 0 0 0 2712.3779296875 121.34912109375 156.58539871520574 17224
1540 0 0 0 2712.3779296875 121.34912109375 156.58539871520574 17224
1550 0 0 0 2712.3779296875 121.34912109375 156.58539871520574 17224
1560 0 0 0 2712.3779296875 121.34912109375 156.58539871520574 17224
1570 0 0 0 2712.3779296875 121.34912109375 156.58539871520574 17224
1580 0 0 0 2712.3779296875 121.34912109375 156.58539871520574 17224
1590 0 0 0 2712.3779296875 121.34912109375 156.58539871520574 17224
1600 0 0 0 2712.3779296875 121.34912109375 156.58539871520574 17224
1610 0 0 0 2712.3779296875 121.34912109375 156.58539871520574 17224
1620 0 0 0 2712.3779296875 121.34912109375 156.58539871520574 17224
1630 0 0 0 2712.3779296875 121.34912109375 156.58539871520574 17224
1640 0 0 0 2712.3779296875 121.34912109375 156.58539871520574 17224
1650 0 0 0 2712.3779296875 121.34912109375 156.58539871520574 17224
1660 0 0 0 2712.3779296875 121.34912109375 156.58539871520574 17224
1670 0 0 0 2712.3779296875 121.34912109375 156.58539871520574 17224
1680 0 0 0 2712.3779296875 121.34912109375 156.58539871520574 17224
1690 0 0 0 2712.3779296875 121.34912109375 156.58539871520574 17224
1700 0 0 0 2712.3779296875 121.34912109375 156.58539871520574 17224
1710 0 0 0 2712.3779296875 121.34912109375 156.58539871520574 17224
1720 0 0 0 2712.3779296875 121.34912109375 156.58539871520574 17224
1730 0 0 0 2712.3779296875 121.34912109375 156.58539871520574 17224
1740 0 0 0 2712.3779296875 121.34912109375 156.58539871520574 17224
1750 0 0 0 2712.3779296875 121.34912109375 156.58539871520574 17224
1760 0 0 0 2712.3779296875 121.34912109375 156.58539871520574 17224
1770 0 0 0 2712.3779296875 121.34912109375 156.58539871520574 17224
1780 0 0 0 2712.3779296875 121.34912109375 156.58539871520574 17224
1790 0 0 0 2712.3779296875 121.34912109375 156.58539871520574 17224
1800 0 0 0 2712.3779296875 121.34912109375 156.58539871520574 17224
1810 0 0 0 2712.3779296875 121.34912109375 156.58539871520574 17224
1820 0 0 0 2712.3779296875 121.34912109375 156.58539871520574 17224
1830 0 0 0 2712.3779296875 121.34912109375 156.58539871520574 17224
1840 0 0 0 2712.3779296875 121.34912109375 156.58539871520574 17224
1850 0 0 0 2712.3779296875 121.34912109375 156.58539871520574 17224
1860 0 0 0 2712.3779296875 121.34912109375 156.58539871520574 17224
1870 0 0 0 2712.3779296875 121.34912109375 156.58539871520574 17224
1880 0 0 0 2712.3779296875 121.34912109375 156.58539871520574 17224
1890 0 0 0 2712.3779296875 121.34912109375 156.58539871520574 17224
1900 0 0 0 2712.3779296875 121.34912109375 156.58539871520574 17224
1910 0 0 0 2712.3779296875 121.34912109375 156.58539871520574 17224
1920 0 0 0 2712.3779296875 121.34912109375 156.58539871520574 17224
1930 0 0 0 2712.3779296875 121.34912109375 156.58539871520574 17224
1940 0 0 0 2712.3779296875 121.34912109375 156.58539871520574 17224
1950 0 0 0 2712.3779296875 121.34912109375 156.58539871520574 17224
1960 0 0 0 2712.3779296875 121.34912109375 156.58539871520574 17224
1970 0 0 0 2712.3779296875 121.34912109375 156.58539871520574 17224
1980 0 0 0 2712.3779296875 121.34912109375 156.58539871520574 17224
1990 0 0 0 2712.3779296875 121.34912109375 156.58539871520574 17224
2000 0 0 0 2712.3779296875 121.34912109375 156.58539871520574 17224
2010 0 0 0 2712.3779296875 121.34912109375 156.58539871520574 17224
2020 0 0 0 2712.3779296875 121.34912109375 156.58539871520574 17224
2030 0 0 0 2712.3779296875 121.34912109375 156.58539871520574 17224
2040 0 0 0 2712.3779296875 121.34912109375 156.58539871520574 17224
2050 0 0 0 2712.3779296875 121.34912109375 156.58539871520574 17224
2060 0 0 0 2712.3779296875 121.34912109375 156.58539871520574 17224
2070 0 0 0 2712.3779296875 121.34912109375 156.58539871520574 17224
2080 0 0 0 2712.3779296875 121.34912109375 156.58539871520574 17224
2090 0 0 0 2712.3779296875 121.34912109375 156.58539871520574 17224
2100 0 0 0 2712.3779296875 121.34912109375 156.58539871520574 17224
2110 0 0 0 2712.3779296875 121.34912109375 156.58539871520574 17224
2120 0 0 0 2712.3779296875 121.34912109375 156.58539871520574 17224
2130 0 0 0 2712.3779296875 121.34912109375 156.58539871520574 17224
2140 0 0 0 2712.3779296875 121.34912109375 156.58539871520574 17224
2150 0 0 0 2712.3779296875 121.34912109375 156.58539871520574 17224
2160 0 0 0 2712.3779296875 121.34912109375 156.58539871520574 17224
2170 0 0 0 2712.3779296875 121.34912109375 156.58539871520574 17224
2172 0 0 0 2712.3779296875 121.34912109375 156.58539871520574 17224
