0 29 29
10 70 41
20 125 55
30 183 58
40 199 16
50 189 -10
60 192 3
70 200 8
80 200 0
90 206 6
100 184 -22
110 200 16
120 198 -2
130 193 -5
140 181 -12
150 190 9
160 190 0
170 194 4
180 203 9
190 204 1
200 200 -4
210 189 -11
220 190 1
230 193 3
240 184 -9
250 196 12
260 194 -2
270 205 11
280 197 -8
290 190 -7
300 183 -7
310 179 -4
320 171 -8
330 177 6
340 182 5
350 180 -2
360 177 -3
370 178 1
380 173 -5
390 174 1
400 147 -27
410 142 -5
420 146 4
430 147 1
440 146 -1
450 144 -2
460 146 2
470 154 8
480 157 3
490 152 -5
500 152 0
510 154 2
520 158 4
530 158 0
540 172 14
550 172 0
560 173 1
570 178 5
580 177 -1
590 186 9
600 178 -8
610 184 6
620 187 3
630 189 2
640 187 -2
650 185 -2
660 186 1
670 186 0
680 186 0
690 195 9
700 193 -2
710 199 6
720 194 -5
730 187 -7
740 198 11
750 207 9
760 187 -20
770 183 -4
780 180 -3
790 187 7
800 187 0
810 189 2
820 198 9
830 190 -8
840 196 6
850 200 4
860 201 1
870 193 -8
880 186 -7
890 192 6
900 194 2
910 220 26
920 236 16
930 222 -14
940 241 19
950 212 -29
960 214 2
970 224 10
980 207 -17
990 217 10
1000 230 13
1010 205 -25
1020 194 -11
1030 218 24
1040 208 -10
1050 196 -12
1060 216 20
1070 215 -1
1080 219 4
1090 203 -16
1100 216 13
1110 211 -5
1120 216 5
1130 202 -14
1140 230 28
1150 196 -34
1160 199 3
1170 222 23
1180 208 -14
1190 201 -7
1200 223 22
1210 217 -6
1220 221 4
1230 222 1
1240 212 -10
1250 218 6
1260 203 -15
1270 206 3
1280 225 19
1290 217 -8
1300 214 -3
1310 216 2
1320 211 -5
1330 219 8
1340 206 -13
1350 219 13
1360 209 -10
1370 202 -7
1380 225 23
1390 205 -20
1400 217 12
1410 200 -17
1420 250 50
1430 217 -33
1440 193 -24
1450 207 14
1460 225 18
1470 205 -20
1480 203 -2
1490 230 27
1500 207 -23
1510 176 -31
1520 171 -5
1530 170 -1
1540 166 -4
1550 163 -3
1560 158 -5
1570 151 -7
1580 144 -7
1590 132 -12
1600 121 -11
1610 104 -17
1620 80 -24
1630 78 -2
1640 78 0
1650 78 0
1660 78 0
1670 78 0
1680 78 0
1690 78 0
1700 78 0
1710 78 0
1720 78 0
1730 78 0
1740 78 0
1750 78 0
1760 78 0
1770 78 0
1780 78 0
1790 78 0
1800 78 0
1810 78 0
1820 75 -3
1830 73 -2
1840 73 0
1850 73 0
1860 73 0
1870 73 0
1880 73 0
1890 73 0
1900 71 -2
1910 71 0
1920 71 0
1930 71 0
1940 71 0
1950 71 0
1960 71 0
1970 71 0
1980 71 0
1990 70 -1
2000 70 0
2010 70 0
2020 69 -1
2030 68 -1
2040 64 -4
2050 64 0
2060 64 0
2070 62 -2
2080 57 -5
2090 49 -8
2100 42 -7
2110 39 -3
2120 35 -4
2130 25 -10
2140 15 -10
2150 9 -6
2160 2 -7
2170 1 -1
2172 0 -1
