0 3.2 32
10 4.1 73
20 3.7 110
30 3.4 144
40 8.4 228
50 8.3 311
60 9.5 406
70 9.9 505
80 10.2 607
90 8.8 695
100 13.1 826
110 7.2 898
120 9.3 991
130 9.4 1085
140 10.8 1193
150 8.1 1274
160 9 1364
170 10.2 1466
180 7.9 1545
190 10.5 1650
200 9.9 1749
210 10.5 1854
220 8.2 1936
230 11.2 2048
240 10.7 2155
250 9.4 2249
260 10.7 2356
270 8.6 2442
280 13 2572
290 11.1 2683
300 8.8 2771
310 2 2791
320 2.1 2812
330 1.1 2823
340 1.2 2835
350 1.7 2852
360 1.5 2867
370 1.2 2879
380 2 2899
390 1.4 2913
400 4.2 2955
410 1.7 2972
420 1 2982
430 1.9 3001
440 1.3 3014
450 1.5 3029
460 1.1 3040
470 1.6 3056
480 2 3076
490 1 3086
500 1.3 3099
510 1.6 3115
520 1.4 3129
530 1.5 3144
540 0.7 3151
550 1.8 3169
560 0.9 3178
570 1.1 3189
580 1.1 3200
590 0.6 3206
600 1.7 3223
610 0.8 3231
620 1 3241
630 1 3251
640 0.9 3260
650 2.2 3282
660 1.5 3297
670 1.3 3310
680 1.1 3321
690 0.7 3328
700 2 3348
710 1.5 3363
720 2.4 3387
730 1.7 3404
740 0.9 3413
750 1.5 3428
760 3.7 3465
770 1.7 3482
780 1.4 3496
790 0.7 3503
800 1 3513
810 1.1 3524
820 1.1 3535
830 1.4 3549
840 1 3559
850 2 3579
860 2.1 3600
870 2.7 3627
880 1.7 3644
890 1 3654
900 7.7 3731
910 13.7 3868
920 17.5 4043
930 22 4263
940 17.4 4437
950 24.5 4682
960 22.3 4905
970 19 5095
980 21.6 5311
990 19 5501
1000 19.5 5696
1010 20.8 5904
1020 19.7 6101
1030 17.8 6279
1040 20.6 6485
1050 21.3 6698
1060 15.8 6856
1070 21.6 7072
1080 21.4 7286
1090 24 7526
1100 21.2 7738
1110 20.2 7940
1120 18.4 8124
1130 19.8 8322
1140 17.6 8498
1150 20.3 8701
1160 18.8 8889
1170 18.9 9078
1180 22.5 9303
1190 20.2 9505
1200 23.3 9738
1210 24.4 9982
1220 25.7 10239
1230 24.1 10480
1240 27.1 10751
1250 25 11001
1260 25.2 11253
1270 23.5 11488
1280 22 11708
1290 24.5 11953
1300 26.8 12221
1310 23.4 12455
1320 27.5 12730
1330 22 12950
1340 25.6 13206
1350 23 13436
1360 25.1 13687
1370 27 13957
1380 22.8 14185
1390 27.4 14459
1400 23 14689
1410 23.4 14923
1420 19.1 15114
1430 28.3 15397
1440 24.2 15639
1450 21.5 15854
1460 22.4 16078
1470 28.6 16364
1480 24.8 16612
1490 23.7 16849
1500 15.6 17005
1510 4.3 17048
1520 0.5 17053
1530 0.1 17054
1540 0.4 17058
1550 0.3 17061
1560 0.5 17066
1570 0.7 17073
1580 0.7 17080
1590 1.2 17092
1600 1.2 17104
1610 1.6 17120
1620 2.4 17144
1630 0.2 17146
1640 0 17146
1650 0 17146
1660 0 17146
1670 0 17146
1680 0 17146
1690 0 17146
1700 0 17146
1710 0 17146
1720 0 17146
1730 0 17146
1740 0 17146
1750 0 17146
1760 0 17146
1770 0 17146
1780 0 17146
1790 0 17146
1800 0 17146
1810 0 17146
1820 0.3 17149
1830 0.2 17151
1840 0 17151
1850 0 17151
1860 0 17151
1870 0 17151
1880 0 17151
1890 0 17151
1900 0.2 17153
1910 0 17153
1920 0 17153
1930 0 17153
1940 0 17153
1950 0 17153
1960 0 17153
1970 0 17153
1980 0 17153
1990 0.1 17154
2000 0 17154
2010 0 17154
2020 0.1 17155
2030 0.1 17156
2040 0.4 17160
2050 0 17160
2060 0 17160
2070 0.2 17162
2080 0.5 17167
2090 0.8 17175
2100 0.7 17182
2110 0.3 17185
2120 0.4 17189
2130 1 17199
2140 1 17209
2150 0.6 17215
2160 0.7 17222
2170 0.2 17224
2172 0 17224
