40 4.6 46
50 5.2 98
60 6.8 166
70 6.7 233
80 5 283
90 5 333
100 11.6 449
110 2.2 471
120 6.5 536
130 6 596
140 7.1 667
150 2.4 691
160 5.9 750
170 7.5 825
180 2.5 850
190 7.4 924
200 6.5 989
210 6.6 1055
220 4.9 1104
230 8.3 1187
240 5.1 1238
250 5.3 1291
260 7.5 1366
270 3.7 1403
280 8 1483
290 6.3 1546
300 3.7 1583
310 0 1583
320 0 1583
330 0 1583
340 0.3 1586
350 0 1586
360 0.2 1588
370 0 1588
380 1 1598
390 0.2 1600
400 0 1600
410 0 1600
420 0 1600
430 0 1600
440 0 1600
450 0 1600
460 0 1600
470 0 1600
480 0 1600
490 0 1600
500 0 1600
510 0 1600
520 0 1600
530 0 1600
540 0 1600
550 0 1600
560 0 1600
570 0 1600
580 0 1600
590 0 1600
600 0 1600
610 0 1600
620 0 1600
630 0 1600
640 0 1600
650 1.7 1617
660 0 1617
670 0 1617
680 0 1617
690 0 1617
700 1.3 1630
710 0 1630
720 1 1640
730 0.3 1643
740 0 1643
750 0.2 1645
760 3.2 1677
770 0.6 1683
780 0 1683
790 0 1683
800 0 1683
810 0 1683
820 0 1683
830 0 1683
840 0.2 1685
850 0.9 1694
860 0.3 1697
870 1.6 1713
880 0.9 1722
890 0.5 1727
900 6.8 1795
910 8 1875
920 10.8 1983
930 17.8 2161
940 9.1 2252
950 18.5 2437
960 14.8 2585
970 10.3 2688
980 15.8 2846
990 12 2966
1000 11 3076
1010 15.8 3234
1020 14.6 3380
1030 10.5 3485
1040 16.4 3649
1050 16.4 3813
1060 9.2 3905
1070 13.8 4043
1080 15.3 4196
1090 18.3 4379
1100 14.4 4523
1110 12.7 4650
1120 13 4780
1130 13.3 4913
1140 9.7 5010
1150 16.4 5174
1160 15.6 5330
1170 10.5 5435
1180 17.4 5609
1190 16.5 5774
1200 14.2 5916
1210 16 6076
1220 19.5 6271
1230 16.5 6436
1240 20.2 6638
1250 14.6 6784
1260 19.6 6980
1270 18.5 7165
1280 15 7315
1290 17.1 7486
1300 19.7 7683
1310 14.9 7832
1320 22.3 8055
1330 14.7 8202
1340 18.9 8391
1350 15.1 8542
1360 17.4 8716
1370 20.4 8920
1380 14.8 9068
1390 18.1 9249
1400 15.6 9405
1410 19.3 9598
1420 9 9688
1430 20.3 9891
1440 19.5 10086
1450 15.6 10242
1460 13.1 10373
1470 22 10593
1480 18 10773
1490 14.4 10917
1500 8 10997
1510 2.7 11024
1520 0 11024
1530 0 11024
1540 0 11024
1550 0 11024
1560 0 11024
1570 0 11024
1580 0 11024
1590 0 11024
1600 0 11024
1610 0 11024
1620 0 11024
1630 0 11024
1640 0 11024
1650 0 11024
1660 0 11024
1670 0 11024
1680 0 11024
1690 0 11024
1700 0 11024
1710 0 11024
1720 0 11024
1730 0 11024
1740 0 11024
1750 0 11024
1760 0 11024
1770 0 11024
1780 0 11024
1790 0 11024
1800 0 11024
1810 0 11024
1820 0.3 11027
1830 0.2 11029
1840 0 11029
1850 0 11029
1860 0 11029
1870 0 11029
1880 0 11029
1890 0 11029
1900 0.2 11031
1910 0 11031
1920 0 11031
1930 0 11031
1940 0 11031
1950 0 11031
1960 0 11031
1970 0 11031
1980 0 11031
1990 0 11031
2000 0 11031
2010 0 11031
2020 0 11031
2030 0 11031
2040 0 11031
2050 0 11031
2060 0 11031
2070 0 11031
2080 0 11031
2090 0 11031
2100 0 11031
2110 0 11031
2120 0 11031
2130 0 11031
2140 0 11031
2150 0 11031
2160 0 11031
2170 0 11031
2172 0 11031
