0 8.1 81
10 19.9 280
20 19.4 474
30 14.4 618
40 15.8 776
50 17.4 950
60 11.2 1062
70 15.4 1216
80 21.5 1431
90 17.6 1607
100 12 1727
110 20.2 1929
120 13.2 2061
130 13.9 2200
140 15.3 2353
150 20.3 2556
160 13.4 2690
170 12.5 2815
180 20.6 3021
190 16.1 3182
200 16.2 3344
210 17.4 3518
220 16.5 3683
230 15.2 3835
240 20.7 4042
250 14.7 4189
260 13.8 4327
270 18.4 4511
280 19.4 4705
290 16.6 4871
300 16.9 5040
310 10.9 5149
320 13.4 5283
330 8 5363
340 9.1 5454
350 14 5594
360 10.8 5702
370 8.9 5791
380 5.2 5843
390 6.8 5911
400 16.4 6075
410 14.4 6219
420 10.9 6328
430 14.6 6474
440 16 6634
450 16.3 6797
460 14.3 6940
470 13.8 7078
480 12.6 7204
490 13 7334
500 11.2 7446
510 14.4 7590
520 12.7 7717
530 13.1 7848
540 11 7958
550 13.2 8090
560 16.1 8251
570 13.6 8387
580 13.1 8518
590 10.5 8623
600 14.9 8772
610 12.6 8898
620 12 9018
630 16.6 9184
640 14.8 9332
650 9.6 9428
660 11.8 9546
670 14.4 9690
680 12.2 9812
690 13.8 9950
700 12.4 10074
710 12 10194
720 15.8 10352
730 14.1 10493
740 13.4 10627
750 13.8 10765
760 8.4 10849
770 14.2 10991
780 13 11121
790 15.8 11279
800 13.4 11413
810 16 11573
820 15.6 11729
830 11.8 11847
840 11.6 11963
850 11.3 12076
860 15 12226
870 11.8 12344
880 10 12444
890 11.1 12555
900 11.5 12670
910 22.2 12892
920 29.3 13185
930 22.5 13410
940 30.2 13712
950 25.7 13969
960 21.4 14183
970 29.7 14480
980 20.2 14682
990 25.8 14940
1000 27.8 15218
1010 21.7 15435
1020 20.1 15636
1030 25.7 15893
1040 18.9 16082
1050 16.8 16250
1060 25.4 16504
1070 25 16754
1080 25 17004
1090 23.5 17239
1100 23.2 17471
1110 26.1 17732
1120 19 17922
1130 21.6 18138
1140 29.4 18432
1150 17.3 18605
1160 14.6 18751
1170 28.7 19038
1180 22 19258
1190 16.9 19427
1200 26 19687
1210 28.8 19975
1220 21.9 20194
1230 23.3 20427
1240 24.7 20674
1250 28.7 20961
1260 19.4 21155
1270 18.6 21341
1280 27.2 21613
1290 25.1 21864
1300 22.1 22085
1310 27.6 22361
1320 19.9 22560
1330 26.3 22823
1340 22.6 23049
1350 25.1 23300
1360 28 23580
1370 20.5 23785
1380 24.3 24028
1390 26.5 24293
1400 28.6 24579
1410 14.1 24720
1420 33 25050
1430 27 25320
1440 17.6 25496
1450 16.4 25660
1460 31.1 25971
1470 20.8 26179
1480 18.9 26368
1490 31.4 26682
1500 27.2 26954
1510 12.1 27075
1520 7.4 27149
1530 5.6 27205
1540 8.2 27287
1550 9.1 27378
1560 9 27468
1570 7.3 27541
1580 5.6 27597
1590 6.1 27658
1600 5.4 27712
1610 7 27782
1620 15.3 27935
1630 9.8 28033
1640 10.4 28137
1650 12.2 28259
1660 10.8 28367
1670 8.1 28448
1680 6.2 28510
1690 10.3 28613
1700 9.4 28707
1710 9.3 28800
1720 12.5 28925
1730 11.9 29044
1740 9.3 29137
1750 8.4 29221
1760 2.8 29249
1770 1.5 29264
1780 2.2 29286
1790 4.3 29329
1800 2.2 29351
1810 8.7 29438
1820 4.5 29483
1830 7.4 29557
1840 5.2 29609
1850 1 29619
1860 7.6 29695
1870 4.9 29744
1880 7.5 29819
1890 4.9 29868
1900 6.8 29936
1910 10.8 30044
1920 9.3 30137
1930 10.7 30244
1940 8.4 30328
1950 7.3 30401
1960 7.1 30472
1970 6 30532
1980 4.9 30581
1990 5.4 30635
2000 5.9 30694
2010 6.2 30756
2020 5.7 30813
2030 6.1 30874
2040 6 30934
2050 3.3 30967
2060 1.1 30978
2070 2.3 31001
2080 6.8 31069
2090 5.8 31127
2100 4.6 31173
2110 3.7 31210
2120 5.5 31265
2130 5.5 31320
2140 4.9 31369
2150 3 31399
2160 1.4 31413
2170 0.5 31418
2172 0.1 31419
