0 8.1 190.22224030671296 88.96375175184154 461.43896484375 38.305908203125 0 0
10 19.9 298.6354906858512 351.22455276477103 1935.5029296875 36.10595703125 190.22224030671296 81
20 19.4 727.181381382893 1136.2109681831196 4915.423095703125 36.10595703125 267.2730861118862 280
30 14.4 6333.32541232639 1847.3516935306216 10946.69677734375 36.10595703125 455.5055951468552 474
40 20.4 6246.410444671033 3834.1682502667877 12808.887939453125 23.13916015625 1825.094678761504 618
50 22.6 6704.481800720756 4243.708534684795 22298.748046875 23.13916015625 2922.3555257755474 822
60 18 7183.538890245226 5816.11555354737 22298.748046875 23.13916015625 3737.9667262885405 1048
70 22.1 8112.394622940815 5911.560238631989 22298.748046875 23.09912109375 4243.018020679586 1228
80 26.5 6739.557868698407 4098.871376382602 22887.22119140625 22.866943359375 4833.171387898172 1449
90 22.6 6044.110775027655 3959.496324240014 22887.22119140625 22.202880859375 5127.916088838699 1714
100 23.6 5603.2531986559825 5576.109735132119 22887.22119140625 22.202880859375 5234.6480471266905 1940
110 22.4 8905.444617135185 4683.179562187347 23518.901123046875 22.202880859375 5274.625444075639 2176
120 19.7 5491.974693646888 4246.459520330714 23518.901123046875 22.202880859375 5613.501900227864 2400
130 19.9 8069.481161913083 5926.502835740583 29271.741943359375 22.202880859375 5604.283240352449 2597
140 22.4 8268.01734488351 6020.176895266334 29271.741943359375 22.202880859375 5779.7390294764 2796
150 22.7 7436.228132743668 4231.839261804089 29271.741943359375 22.202880859375 5964.300070089378 3020
160 19.3 5506.437586018458 4274.843867455964 29271.741943359375 22.202880859375 6067.203571851782 3247
170 20 7121.957535400391 5738.310053411648 29271.741943359375 22.202880859375 6035.741991832644 3440
180 23.1 8666.900418104022 4823.30732703933 29271.741943359375 22.202880859375 6095.424164556147 3640
190 23.5 5460.114920628324 4361.060076349391 29271.741943359375 22.1650390625 6248.87573122356 3871
200 22.7 6287.741585214758 4522.282898784931 29271.741943359375 22.1650390625 6203.732333637131 4106
210 24 7832.943252563477 5640.746644642169 29271.741943359375 22.1650390625 6208.133464518303 4333
220 21.4 5172.47140702577 3968.935561446723 29271.741943359375 22.1650390625 6293.406665727759 4573
230 23.5 6436.5171968500645 5054.149344849112 29271.741943359375 22.1650390625 6243.295918837802 4787
240 25.8 7313.525293158004 4614.20793087986 29271.741943359375 22.1650390625 6252.337535789789 5022
250 20 5557.476673583982 4213.681655710464 29271.741943359375 22.1650390625 6304.191028479372 5280
260 21.3 7110.739728900749 5504.67723841474 29271.741943359375 22.02880859375 6276.938679760563 5480
270 22.1 8088.603235028989 4785.056603136155 29271.741943359375 22.02880859375 6308.134819487746 5693
280 27.4 5667.62633475422 4070.9211512895004 29271.741943359375 22.02880859375 6374.6690636261665 5914
290 22.9 6763.6643503513915 4559.749317982909 29271.741943359375 22.02880859375 6343.361741759503 6188
300 20.6 7200.941392028216 4728.987319469268 29271.741943359375 22.02880859375 6358.360853083726 6417
310 10.9 10806.556468158687 2321.2797856809048 29271.741943359375 22.02880859375 6384.568250188146 6623
320 13.4 12433.450896761311 3485.760651787427 29271.741943359375 22.02880859375 6456.1660986371635 6732
330 8 12103.406481933594 1924.1036849055608 29271.741943359375 22.02880859375 6572.821525807079 6866
340 9.4 15501.69542418135 3490.743730426 29271.741943359375 22.02880859375 6636.519596133902 6946
350 14 13023.85871407645 3512.713692055994 29271.741943359375 22.02880859375 6754.8898415652175 7040
360 11 11827.48428622159 4271.948319062299 29271.741943359375 22.02880859375 6877.126003424768 7180
370 8.9 13778.574860647823 2900.704697635073 29271.741943359375 22.02880859375 6951.822767637066 7290
380 6.2 15087.293850806447 7227.737775880863 31805.3349609375 22.02880859375 7034.161964855924 7379
390 7 20863.628745814738 4014.933026307965 31805.3349609375 22.02880859375 7101.262378366062 7441
400 16.4 16596.370605468743 5935.464632374651 32436.66796875 22.02880859375 7229.523015527746 7511
410 14.4 6864.137829250758 3373.5893204953218 32436.66796875 22.02880859375 7429.674547091306 7675
420 10.9 8479.765651877864 2036.4618178713945 32436.66796875 22.02880859375 7419.259239843699 7819
430 14.6 7645.596254949699 2321.3119032523814 32436.66796875 22.02880859375 7433.839865337105 7928
440 16 5953.138249206543 2336.95298832821 32436.66796875 22.02880859375 7437.668999952344 8074
450 16.3 5417.891433809432 1745.5109105655147 32436.66796875 22.02880859375 7408.822155147956 8234
460 14.3 6322.020625614618 1810.5922316053072 32436.66796875 22.02880859375 7370.17481591035 8397
470 13.8 6776.577449190444 2227.2350045303992 32436.66796875 22.02880859375 7352.623756283619 8540
480 12.6 8785.666939871655 2391.5176113321068 32436.66796875 22.02880859375 7343.463305675315 8678
490 13 7804.175779371995 2532.6614111993385 32436.66796875 22.02880859375 7364.103657550456 8804
500 11.2 9330.332257952005 2406.977420370765 32436.66796875 22.02880859375 7370.507214281684 8934
510 14.4 7822.895316229926 2916.5362988438947 32436.66796875 22.02880859375 7394.772127490957 9046
520 12.7 7944.360616849163 2200.881426161661 32436.66796875 22.02880859375 7401.4804777824065 9190
530 13.1 8601.080434085763 2608.8166638712255 32436.66796875 22.02880859375 7408.880475384797 9317
540 11 9927.011940696022 2512.3275762683 32436.66796875 22.02880859375 7425.410766937488 9448
550 13.2 9716.839705033735 2827.6041970684173 32436.66796875 22.02880859375 7454.200903902694 9558
560 16.1 8993.81908118206 2509.307298610414 32436.66796875 22.02880859375 7485.023228128628 9690
570 13.6 7665.566424201516 2029.7895946874357 32436.66796875 22.02880859375 7509.682260951855 9851
580 13.1 9429.73074084565 2230.6055894780097 32436.66796875 22.02880859375 7511.8050451915615 9987
590 10.5 10821.613997395836 2404.750701564748 32436.66796875 22.02880859375 7536.636856431993 10118
600 14.9 11270.069580078125 2745.029225110176 32436.66796875 22.02880859375 7570.376717510072 10223
610 12.6 9817.686728825649 2763.994646098394 32436.66796875 22.02880859375 7623.525024155139 10372
620 12 10025.29412231445 2374.31328084637 32436.66796875 22.02880859375 7649.859980793402 10498
630 16.6 9081.338745117186 2554.7632631998604 32436.66796875 22.02880859375 7676.70610030579 10618
640 14.8 7568.882325868349 2116.00775696942 32436.66796875 22.02880859375 7698.327856522285 10784
650 11.3 8985.167834796739 4208.689423318132 32436.66796875 22.02880859375 7696.575392331215 10932
660 11.8 14089.717802403336 2084.3379633677873 32436.66796875 22.02880859375 7709.75881885893 11045
670 14.4 12654.58419121636 3498.8794910500783 32436.66796875 22.02880859375 7777.199037443382 11163
680 12.2 9999.755813348489 2626.4957904508674 32436.66796875 22.02880859375 7839.31484730836 11307
690 13.8 10495.190132472824 2144.4760553651595 32436.66796875 22.02880859375 7862.376689801745 11429
700 13.7 10507.754114749658 4417.147919828387 32436.66796875 22.02880859375 7893.787449297604 11567
710 12 11324.098262532552 2576.9735741609356 32436.66796875 22.02880859375 7924.384974346043 11704
720 16.8 8847.865969703307 3830.1996383772484 32436.66796875 22.02880859375 7958.888153860792 11824
730 14.4 10108.231055365664 6012.099163245152 37164.3291015625 22.02880859375 7971.342145943976 11992
740 13.4 9496.353391732742 2527.4175048285874 37189.0869140625 22.02880859375 7996.697452713646 12136
750 14 9595.011994280132 6618.095848388057 44203.55517578125 22.02880859375 8013.075113335371 12270
760 11.6 9503.645038473194 10247.685939256498 48321.88720703125 22.02880859375 8030.921298938293 12410
770 14.8 14676.733053671347 8805.712617447118 49507.154052734375 22.02880859375 8044.559807144109 12526
780 13 8762.961529071514 6497.164568398088 54732.42822265625 22.02880859375 8122.006677941492 12674
790 15.8 9598.725318618968 9599.656139806284 57692.39404296875 22.02880859375 8128.514342003262 12804
800 13.4 10023.449138584423 10166.793208862899 57692.39404296875 22.02880859375 8146.435444788734 12962
810 16.1 10573.303868643243 8296.401013948856 57692.39404296875 22.02880859375 8165.641296573142 13096
820 15.5 9109.716584236385 3595.9264803450587 57692.39404296875 22.02880859375 8194.881220696496 13257
830 11.8 9914.745133739407 2257.0208282031667 57692.39404296875 22.02880859375 8205.45380355876 13412
840 11.8 11612.646205061574 2905.0880719385223 57692.39404296875 22.02880859375 8220.361148493077 13530
850 12.2 12199.24771668481 4258.878638598261 57692.39404296875 22.02880859375 8249.690693970442 13648
860 15.3 12426.278149573627 3524.4734083274993 57692.39404296875 22.02880859375 8284.683138180402 13770
870 13.4 9914.154182092467 4861.947815617512 57692.39404296875 22.02880859375 8330.195171272635 13923
880 10.9 12082.37620502437 4511.99337354666 57692.39404296875 22.02880859375 8345.294446185479 14057
890 11.6 13978.374052902747 3937.9547409667252 57692.39404296875 22.02880859375 8374.049346066422 14166
900 18.3 8414.359917979426 6905.255942853824 57692.39404296875 22.02880859375 8419.568297613336 14282
910 30.2 7537.186457147662 5878.546875878947 57692.39404296875 22.02880859375 8419.502405219764 14465
920 40.1 4020.135500482193 3612.157990413589 57692.39404296875 22.02880859375 8401.45815680656 14767
930 40.3 3409.5505074247817 3407.1458978463543 57692.39404296875 22.02880859375 8285.628094492078 15168
940 39.3 4447.361076529696 3386.90319698863 57692.39404296875 22.02880859375 8159.428154373389 15571
950 44.2 3303.2788682480195 3292.661674520381 57692.39404296875 22.02880859375 8068.044894439001 15964
960 36.2 4077.079670099922 3707.6202262171464 57692.39404296875 22.02880859375 7939.675603717532 16406
970 40 4120.59184020996 3341.5790941193823 57692.39404296875 22.02880859375 7856.287022612476 16768
980 36 3825.5341206868475 3627.0261919052 57692.39404296875 22.02880859375 7769.248458250815 17168
990 37.8 4621.234202551458 3811.65822806287 57692.39404296875 22.02880859375 7688.250217634484 17528
1000 38.8 4369.436442267032 3883.7440438150293 57692.39404296875 22.02880859375 7623.504766182379 17906
1010 37.5 3854.2883645833326 4039.6116627396264 57692.39404296875 22.02880859375 7554.488776804487 18294
1020 34.7 5165.403348455504 4711.999445616285 57692.39404296875 22.02880859375 7480.16368415984 18669
1030 36.2 3955.598928209165 3491.4203485813114 57692.39404296875 22.02880859375 7437.924420566581 19016
1040 35.3 4053.126325828833 3983.7037893194943 57692.39404296875 22.02880859375 7372.871173160585 19378
1050 33.2 4705.322514913165 4915.168567292088 57692.39404296875 22.02880859375 7313.478849856743 19731
1060 34.6 5484.072760256726 4140.363775247156 57692.39404296875 22.02880859375 7270.319406941862 20063
1070 38.8 3665.649268710736 3490.7071910139057 57692.39404296875 22.02880859375 7240.0366228881085 20409
1080 40.3 4426.211831066805 4114.128798781878 57692.39404296875 22.02880859375 7173.350932960676 20797
1090 41.8 3163.0642697274975 3190.7805407540864 57692.39404296875 22.02880859375 7121.1293736180705 21200
1100 37.6 4815.269407881068 4170.372298559176 57692.39404296875 22.02880859375 7044.5972608682205 21618
1110 38.8 4151.670642970766 3483.9674071776863 57692.39404296875 22.02880859375 7006.485627117053 21994
1120 32 4350.919545745851 3830.5811492512435 57692.39404296875 22.02880859375 6956.996385143648 22382
1130 34.9 4546.10564713355 3969.715820913988 57692.39404296875 22.02880859375 6920.26197458038 22702
1140 39.1 4389.02904274396 3400.8886992285434 57692.39404296875 22.02880859375 6884.316438235799 23051
1150 33.7 3965.528553586331 4109.490530706927 57692.39404296875 22.02880859375 6842.696381430181 23442
1160 30.2 4848.491931233178 5171.586278839327 57692.39404296875 22.02880859375 6801.92067353736 23779
1170 39.2 5124.596563845263 4244.7686974745575 57692.39404296875 22.02880859375 6777.422709159807 24081
1180 39.4 3326.542552967362 3649.046875520338 57692.39404296875 22.02880859375 6750.948314971792 24473
1190 33.4 4926.467671103105 5087.561262947137 57692.39404296875 22.02880859375 6696.691031414075 24867
1200 40.2 4639.615103802276 4357.7554534941155 57692.39404296875 22.02880859375 6673.229478208096 25201
1210 44.8 3546.4161676679337 3048.963041120521 57692.39404296875 22.02880859375 6641.299119323937 25603
1220 41.4 3815.708401150174 3731.3901891072346 57692.39404296875 22.02880859375 6588.076303987025 26051
1230 39.8 4084.807195155465 3907.025725191901 57692.39404296875 22.02880859375 6544.707314311058 26465
1240 44.9 3671.2744108000397 3693.192148075533 57692.39404296875 22.02880859375 6508.261636336747 26863
1250 43.3 3647.5089615960605 3418.9059555384347 57692.39404296875 22.02880859375 6461.622530293031 27312
1260 39 3526.056155473758 3832.2199004696367 57692.39404296875 22.02880859375 6417.70430447772 27745
1270 37.1 4671.910974877856 5004.132179541544 57692.39404296875 22.02880859375 6377.6210353072365 28135
1280 42.2 4018.6843140226933 3929.882948216601 57692.39404296875 22.02880859375 6355.4215533588995 28506
1290 42.2 3388.1383484754515 3156.4028353298195 57692.39404296875 22.02880859375 6321.333364925552 28928
1300 41.8 4285.301202947444 4298.213666282112 57692.39404296875 22.02880859375 6279.159317329575 29350
1310 42.5 3598.074455422794 3530.1273291158354 57692.39404296875 22.02880859375 6251.161712794109 29768
1320 42.2 3490.6333765689797 3842.1236951470064 57692.39404296875 22.02880859375 6213.816563773383 30193
1330 41 4325.818843487987 3846.4288833214096 57692.39404296875 22.02880859375 6176.279954104911 30615
1340 41.5 3653.8000347091497 3722.5775869348095 57692.39404296875 22.02880859375 6151.825834673712 31025
1350 40.2 4087.2799315191637 3803.42843419575 57692.39404296875 22.02880859375 6118.852529744155 31440
1360 45.4 3608.4114629938726 3156.141461914736 57692.39404296875 22.02880859375 6093.204260650302 31842
1370 40.9 3327.766391446362 3673.8994408347858 57692.39404296875 22.02880859375 6058.274364374107 32296
1380 39.1 4756.2791932245 4308.19877646708 57692.39404296875 22.02880859375 6024.127360523703 32705
1390 44.6 4016.5742258662067 3723.419718335595 57692.39404296875 22.02880859375 6009.148854558814 33096
1400 44.2 3254.8368897589085 2936.03478323232 57692.39404296875 22.02880859375 5982.654063419439 33542
1410 33.4 3930.637918255287 4608.782482752631 57692.39404296875 22.02880859375 5947.1757444823525 33984
1420 42 4935.399343726753 4285.3991299361915 57692.39404296875 22.02880859375 5927.549786269175 34318
1430 47.3 2975.3078530696703 2880.3680646336056 57692.39404296875 22.02880859375 5915.554185317254 34738
1440 37.1 4201.762357069154 4510.693290188744 57692.39404296875 22.02880859375 5876.056968108055 35211
1450 32 4213.1668884277315 4587.848777431729 57692.39404296875 22.02880859375 5858.599734093795 35582
1460 44.2 4472.075569256394 3941.3204304000847 57692.39404296875 21.932861328125 5843.933740260216 35902
1470 42.8 3094.263198995145 3382.4064943358285 57692.39404296875 21.932861328125 5827.249794861149 36344
1480 36.9 4429.3597402185 4633.073043629505 57692.39404296875 21.932861328125 5795.439769215804 36772
1490 45.8 4522.030109788666 3988.4142066290146 57692.39404296875 21.932861328125 5781.867610935196 37141
1500 35.2 3825.5463596690793 2656.7316673738105 57692.39404296875 21.932861328125 5766.521309822797 37599
1510 14.8 7906.042371595229 4239.273570727874 57692.39404296875 21.932861328125 5748.518538289659 37951
1520 7.4 14249.345330315668 2361.6112551376327 57692.39404296875 21.932861328125 5756.899690743246 38099
1530 5.6 17839.04657418388 1834.489757289913 57692.39404296875 21.932861328125 5773.362661359345 38173
1540 8.2 21468.864647842034 2231.016283609343 57692.39404296875 21.932861328125 5791.037157137895 38229
1550 9.1 16642.152005709126 3620.302775957653 57692.39404296875 21.932861328125 5824.593625364716 38311
1560 9 13990.539607747396 3489.604273754331 57692.39404296875 21.932861328125 5850.227649962689 38402
1570 7.3 16168.922674309717 2188.090091960246 57692.39404296875 21.932861328125 5869.260905605435 38492
1580 5.6 18726.46901593889 2766.5025255049127 57692.39404296875 21.932861328125 5888.757218560587 38565
1590 6.1 21249.841840900357 3669.588819767627 57692.39404296875 21.932861328125 5907.3717510857205 38621
1600 5.4 21214.241129557293 2085.188890803534 57692.39404296875 21.932861328125 5931.5662259184255 38682
1610 7 20366.188431222105 3421.228544424576 57692.39404296875 21.932861328125 5952.871070114948 38736
1620 15.3 8137.879630693422 6635.086573944692 57692.39404296875 21.932861328125 5978.870457201418 38806
1630 9.8 3054.9298693598525 2050.780874993346 57692.39404296875 21.932861328125 5987.349329953395 38959
1640 10.4 2867.8066828801084 2183.2769901920033 57692.39404296875 21.932861328125 5979.991440019755 39057
1650 12.2 2842.243037989883 2322.079408582042 57692.39404296875 21.932861328125 5971.726400446135 39161
1660 10.8 2515.7102186414927 2269.6813498630204 57692.39404296875 21.932861328125 5962.007260609064 39283
1670 8.1 3097.414143880209 2456.1039662836592 57692.39404296875 21.932861328125 5952.558399688232 39391
1680 6.2 6377.405100176411 2785.6020423190866 57692.39404296875 21.932861328125 5946.6993936910585 39472
1690 10.3 4981.007376365291 3557.8830218962544 57692.39404296875 21.932861328125 5947.374856679931 39534
1700 9.4 3950.443780127992 2767.9658496096954 57692.39404296875 21.932861328125 5944.863671411813 39637
1710 9.3 4839.628908875168 2892.5080286894286 57692.39404296875 21.932861328125 5940.145051951425 39731
1720 12.5 3598.3280546875003 2698.6735692487023 57692.39404296875 21.932861328125 5937.575043883273 39824
1730 11.9 2296.4188776096375 1885.038708435158 57692.39404296875 21.932861328125 5930.255564706085 39949
1740 9.3 4448.89150968162 2694.2736331092938 57692.39404296875 21.932861328125 5919.463247501221 40068
1750 8.4 4956.652648925782 2410.407389484931 57692.39404296875 21.932861328125 5916.057874835769 40161
1760 2.8 4662.093776157924 4085.197382396537 57692.39404296875 21.932861328125 5914.055389086572 40245
1770 1.5 16307.326171875 6758.748407309732 57692.39404296875 21.932861328125 5913.184956658842 40273
1780 2.2 25494.54649769176 5111.846612176149 57692.39404296875 21.932861328125 5917.054896050925 40288
1790 4.3 23945.689526934955 11584.857143250232 57692.39404296875 21.932861328125 5927.739709130461 40310
1800 2.2 19494.859241832393 16425.125798557026 57692.39404296875 21.932861328125 5946.939566443811 40353
1810 8.7 8096.829727348238 11861.535661796792 57692.39404296875 21.932861328125 5954.321714626066 40375
1820 4.8 13931.570129394531 20460.156690408396 60028.2451171875 21.932861328125 5958.928461625888 40462
1830 7.6 7589.143384431536 14130.3522181269 60197.674072265625 21.932861328125 5968.375185892808 40510
1840 5.2 10542.531334510217 16694.671682441447 60197.674072265625 21.932861328125 5971.410182765842 40586
1850 1 20179.266479492188 20464.475897061056 60197.674072265625 21.932861328125 5977.259346107805 40638
1860 7.6 10343.112863641036 11128.645528502195 60197.674072265625 21.932861328125 5980.753246701533 40648
1870 4.9 12751.080317283164 15883.574474065372 60197.674072265625 21.932861328125 5988.89437554171 40724
1880 7.5 8168.068675130208 14849.598945524083 60197.674072265625 21.932861328125 5997.021006183197 40773
1890 4.9 6269.1838179607785 12700.703414368794 60197.674072265625 21.932861328125 6001.007212978414 40848
1900 7 9450.549194335938 14862.516535706029 60197.674072265625 21.932861328125 6001.328523921616 40897
1910 10.8 3641.036530671296 11566.146850858262 60197.674072265625 21.932861328125 6007.2221809365055 40967
1920 9.3 7210.7637480048725 14399.066073758515 60197.674072265625 21.932861328125 6001.000682452545 41075
1930 10.7 4349.9204786068885 8742.955761052837 60197.674072265625 21.932861328125 6003.733580944004 41168
1940 8.4 3825.43411109561 4765.111544579922 60197.674072265625 21.932861328125 5999.446288346788 41275
1950 7.3 4971.556108866654 3502.1887176412606 60197.674072265625 21.932861328125 5995.030876395602 41359
1960 7.1 5832.5326254401425 3437.785692331189 60197.674072265625 21.932861328125 5993.227592508037 41432
1970 6 6601.162044270833 4098.2153690150835 60197.674072265625 21.932861328125 5992.952688461056 41503
1980 4.9 9227.993597536666 4219.938583678675 60197.674072265625 21.932861328125 5993.830694412228 41563
1990 5.4 9148.008083767365 5467.27963717716 60197.674072265625 21.932861328125 5997.639066570574 41612
2000 5.9 8695.611108812232 5201.531116639679 60197.674072265625 21.932861328125 6001.722010143959 41666
2010 6.2 9395.614084551413 5477.933475398163 60197.674072265625 21.932861328125 6005.5312242079835 41725
2020 5.7 6784.342880516721 5677.520537421649 60197.674072265625 21.932861328125 6010.561141104178 41787
2030 6.1 7630.866963370901 4255.658486210574 60197.674072265625 21.932861328125 6011.615188497986 41844
2040 6 5096.8001180013025 3448.571220539349 60197.674072265625 21.932861328125 6013.9722904731025 41905
2050 3.3 7260.828487511837 7969.685955841207 60197.674072265625 21.932861328125 6012.660951730143 41965
2060 1.1 15749.530029296875 11403.958796614177 60197.674072265625 21.932861328125 6013.641701496342 41998
2070 2.3 19590.35486370584 11823.891430606327 60197.674072265625 21.932861328125 6016.19103072593 42009
2080 6.8 11130.397654813878 14311.07119507213 60197.674072265625 21.932861328125 6023.618842111507 42032
2090 5.8 7476.613992625269 16724.278200993387 60197.674072265625 21.932861328125 6031.8673209538765 42100
2100 4.6 4829.0561788807745 14015.219943896036 60197.674072265625 21.932861328125 6033.854969963719 42158
2110 3.7 7400.664082295186 18115.16809122569 60197.674072265625 21.932861328125 6032.541806652426 42204
2120 5.5 10696.397598544034 19285.130488547362 60197.674072265625 21.932861328125 6033.740180843349 42241
2130 5.5 6485.292294034091 12342.189603360026 60197.674072265625 21.932861328125 6039.80331111509 42296
2140 4.9 1892.5415288185584 4560.0268578047 60197.674072265625 21.932861328125 6040.381854574761 42351
2150 3 150.19945475260417 289.50954300343784 60197.674072265625 21.932861328125 6035.588359858675 42400
2160 1.4 268.3255092075893 672.317925280748 60197.674072265625 21.932861328125 6031.427113873448 42430
2170 0.5 80.4607421875 3.0563432753357507 60197.674072265625 21.932861328125 6029.526175638001 42444
2172 0.1 82.593994140625 0.0 60197.674072265625 21.932861328125 6028.825444709893 42449
