0 3.2 2797.3821182250977 1814.8971674982674 7421.68408203125 552.802978515625 0 0
10 4.1 4327.319979039634 4273.290791368968 17404.944091796875 287.14306640625 2797.3821182250977 32
20 3.7 6388.556930954392 5591.832323167072 20657.949951171875 287.14306640625 3656.6622866277826 73
30 3.4 11581.083316578584 7225.012263833845 31625.64697265625 287.14306640625 4575.572303355824 110
40 8.4 14987.259966169086 11998.036654333717 45468.578857421875 287.14306640625 6229.651292588976 144
50 8.3 15929.600338855422 14479.537381754464 54104.026123046875 171.98095703125 9456.138698644805 228
60 9.5 17369.124013157896 17525.729973872978 59718.597900390625 171.98095703125 11183.782801980758 311
70 9.9 20228.066926590123 19113.1300962114 70049.373046875 171.98095703125 12631.091706073932 406
80 10.2 22966.740203259033 25219.526059039945 83840.36108398438 171.98095703125 14120.399719600868 505
90 8.8 20723.249833540478 23739.46424295326 91885.97900390625 171.98095703125 15606.934693790543 607
100 13.1 20839.524647021113 24975.92664633475 100251.11694335938 171.98095703125 16254.755891341614 695
110 7.2 16084.619181315104 20331.745300810813 103126.6728515625 171.98095703125 16981.880233949378 826
120 9.3 22845.72151430192 25726.558066115827 106161.22900390625 171.98095703125 16909.939481399637 898
130 9.4 23895.33011188913 30557.354047240635 131345.01098632813 171.98095703125 17466.980580350104 991
140 10.8 25213.48802354601 32303.296641806377 141642.4150390625 161.23876953125 18023.90671487975 1085
150 8.1 25181.522313247493 32534.31154360704 150151.4619140625 161.23876953125 18674.765710132022 1193
160 9 27890.49265136719 36188.17609124604 162344.42797851563 161.23876953125 19088.460596201374 1274
170 10.2 23680.002233168667 27930.24031914871 162344.42797851563 161.23876953125 19669.239837378005 1364
180 7.9 18096.891842612735 21284.1577977621 162344.42797851563 161.23876953125 19948.296975420737 1466
190 10.5 25233.989855375745 31043.44385126039 177317.71606445313 161.23876953125 19853.629657950296 1545
200 9.9 26981.84336529356 36238.38036159382 180172.72583007813 161.23876953125 20196.01621596828 1650
210 10.5 24068.657042875744 34169.62422736069 194493.22705078125 161.23876953125 20580.119639514996 1749
220 8.2 25366.822584198744 28298.760685399 194493.22705078125 161.23876953125 20777.69052805484 1854
230 11.2 27201.047969273157 39133.294668739785 215651.841796875 161.23876953125 20972.06492299482 1936
240 10.7 21575.432270370904 24937.106253317324 215651.841796875 161.23876953125 21312.71243333817 2048
250 9.4 24991.34764586104 41914.941291877156 251553.373046875 161.23876953125 21325.756991371814 2155
260 10.7 25766.327586521613 40053.31466980357 259238.09399414063 161.23876953125 21478.965315747973 2249
270 8.6 18207.98917548602 22210.78154193478 259238.09399414063 161.23876953125 21673.679985940154 2356
280 13 19240.580474384013 24089.71143849545 259238.09399414063 161.23876953125 21551.628630617037 2442
290 11.1 23022.09199042793 26486.60496885642 259238.09399414063 161.23876953125 21434.818265022055 2572
300 8.8 22042.368222323337 24278.18892202395 259238.09399414063 161.23876953125 21500.486317023566 2683
310 2 15027.407885742188 4188.030000078694 259238.09399414063 161.23876953125 21517.695125275597 2771
320 2.1 56465.87924339658 40997.95213676696 259238.09399414063 161.23876953125 21471.186438500008 2791
330 1.1 57885.191517223015 41068.98714392733 259238.09399414063 161.23876953125 21732.52660525066 2812
340 1.2 52623.663635253906 43280.97125787124 259238.09399414063 161.23876953125 21873.397775648 2823
350 1.7 48251.10108857996 43649.101261491014 259238.09399414063 161.23876953125 22003.5576311384 2835
360 1.5 87572.45419921874 49693.18847843758 259238.09399414063 161.23876953125 22160.01213281319 2852
370 1.2 63361.11708577474 45546.14471036025 259238.09399414063 161.23876953125 22502.246744252356 2867
380 2 71262.57114257812 44555.000813801045 259238.09399414063 161.23876953125 22672.55117082348 2879
390 1.4 60834.70568847656 49999.75271643033 259238.09399414063 161.23876953125 23007.770349655868 2899
400 4.2 75348.50696963358 50242.23157595385 259238.09399414063 161.23876953125 23189.56818513252 2913
410 1.7 81060.28756893383 53447.33800205074 259238.09399414063 161.23876953125 23930.913507957914 2955
420 1 55688.18371582031 56001.08897483281 259238.09399414063 161.23876953125 24257.6966031923 2972
430 1.9 53582.702084189965 49955.9098036366 259238.09399414063 161.23876953125 24363.09729773498 2982
440 1.3 83064.76898662861 44191.81775185164 259238.09399414063 161.23876953125 24548.09312943863 3001
450 1.5 57869.59939778646 38564.43823708595 259238.09399414063 161.23876953125 24800.487550853184 3014
460 1.1 31779.061257102272 31285.12054389825 259238.09399414063 161.23876953125 24964.25007237976 3029
470 1.6 28764.88557434082 30457.414040576146 259238.09399414063 161.23876953125 24988.90892864027 3040
480 2 26912.974084472655 25134.657794426737 259238.09399414063 161.23876953125 25008.678439874304 3056
490 1 46378.14291992188 31576.730843341888 259238.09399414063 161.23876953125 25021.060076055048 3076
500 1.3 44771.10432316707 26077.936161089307 259238.09399414063 161.23876953125 25090.266436534203 3086
510 1.6 30773.876174926758 27738.867453871684 259238.09399414063 161.23876953125 25172.825614503297 3099
520 1.4 16287.405238560268 17142.467752320434 259238.09399414063 161.23876953125 25201.595055584123 3115
530 1.5 30213.781477864584 30034.937664529025 259238.09399414063 161.23876953125 25161.71053738715 3129
540 0.7 27835.026262555803 26280.848855280732 259238.09399414063 161.23876953125 25185.81392927874 3144
550 1.8 29794.626288519965 29766.062258996353 259238.09399414063 161.23876953125 25191.699199457395 3151
560 0.9 26298.260850694445 29429.75251857531 259238.09399414063 161.23876953125 25217.843941522122 3169
570 1.1 29124.709250710228 31365.443873271128 259238.09399414063 161.23876953125 25220.903649572014 3178
580 1.1 48606.6435546875 35099.87746092229 259238.09399414063 161.23876953125 25234.369269394065 3189
590 0.6 47906.509033203125 36573.41274712376 259238.09399414063 161.23876953125 25314.71146224976 3200
600 1.7 32143.613309972425 30263.86845203708 259238.09399414063 161.23876953125 25356.9918070488 3206
610 0.8 44725.18914794922 34960.592419629545 259238.09399414063 161.23876953125 25392.78844544461 3223
620 1 34840.79011230469 34329.07899608929 259238.09399414063 161.23876953125 25440.655732854095 3231
630 1 48462.26557617188 40272.627878737476 259238.09399414063 161.23876953125 25469.659541491706 3241
640 0.9 36480.899522569445 38202.620911703096 259238.09399414063 161.23876953125 25540.384260146522 3251
650 2.2 176593.43279474432 165378.38527723143 552813.5510253906 161.23876953125 25570.588136637874 3260
660 1.5 43749.41064453125 36008.59398097541 552813.5510253906 161.23876953125 26582.92896006211 3282
670 1.3 23195.97979266827 23121.042900052744 552813.5510253906 161.23876953125 26661.02942268481 3297
680 1.1 43058.004505504265 40552.97514020477 552813.5510253906 161.23876953125 26647.42046643399 3310
690 0.7 44291.96976143973 39310.79346458784 552813.5510253906 161.23876953125 26701.77651112829 3321
700 2 145266.16795654298 173730.69722311935 552813.5510253906 161.23876953125 26738.77511471969 3328
710 1.5 43536.22561848958 46980.115205582086 552813.5510253906 161.23876953125 27446.824056427115 3348
720 2.4 88103.01731363933 114898.99856260157 552813.5510253906 161.23876953125 27518.587667319454 3363
730 1.7 65730.6072064568 105693.18968591257 552813.5510253906 161.23876953125 27947.883891562644 3387
740 0.9 65477.73472764757 38943.00107131989 552813.5510253906 161.23876953125 28136.575517988378 3404
750 1.5 42426.53974609375 40072.179313733875 552813.5510253906 161.23876953125 28235.043268614492 3413
760 3.7 219452.67713392104 203343.93937295262 652880.2690429688 161.23876953125 28297.141415394595 3428
770 1.7 67127.05586511949 91220.12147403676 652880.2690429688 161.23876953125 30338.340498103247 3465
780 1.4 29411.58100237165 31911.695344075117 652880.2690429688 161.23876953125 30517.95226181355 3482
790 0.7 73557.85752650669 26193.13789988102 652880.2690429688 161.23876953125 30513.521713291757 3496
800 1 33318.826928710936 35764.37390893408 652880.2690429688 161.23876953125 30599.536657822875 3503
810 1.1 44406.78018465909 39451.37790570064 652880.2690429688 161.23876953125 30607.27730761191 3513
820 1.1 36299.53555575284 32710.146922433745 652880.2690429688 161.23876953125 30650.351805809278 3524
830 1.4 54878.86701311384 37973.9029824407 652880.2690429688 161.23876953125 30667.93059541306 3535
840 1 108287.74396972657 138308.07018579406 652880.2690429688 161.23876953125 30763.437247948368 3549
850 2 73976.95200195312 127376.62801560624 652880.2690429688 161.23876953125 30981.26334157517 3559
860 2.1 76825.56790597098 117160.25705169035 652880.2690429688 161.23876953125 31221.52983311123 3579
870 2.7 146494.522406684 188557.20365441803 652880.2690429688 161.23876953125 31487.553388536246 3600
880 1.7 113675.12313304227 165666.13422103296 652880.2690429688 161.23876953125 32343.684671549752 3627
890 1 117665.96440429687 235802.04900890737 818413.9670410156 161.23876953125 32723.112348236187 3644
900 7.7 147203.53285752336 208378.52212528037 818413.9670410156 161.23876953125 32955.5777342681 3654
910 13.7 59601.89589095294 143374.8597442466 818413.9670410156 161.23876953125 35313.41545726211 3731
920 17.5 48428.09232700894 135558.4792665745 818413.9670410156 161.23876953125 36173.684800440926 3868
930 22 52496.68409756746 140987.92621558055 879747.8029785156 161.23876953125 36704.113026300285 4043
940 17.4 31653.893675354706 111863.73113693741 891368.1469726563 161.23876953125 37519.11786694743 4263
950 24.5 34413.674040377875 114496.45136252095 891368.1469726563 161.23876953125 37289.109075120265 4437
960 22.3 25857.573809294423 89757.98033193791 891368.1469726563 161.23876953125 37138.643123921654 4682
970 19 19411.52128392269 70415.57845672677 891368.1469726563 161.23876953125 36625.76270452066 4905
980 21.6 30963.197677047163 100402.97593987681 891368.1469726563 161.23876953125 35983.8184709753 5095
990 19 24264.2849583676 86560.17539334949 891368.1469726563 161.23876953125 35779.62828240658 5311
1000 19.5 18093.517136167862 56498.50281457157 891368.1469726563 161.23876953125 35381.897827658824 5501
1010 20.8 25091.463689950797 91710.16391805529 891368.1469726563 161.23876953125 34790.03788474437 5696
1020 19.7 23965.831474807666 88961.4133409686 891368.1469726563 161.23876953125 34448.353699019935 5904
1030 17.8 18569.728223479207 54640.7529613911 891368.1469726563 161.23876953125 34109.875272832454 6101
1040 20.6 14730.444337122648 17497.949143250604 891368.1469726563 161.23876953125 33669.33598715243 6279
1050 21.3 16821.412234310803 40701.27949647709 891368.1469726563 161.23876953125 33067.73048523938 6485
1060 15.8 14399.595373998714 17784.707049434426 891368.1469726563 161.23876953125 32551.08883288826 6698
1070 21.6 15656.432316532837 21870.4815954306 891368.1469726563 161.23876953125 32132.778452709652 6856
1080 21.4 13897.09416754892 16535.591714989187 891368.1469726563 161.23876953125 31629.54163633321 7072
1090 24 13414.786663818359 19397.533707830127 891368.1469726563 161.23876953125 31108.714878397466 7286
1100 21.2 13696.58890058409 15576.602647381424 891368.1469726563 161.23876953125 30544.465240940783 7526
1110 20.2 15288.313147818688 21834.441601547165 891368.1469726563 161.23876953125 30082.879587780328 7738
1120 18.4 14143.700546928074 16626.529663105583 891368.1469726563 161.23876953125 29706.493892456365 7940
1130 19.8 14287.335369071576 16095.716721446652 891368.1469726563 161.23876953125 29354.013097825988 8124
1140 17.6 14235.202672784975 17007.820689392694 891368.1469726563 161.23876953125 28995.541313363912 8322
1150 20.3 18534.93375250152 33947.021630432864 891368.1469726563 161.23876953125 28689.843549096804 8498
1160 18.8 14266.274280304604 16764.192688886666 891368.1469726563 161.23876953125 28452.922886103028 8701
1170 18.9 12449.542140738675 14705.31701671406 891368.1469726563 161.23876953125 28152.879018638734 8889
1180 22.5 14234.0964702691 18885.7901286899 891368.1469726563 161.23876953125 27825.942394941543 9078
1190 20.2 16725.519740340736 23030.43388011906 891368.1469726563 161.23876953125 27497.21345448671 9303
1200 23.3 13184.308347513745 17140.339618525657 891368.1469726563 161.23876953125 27268.293714322852 9505
1210 24.4 11683.109871285864 15106.036596380316 891368.1469726563 161.23876953125 26931.307824975294 9738
1220 25.7 13730.850470041953 21396.308302947327 891368.1469726563 161.23876953125 26558.580886415864 9982
1230 24.1 12499.06381187597 15849.416749528496 891368.1469726563 161.23876953125 26236.603474851447 10239
1240 27.1 14016.834791570573 18751.837157071688 891368.1469726563 161.23876953125 25920.692495960502 10480
1250 25 13271.41380273437 27633.679848210268 891368.1469726563 161.23876953125 25620.632460811245 10751
1260 25.2 13600.715279715403 17259.154665457645 891368.1469726563 161.23876953125 25339.993912995662 11001
1270 23.5 14175.749818193151 21544.7227297202 891368.1469726563 161.23876953125 25077.104175540175 11253
1280 22 13307.028360262784 17406.380747032807 891368.1469726563 161.23876953125 24854.104673975362 11488
1290 24.5 12641.993187978316 15141.052111693967 891368.1469726563 161.23876953125 24637.12852185572 11708
1300 26.8 13775.672357815414 15319.735232628842 891368.1469726563 161.23876953125 24391.264876176814 11953
1310 23.4 12308.14762161124 14689.52488327589 891368.1469726563 161.23876953125 24158.470604437935 12221
1320 27.5 12685.878417968748 16666.141610141265 891368.1469726563 161.23876953125 23935.83105582441 12455
1330 22 12729.579053844109 16004.000057527395 891368.1469726563 161.23876953125 23692.803799311423 12730
1340 25.6 11585.136765480036 13728.302159999908 891368.1469726563 161.23876953125 23506.555965797696 12950
1350 23 14308.313865064538 21607.922357626318 891368.1469726563 161.23876953125 23275.45772899008 13206
1360 25.1 13348.898245883653 16475.264445978777 891368.1469726563 161.23876953125 23121.956457130684 13436
1370 27 12811.956664134834 17259.39139626425 891368.1469726563 161.23876953125 22942.732550429217 13687
1380 22.8 12230.577422560307 16230.374915866982 891368.1469726563 161.23876953125 22746.751358962603 13957
1390 27.4 13304.965814966352 16813.966426184194 891368.1469726563 161.23876953125 22577.72156287521 14185
1400 23 14054.538025433088 18234.699250917405 891368.1469726563 161.23876953125 22402.00159089049 14459
1410 23.4 13174.366358047875 14713.3203946737 891368.1469726563 161.23876953125 22271.297212099886 14689
1420 19.1 11610.340779409358 13966.787049414354 891368.1469726563 161.23876953125 22128.65284971644 14923
1430 28.3 14735.12568238599 18310.225265764177 891368.1469726563 161.23876953125 21995.729890511157 15114
1440 24.2 14228.81361073896 16534.60843873184 891368.1469726563 161.23876953125 21862.278504468457 15397
1450 21.5 10807.88685955668 12727.731206811844 891368.1469726563 161.23876953125 21744.157236850162 15639
1460 22.4 15021.861891610282 19855.45022857483 891368.1469726563 161.23876953125 21595.847779860247 15854
1470 28.6 13143.841502369702 16150.052608475127 891368.1469726563 161.23876953125 21504.258475284554 16078
1480 24.8 12803.276139782321 15628.60191119758 891368.1469726563 161.23876953125 21358.140212374896 16364
1490 23.7 11584.775863454315 15059.296910616335 891368.1469726563 161.23876953125 21230.42492884474 16612
1500 15.6 12666.86310127454 14113.965704733608 891368.1469726563 161.23876953125 21094.748103603033 16849
1510 4.3 25134.446760310682 17548.794123681964 891368.1469726563 161.23876953125 21017.432604610778 17005
1520 0.5 51000.62407226562 25669.054164468314 891368.1469726563 161.23876953125 21027.81690826488 17048
1530 0.1 37411.1630859375 0.0 891368.1469726563 161.23876953125 21036.605041486015 17053
1540 0.4 107481.54577636719 15510.774960239743 891368.1469726563 161.23876953125 21037.56520086472 17054
1550 0.3 104777.58430989583 9402.259561519748 891368.1469726563 161.23876953125 21057.835802476984 17058
1560 0.5 104283.1390625 4083.4732819429514 891368.1469726563 161.23876953125 21072.557052434327 17061
1570 0.7 112212.57170758929 10303.47042455815 891368.1469726563 161.23876953125 21096.93610493933 17066
1580 0.7 110520.36359514509 9545.698417379092 891368.1469726563 161.23876953125 21134.29388911426 17073
1590 1.2 112446.87052408855 10492.562255587854 891368.1469726563 161.23876953125 21170.92752423968 17080
1600 1.2 121166.0913289388 10980.391731469614 891368.1469726563 161.23876953125 21235.010798051884 17092
1610 1.6 127374.40950012207 8698.269413454786 891368.1469726563 161.23876953125 21305.12147195101 17104
1620 2.4 129674.32331339519 4579.705701730084 891368.1469726563 161.23876953125 21404.251647678273 17120
1630 0.2 147542.95446777344 6837.1925048828125 891368.1469726563 161.23876953125 21555.81964347722 17144
1640 0 0 0 891368.1469726563 161.23876953125 21570.515448309172 17146
1650 0 0 0 891368.1469726563 161.23876953125 21570.515448309172 17146
1660 0 0 0 891368.1469726563 161.23876953125 21570.515448309172 17146
1670 0 0 0 891368.1469726563 161.23876953125 21570.515448309172 17146
1680 0 0 0 891368.1469726563 161.23876953125 21570.515448309172 17146
1690 0 0 0 891368.1469726563 161.23876953125 21570.515448309172 17146
1700 0 0 0 891368.1469726563 161.23876953125 21570.515448309172 17146
1710 0 0 0 891368.1469726563 161.23876953125 21570.515448309172 17146
1720 0 0 0 891368.1469726563 161.23876953125 21570.515448309172 17146
1730 0 0 0 891368.1469726563 161.23876953125 21570.515448309172 17146
1740 0 0 0 891368.1469726563 161.23876953125 21570.515448309172 17146
1750 0 0 0 891368.1469726563 161.23876953125 21570.515448309172 17146
1760 0 0 0 891368.1469726563 161.23876953125 21570.515448309172 17146
1770 0 0 0 891368.1469726563 161.23876953125 21570.515448309172 17146
1780 0 0 0 891368.1469726563 161.23876953125 21570.515448309172 17146
1790 0 0 0 891368.1469726563 161.23876953125 21570.515448309172 17146
1800 0 0 0 891368.1469726563 161.23876953125 21570.515448309172 17146
1810 0 0 0 891368.1469726563 161.23876953125 21570.515448309172 17146
1820 0.3 376092.76676432294 35310.73795259628 891368.1469726563 161.23876953125 21570.515448309172 17146
1830 0.2 370390.94140625 336.04052734375 891368.1469726563 161.23876953125 21632.534618753398 17149
1840 0 0 0 891368.1469726563 161.23876953125 21673.203781692875 17151
1850 0 0 0 891368.1469726563 161.23876953125 21673.203781692875 17151
1860 0 0 0 891368.1469726563 161.23876953125 21673.203781692875 17151
1870 0 0 0 891368.1469726563 161.23876953125 21673.203781692875 17151
1880 0 0 0 891368.1469726563 161.23876953125 21673.203781692875 17151
1890 0 0 0 891368.1469726563 161.23876953125 21673.203781692875 17151
1900 0.2 428326.73095703125 17975.572021484375 891368.1469726563 161.23876953125 21673.203781692875 17151
1910 0 0 0 891368.1469726563 161.23876953125 21720.618639405853 17153
1920 0 0 0 891368.1469726563 161.23876953125 21720.618639405853 17153
1930 0 0 0 891368.1469726563 161.23876953125 21720.618639405853 17153
1940 0 0 0 891368.1469726563 161.23876953125 21720.618639405853 17153
1950 0 0 0 891368.1469726563 161.23876953125 21720.618639405853 17153
1960 0 0 0 891368.1469726563 161.23876953125 21720.618639405853 17153
1970 0 0 0 891368.1469726563 161.23876953125 21720.618639405853 17153
1980 0 0 0 891368.1469726563 161.23876953125 21720.618639405853 17153
1990 0.1 572603.6179199219 0.0 891368.1469726563 161.23876953125 21720.618639405853 17153
2000 0 0 0 891368.1469726563 161.23876953125 21752.732606951642 17154
2010 0 0 0 891368.1469726563 161.23876953125 21752.732606951642 17154
2020 0.1 603103.2971191406 0.0 891368.1469726563 161.23876953125 21752.732606951642 17154
2030 0.1 554350.8359375 0.0 891368.1469726563 161.23876953125 21786.62071913539 17155
2040 0.4 613454.8278198242 61076.36088943025 891368.1469726563 161.23876953125 21817.66316581401 17156
2050 0 0 0 891368.1469726563 161.23876953125 21955.57392680562 17160
2060 0 0 0 891368.1469726563 161.23876953125 21955.57392680562 17160
2070 0.2 577817.8809814453 5947.8358154296875 891368.1469726563 161.23876953125 21955.57392680562 17160
2080 0.5 610023.3149902343 13378.341735695747 891368.1469726563 161.23876953125 22020.352193564115 17162
2090 0.8 614249.3050231934 18385.217319534957 891368.1469726563 161.23876953125 22191.611867006377 17167
2100 0.7 632796.1906389509 22086.66175835401 891368.1469726563 161.23876953125 22467.38837619121 17175
2110 0.3 623005.0353190104 2711.8347971476524 891368.1469726563 161.23876953125 22716.038219971873 17182
2120 0.4 654048.4097900391 24850.735535547545 891368.1469726563 161.23876953125 22820.831178441298 17185
2130 1 647838.0128417969 14050.714979842624 891368.1469726563 161.23876953125 22967.722231698986 17189
2140 1 652259.845678711 7550.759240903635 891368.1469726563 161.23876953125 23331.040035414375 17199
2150 0.6 668903.8422851563 15010.627179148087 891368.1469726563 161.23876953125 23696.505086052588 17209
2160 0.7 674597.4116210938 6850.35390452621 891368.1469726563 161.23876953125 23921.38130000522 17215
2170 0.2 680330.3084716797 3776.7674560546875 891368.1469726563 161.23876953125 24185.85303454521 17222
2172 0 0 0 891368.1469726563 161.23876953125 24262.04259044827 17224
