0 15.6390625 15.6390625
10 46.2703125 61.909375
20 64.64453125 126.55390625
30 44.034375 170.58828125
40 52.978125 223.56640625
50 48.3734375 271.93984375
60 43.6328125 315.57265625
70 49.4984375 365.07109375
80 55.6234375 420.69453125
90 58.86015625 479.5546875
100 49.52109375 529.07578125
110 47.546875 576.62265625
120 47.04765625 623.6703125
130 43.44296875 667.11328125
140 39.48125 706.59453125
150 54.5609375 761.15546875
160 51.60625 812.76171875
170 43.30859375 856.0703125
180 49.8421875 905.9125
190 52.11875 958.03125
200 54.990625 1013.021875
210 46.74609375 1059.76796875
220 57.15234375 1116.9203125
230 51.79140625 1168.71171875
240 48.5984375 1217.31015625
250 54.6546875 1271.96484375
260 45.0484375 1317.01328125
270 47.025 1364.03828125
280 58.5421875 1422.58046875
290 48.91796875 1471.4984375
300 49.46171875 1520.96015625
310 26.66171875 1547.621875
320 35.4375 1583.059375
330 23.671875 1606.73125
340 23.359375 1630.090625
350 34.91484375 1665.00546875
360 29.70390625 1694.709375
370 26.84296875 1721.55234375
380 17.05234375 1738.6046875
390 15.87890625 1754.48359375
400 28.103125 1782.58671875
410 42.6328125 1825.21953125
420 30.37734375 1855.596875
430 34.22890625 1889.82578125
440 41.94375 1931.76953125
450 46.221875 1977.99140625
460 40.07265625 2018.0640625
470 39.078125 2057.1421875
480 32.8875 2090.0296875
490 37.0171875 2127.046875
500 29.58125 2156.628125
510 37.971875 2194.6
520 34.6859375 2229.2859375
530 35.60859375 2264.89453125
540 32.2328125 2297.12734375
550 34.071875 2331.19921875
560 41.4 2372.59921875
570 40.7859375 2413.38515625
580 38.80625 2452.19140625
590 30.7015625 2482.89296875
600 35.79375 2518.68671875
610 36.9203125 2555.60703125
620 32.47421875 2588.08125
630 43.1765625 2631.2578125
640 49.32265625 2680.58046875
650 35.05703125 2715.6375
660 28.121875 2743.759375
670 35.27109375 2779.03046875
680 39.37421875 2818.4046875
690 36.753125 2855.1578125
700 35.80625 2890.9640625
710 34.73203125 2925.69609375
720 44.68359375 2970.3796875
730 39.2328125 3009.6125
740 34.68359375 3044.29609375
750 40.91484375 3085.2109375
760 32.50625 3117.7171875
770 33.4625 3151.1796875
780 36.0453125 3187.225
790 44.22265625 3231.44765625
800 38.38125 3269.82890625
810 41.0734375 3310.90234375
820 45.27578125 3356.178125
830 36.19140625 3392.36953125
840 33.55625 3425.92578125
850 34.25703125 3460.1828125
860 37.6296875 3497.8125
870 42.02890625 3539.84140625
880 28.790625 3568.63203125
890 33.09140625 3601.7234375
900 41.29921875 3643.02265625
910 57.58984375 3700.6125
920 88.27578125 3788.88828125
930 90.94921875 3879.8375
940 83.0296875 3962.8671875
950 91.73359375 4054.60078125
960 78.0078125 4132.60859375
970 84.446875 4217.05546875
980 75.32734375 4292.3828125
990 76.99921875 4369.38203125
1000 84.5828125 4453.96484375
1010 77.74140625 4531.70625
1020 63.70078125 4595.40703125
1030 87.28671875 4682.69375
1040 73.61484375 4756.30859375
1050 66.66953125 4822.978125
1060 67.65546875 4890.63359375
1070 86.96796875 4977.6015625
1080 84.07109375 5061.67265625
1090 87.59453125 5149.2671875
1100 74.3328125 5223.6
1110 84.17421875 5307.77421875
1120 67.6328125 5375.40703125
1130 71.8625 5447.26953125
1140 85.44921875 5532.71875
1150 74.4375 5607.15625
1160 56.59375 5663.75
1170 79.2421875 5742.9921875
1180 86.98046875 5829.97265625
1190 64.52578125 5894.4984375
1200 80.98515625 5975.48359375
1210 92.6921875 6068.17578125
1220 82.38203125 6150.5578125
1230 80.13203125 6230.68984375
1240 84.76953125 6315.459375
1250 91.0453125 6406.5046875
1260 81.5515625 6488.05625
1270 70.06875 6558.125
1280 86.93828125 6645.06328125
1290 91.27421875 6736.3375
1300 80.8234375 6817.1609375
1310 88.07109375 6905.23203125
1320 84.67265625 6989.9046875
1330 82.62734375 7072.53203125
1340 79.82421875 7152.35625
1350 81.89921875 7234.25546875
1360 93.31484375 7327.5703125
1370 83.52421875 7411.09453125
1380 75.68046875 7486.775
1390 85.609375 7572.384375
1400 99.89140625 7672.27578125
1410 63.30234375 7735.578125
1420 86.1296875 7821.7078125
1430 100.40703125 7922.11484375
1440 70.56796875 7992.6828125
1450 65.090625 8057.7734375
1460 90.0546875 8147.828125
1470 89.51328125 8237.34140625
1480 70.97578125 8308.3171875
1490 85.02265625 8393.33984375
1500 78.5765625 8471.91640625
1510 39.18046875 8511.096875
1520 25.54296875 8536.63984375
1530 16.6578125 8553.29765625
1540 18.73515625 8572.0328125
1550 28.45 8600.4828125
1560 21.328125 8621.8109375
1570 18.18359375 8639.99453125
1580 16.43046875 8656.425
1590 13.72109375 8670.14609375
1600 13.60859375 8683.7546875
1610 12.8640625 8696.61875
1620 28.26953125 8724.88828125
1630 31.17734375 8756.065625
1640 30.446875 8786.5125
1650 32.15859375 8818.67109375
1660 28.06484375 8846.7359375
1670 28.43515625 8875.17109375
1680 21.771875 8896.94296875
1690 25.85859375 8922.8015625
1700 27.4875 8950.2890625
1710 25.6296875 8975.91875
1720 29.51796875 9005.43671875
1730 41.0640625 9046.50078125
1740 32.1046875 9078.60546875
1750 26.146875 9104.75234375
1760 14.659375 9119.41171875
1770 3.96484375 9123.3765625
1780 4.16015625 9127.53671875
1790 8.64609375 9136.1828125
1800 7.7921875 9143.975
1810 18.4984375 9162.4734375
1820 18.50859375 9180.98203125
1830 26.28671875 9207.26875
1840 17.4296875 9224.6984375
1850 5.05625 9229.7546875
1860 16.55859375 9246.31328125
1870 12.728125 9259.04140625
1880 20.26171875 9279.303125
1890 19.51796875 9298.82109375
1900 14.146875 9312.96796875
1910 32.8640625 9345.83203125
1920 27.4375 9373.26953125
1930 29.22421875 9402.49375
1940 27.6359375 9430.1296875
1950 24.54453125 9454.67421875
1960 21.82578125 9476.5
1970 17.94453125 9494.44453125
1980 14.9859375 9509.43046875
1990 13.890625 9523.32109375
2000 16.07890625 9539.4
2010 14.83125 9554.23125
2020 17.43046875 9571.66171875
2030 13.28828125 9584.95
2040 17.61484375 9602.56484375
2050 11.45 9614.01484375
2060 5.83359375 9619.8484375
2070 4.75625 9624.6046875
2080 12.34296875 9636.94765625
2090 14.88828125 9651.8359375
2100 11.2828125 9663.11875
2110 9.92578125 9673.04453125
2120 13.428125 9686.47265625
2130 12.41953125 9698.8921875
2140 12.1375 9711.0296875
2150 8.78046875 9719.81015625
2160 3.35625 9723.16640625
2170 1.7234375 9724.88984375
2172 0 9724.88984375
