0 754.81875 754.81875
10 1617.59375 2372.4125
20 1565.69453125 3938.10703125
30 1204.7171875 5142.82421875
40 1626.30703125 6769.13125
50 1822.5296875 8591.6609375
60 1437.6765625 10029.3375
70 1808.16796875 11837.50546875
80 2158.18359375 13995.6890625
90 1839.4203125 15835.109375
100 1890.56328125 17725.67265625
110 1797.69453125 19523.3671875
120 1545.42578125 21068.79296875
130 1584.25625 22653.04921875
140 1830.765625 24483.81484375
150 1938.78359375 26422.5984375
160 1548.5453125 27971.14375
170 1585.62734375 29556.77109375
180 1923.86015625 31480.63125
190 1878.646875 33359.278125
200 1864.24375 35223.521875
210 1889.3640625 37112.8859375
220 1714.62265625 38827.50859375
230 1837.3140625 40664.82265625
240 2201.08828125 42865.9109375
250 1602.45625 44468.3671875
260 1707.759375 46176.1265625
270 1865.95546875 48042.08203125
280 2226.790625 50268.87265625
290 1937.16875 52206.04140625
300 1671.4703125 53877.51171875
310 768.65390625 54646.165625
320 1004.71953125 55650.88515625
330 591.64453125 56242.5296875
340 624.1109375 56866.640625
350 1090.7296875 57957.3703125
360 691.39375 58648.7640625
370 567.40625 59216.1703125
380 412.6 59628.7703125
390 471.70859375 60100.47890625
400 1444.56796875 61545.046875
410 996.340625 62541.3875
420 766.315625 63307.703125
430 1058.32265625 64366.02578125
440 1269.18515625 65635.2109375
450 1306.0125 66941.2234375
460 1801.26015625 68742.48359375
470 855.08828125 69597.571875
480 3428.24296875 73025.81484375
490 2690.5859375 75716.40078125
500 1589.26796875 77305.66875
510 1939.91484375 79245.58359375
520 750.66953125 79996.253125
530 875.28671875 80871.53984375
540 3539.16640625 84410.70625
550 2947.27109375 87357.97734375
560 4142.56484375 91500.5421875
570 4191.5203125 95692.0625
580 4417.3515625 100109.4140625
590 1500.396875 101609.8109375
600 4441.8703125 106051.68125
610 8079.93984375 114131.62109375
620 7990.6546875 122122.27578125
630 10273.53828125 132395.8140625
640 8816.684375 141212.4984375
650 5838.03515625 147050.53359375
660 7736.05234375 154786.5859375
670 4383.340625 159169.9265625
680 6926.4828125 166096.409375
690 7024.7515625 173121.1609375
700 10461.66875 183582.8296875
710 3674.840625 187257.6703125
720 5385.44375 192643.1140625
730 10413.5625 203056.6765625
740 1494.609375 204551.2859375
750 7335.03515625 211886.32109375
760 8862.88671875 220749.2078125
770 11591.6890625 232340.896875
780 4595.628125 236936.525
790 10703.33203125 247639.85703125
800 11160.43125 258800.28828125
810 15153.953125 273954.24140625
820 10212.09765625 284166.3390625
830 837.80390625 285004.14296875
840 762.4390625 285766.58203125
850 2680.95625 288447.53828125
860 5232.40703125 293679.9453125
870 6128.4375 299808.3828125
880 5194.3109375 305002.69375
890 5080.1890625 310082.8828125
900 7887.496875 317970.3796875
910 9350.21640625 327320.59609375
920 6623.1046875 333943.70078125
930 5494.80078125 339438.5015625
940 8807.18125 348245.6828125
950 4690.8890625 352936.571875
960 2983.5296875 355920.1015625
970 3356.2078125 359276.309375
980 6217.0671875 365493.3765625
990 3217.234375 368710.6109375
1000 3216.88828125 371927.49921875
1010 3132.78125 375060.28046875
1020 3984.340625 379044.62109375
1030 4127.23515625 383171.85625
1040 2856.91484375 386028.77109375
1050 2713.71953125 388742.490625
1060 2944.315625 391686.80625
1070 3276.64296875 394963.44921875
1080 3411.80078125 398375.25
1090 3461.8546875 401837.1046875
1100 3182.78984375 405019.89453125
1110 3278.075 408297.96953125
1120 2631.95234375 410929.921875
1130 2942.85078125 413872.77265625
1140 3288.11640625 417160.8890625
1150 2715.57265625 419876.46171875
1160 2434.87109375 422311.3328125
1170 3356.75 425668.0828125
1180 3203.2359375 428871.31875
1190 2748.5953125 431619.9140625
1200 3494.146875 435114.0609375
1210 3824.62421875 438938.68515625
1220 3381.74609375 442320.43125
1230 3348.15703125 445668.58828125
1240 3784.109375 449452.69765625
1250 3760.78203125 453213.4796875
1260 3187.728125 456401.2078125
1270 3062.19609375 459463.40390625
1280 3634.27421875 463097.678125
1290 3550.77265625 466648.45078125
1300 3465.48671875 470113.9375
1310 3643.2515625 473757.1890625
1320 3496.990625 477254.1796875
1330 3471.12109375 480725.30078125
1340 3451.22890625 484176.5296875
1350 3450.91171875 487627.44140625
1360 3777.9203125 491405.36171875
1370 3321.259375 494726.62109375
1380 3386.51953125 498113.140625
1390 3804.3953125 501917.5359375
1400 3744.75859375 505662.29453125
1410 2684.61015625 508346.9046875
1420 3697.56484375 512044.46953125
1430 3970.18671875 516014.65625
1440 3033.7265625 519048.3828125
1450 2655.09296875 521703.47578125
1460 3851.353125 525554.82890625
1470 3528.4984375 529083.32734375
1480 3092.5859375 532175.91328125
1490 3968.03984375 536143.953125
1500 3010.1875 539154.140625
1510 1091.390625 540245.53125
1520 503.4484375 540748.9796875
1530 316.2203125 541065.2
1540 559.278125 541624.478125
1550 581.096875 542205.575
1560 486.9703125 542692.5453125
1570 390.3296875 543082.875
1580 389.56015625 543472.43515625
1590 387.671875 543860.10703125
1600 369.91953125 544230.0265625
1610 605.0578125 544835.084375
1620 1257.83515625 546092.91953125
1630 692.065625 546784.98515625
1640 816.1171875 547601.10234375
1650 875.31875 548476.42109375
1660 595.36796875 549071.7890625
1670 357.60859375 549429.39765625
1680 261.384375 549690.78203125
1690 2380.31484375 552071.096875
1700 3169.28359375 555240.38046875
1710 2269.7578125 557510.13828125
1720 8701.259375 566211.39765625
1730 6862.1109375 573073.50859375
1740 6714.61953125 579788.128125
1750 4492.92578125 584281.05390625
1760 2591.38984375 586872.44375
1770 4480.36328125 591352.80703125
1780 5632.1328125 596984.93984375
1790 14545.59765625 611530.5375
1800 5615.46328125 617146.00078125
1810 4970.51015625 622116.5109375
1820 6376.27734375 628492.78828125
1830 4642.15703125 633134.9453125
1840 7510.190625 640645.1359375
1850 3358.9953125 644004.13125
1860 6833.53203125 650837.66328125
1870 10408.29765625 661245.9609375
1880 9969.56640625 671215.52734375
1890 4674.35390625 675889.88125
1900 5897.0734375 681786.9546875
1910 9389.80546875 691176.76015625
1920 13802.16640625 704978.9265625
1930 10566.928125 715545.8546875
1940 9375.05546875 724920.91015625
1950 9195.4234375 734116.33359375
1960 10357.48046875 744473.8140625
1970 3652.35078125 748126.16484375
1980 3545.63203125 751671.796875
1990 5525.553125 757197.35
2000 6148.809375 763346.159375
2010 5809.5515625 769155.7109375
2020 5743.28359375 774898.99453125
2030 5711.18828125 780610.1828125
2040 1330.40078125 781940.58359375
2050 5626.94921875 787567.5328125
2060 3358.94765625 790926.48046875
2070 5614.84296875 796541.3234375
2080 12746.96953125 809288.29296875
2090 9714.2046875 819002.49765625
2100 4592.32265625 823594.8203125
2110 6045.77890625 829640.59921875
2120 14516.63828125 844157.2375
2130 12984.534375 857141.771875
2140 7814.0859375 864955.8578125
2150 1121.546875 866077.4046875
2160 1114.0390625 867191.44375
2170 0.00390625 867191.44765625
2172 0.00078125 867191.4484375
