0 9.5 95
10 9.2 187
20 9.5 282
30 7.9 361
40 9.5 456
50 9.3 549
60 9.2 641
70 10.2 743
80 9.9 842
90 9.9 941
100 11.3 1054
110 8 1134
120 8.6 1220
130 10.5 1325
140 9.5 1420
150 9.1 1511
160 9.7 1608
170 8.8 1696
180 9.1 1787
190 10.7 1894
200 9.6 1990
210 8.3 2073
220 10.6 2179
230 9.6 2275
240 10.4 2379
250 10.8 2487
260 10.3 2590
270 11.6 2706
280 12.1 2827
290 11 2937
300 2.9 2966
310 1.1 2977
320 1.4 2991
330 1.9 3010
340 1.7 3027
350 1.2 3039
360 0.8 3047
370 1.7 3064
380 1.7 3081
390 1.3 3094
400 1.3 3107
410 1.6 3123
420 1.6 3139
430 1.2 3151
440 1.5 3166
450 1.5 3181
460 1.7 3198
470 2.4 3222
480 1.4 3236
490 0.9 3245
500 1.4 3259
510 1.6 3275
520 1.9 3294
530 1.5 3309
540 2 3329
550 1.3 3342
560 1.7 3359
570 1.1 3370
580 1.5 3385
590 1.2 3397
600 1 3407
610 1.3 3420
620 1.2 3432
630 1.2 3444
640 1.2 3456
650 1.8 3474
660 1.7 3491
670 0.6 3497
680 1.5 3512
690 1.9 3531
700 2.1 3552
710 2 3572
720 1.4 3586
730 1.2 3598
740 2.1 3619
750 2.4 3643
760 1.3 3656
770 1.8 3674
780 0.7 3681
790 1.1 3692
800 1.4 3706
810 1.5 3721
820 1.1 3732
830 1.6 3748
840 1.7 3765
850 2.2 3787
860 1.8 3805
870 1.8 3823
880 0.9 3832
890 1.9 3851
900 13.8 3989
910 18.1 4170
920 20 4370
930 20.8 4578
940 20.1 4779
950 21.7 4996
960 20.4 5200
970 21.2 5412
980 18.7 5599
990 21.4 5813
1000 19.2 6005
1010 18.3 6188
1020 19.8 6386
1030 17.8 6564
1040 20.3 6767
1050 19.9 6966
1060 18.7 7153
1070 22.1 7374
1080 22.1 7595
1090 23.4 7829
1100 19.9 8028
1110 20.5 8233
1120 17.6 8409
1130 20.2 8611
1140 18.3 8794
1150 17.2 8966
1160 20.1 9167
1170 22.7 9394
1180 20.8 9602
1190 20.4 9806
1200 26 10066
1210 23.8 10304
1220 26.6 10570
1230 24.1 10811
1240 26.4 11075
1250 23.4 11309
1260 23.2 11541
1270 24.7 11788
1280 24.5 12033
1290 24.7 12280
1300 24.9 12529
1310 27.2 12801
1320 23 13031
1330 23.2 13263
1340 25.9 13522
1350 23.7 13759
1360 25.9 14018
1370 24.4 14262
1380 26.5 14527
1390 24.4 14771
1400 23.7 15008
1410 22.7 15235
1420 25.4 15489
1430 21.5 15704
1440 22.6 15930
1450 22.7 16157
1460 26.8 16425
1470 24.1 16666
1480 24.3 16909
1490 28.5 17194
1500 3 17224
1510 0 17224
1520 0 17224
1530 0 17224
1540 0 17224
1550 0 17224
1560 0 17224
1570 0 17224
1580 0 17224
1590 0 17224
1600 0 17224
1610 0 17224
1620 0 17224
1630 0 17224
1640 0 17224
1650 0 17224
1660 0 17224
1670 0 17224
1680 0 17224
1690 0 17224
1700 0 17224
1710 0 17224
1720 0 17224
1730 0 17224
1740 0 17224
1750 0 17224
1760 0 17224
1770 0 17224
1780 0 17224
1790 0 17224
1800 0 17224
1810 0 17224
1820 0 17224
1830 0 17224
1840 0 17224
1850 0 17224
1860 0 17224
1870 0 17224
1880 0 17224
1890 0 17224
1900 0 17224
1910 0 17224
1920 0 17224
1930 0 17224
1940 0 17224
1950 0 17224
1960 0 17224
1970 0 17224
1980 0 17224
1990 0 17224
2000 0 17224
2010 0 17224
2020 0 17224
2030 0 17224
2040 0 17224
2050 0 17224
2060 0 17224
2070 0 17224
2080 0 17224
2090 0 17224
2100 0 17224
2110 0 17224
2120 0 17224
2130 0 17224
2140 0 17224
2150 0 17224
2160 0 17224
2170 0 17224
2172 0 17224
