0 63 66
10 114 114
20 172 172
30 217 225
40 228 240
50 238 242
60 235 244
70 238 250
80 235 250
90 246 271
100 228 271
110 236 271
120 229 271
130 240 271
140 227 271
150 237 271
160 244 271
170 230 271
180 242 271
190 244 271
200 241 271
210 219 271
220 243 271
230 227 271
240 224 271
250 238 271
260 234 271
270 264 271
280 255 271
290 254 271
300 195 271
310 186 271
320 179 271
330 187 271
340 192 271
350 187 271
360 180 271
370 185 271
380 182 271
390 181 271
400 152 271
410 151 271
420 157 271
430 150 271
440 152 271
450 152 271
460 158 271
470 166 271
480 160 271
490 159 271
500 160 271
510 160 271
520 165 271
530 165 271
540 178 271
550 173 271
560 181 271
570 181 271
580 185 271
590 191 271
600 184 271
610 189 271
620 191 271
630 193 271
640 196 271
650 192 271
660 194 271
670 187 271
680 191 271
690 203 271
700 204 271
710 209 271
720 199 271
730 194 271
740 206 271
750 215 271
760 191 271
770 192 271
780 185 271
790 189 271
800 193 271
810 197 271
820 197 271
830 199 271
840 206 271
850 208 271
860 205 271
870 196 271
880 188 271
890 197 271
900 258 271
910 302 302
920 327 332
930 315 347
940 342 347
950 314 355
960 295 355
970 317 355
980 288 355
990 312 355
1000 309 355
1010 284 355
1020 285 355
1030 285 355
1040 282 355
1050 268 355
1060 297 355
1070 302 355
1080 309 355
1090 303 355
1100 290 355
1110 293 355
1120 285 355
1130 289 355
1140 296 355
1150 265 355
1160 278 355
1170 316 355
1180 299 355
1190 301 355
1200 328 355
1210 322 355
1220 331 355
1230 331 355
1240 324 355
1250 308 355
1260 288 355
1270 300 355
1280 325 355
1290 327 355
1300 308 355
1310 346 355
1320 301 355
1330 313 355
1340 316 355
1350 323 355
1360 331 355
1370 305 358
1380 342 358
1390 312 358
1400 319 358
1410 312 358
1420 375 376
1430 307 376
1440 291 376
1450 303 376
1460 347 376
1470 302 376
1480 297 376
1490 345 376
1500 219 376
1510 176 376
1520 171 376
1530 170 376
1540 166 376
1550 163 376
1560 158 376
1570 151 376
1580 144 376
1590 132 376
1600 120 376
1610 104 376
1620 80 376
1630 78 376
1640 78 376
1650 78 376
1660 78 376
1670 78 376
1680 78 376
1690 78 376
1700 78 376
1710 78 376
1720 78 376
1730 78 376
1740 78 376
1750 78 376
1760 78 376
1770 78 376
1780 78 376
1790 78 376
1800 78 376
1810 78 376
1820 75 376
1830 73 376
1840 73 376
1850 73 376
1860 73 376
1870 73 376
1880 73 376
1890 73 376
1900 71 376
1910 71 376
1920 71 376
1930 71 376
1940 71 376
1950 71 376
1960 71 376
1970 71 376
1980 71 376
1990 70 376
2000 70 376
2010 70 376
2020 69 376
2030 68 376
2040 64 376
2050 64 376
2060 64 376
2070 62 376
2080 57 376
2090 49 376
2100 42 376
2110 39 376
2120 35 376
2130 25 376
2140 15 376
2150 9 376
2160 2 376
2170 0 376
2172 0 376
