0 0.9 9
10 1.4 23
20 2.7 50
30 1.6 66
40 2.5 91
50 4.3 134
60 5.4 188
70 5.3 241
80 5.5 296
90 4.6 342
100 5.5 397
110 5 447
120 5.3 500
130 4.7 547
140 4.1 588
150 6.3 651
160 7.6 727
170 7.2 799
180 6.3 862
190 8.6 948
200 7.2 1020
210 7.8 1098
220 5.7 1155
230 6.9 1224
240 6.1 1285
250 6.3 1348
260 7.8 1426
270 7.7 1503
280 7.2 1575
290 6.9 1644
300 7.6 1720
310 5.9 1779
320 8.3 1862
330 6 1922
340 6 1982
350 8.1 2063
360 7.6 2139
370 6.4 2203
380 7.6 2279
390 8.4 2363
400 7.4 2437
410 8.1 2518
420 7.8 2596
430 6.8 2664
440 6.7 2731
450 8.1 2812
460 7.6 2888
470 7.9 2967
480 6.5 3032
490 5.4 3086
500 6.8 3154
510 6.7 3221
520 7.1 3292
530 7.1 3363
540 8.2 3445
550 8.8 3533
560 7.2 3605
570 9.7 3702
580 7.2 3774
590 6.5 3839
600 8.3 3922
610 6.9 3991
620 5.6 4047
630 6.8 4115
640 7.8 4193
650 8.2 4275
660 5.6 4331
670 7 4401
680 6.3 4464
690 8 4544
700 9.1 4635
710 6.9 4704
720 7.2 4776
730 6.9 4845
740 8.4 4929
750 8.3 5012
760 7.6 5088
770 6.6 5154
780 6.9 5223
790 7.6 5299
800 6.2 5361
810 7.6 5437
820 7.2 5509
830 7.2 5581
840 7.8 5659
850 5.9 5718
860 8.3 5801
870 6.1 5862
880 7.4 5936
890 6.9 6005
900 7.6 6081
910 8.2 6163
920 8.8 6251
930 7.8 6329
940 6.6 6395
950 7.6 6471
960 8.4 6555
970 9.1 6646
980 6.2 6708
990 5.7 6765
1000 8.3 6848
1010 7.4 6922
1020 9 7012
1030 6.2 7074
1040 6.2 7136
1050 7.4 7210
1060 7.5 7285
1070 8 7365
1080 8.6 7451
1090 7.1 7522
1100 7.9 7601
1110 5.8 7659
1120 6.1 7720
1130 8.6 7806
1140 6 7866
1150 7.6 7942
1160 7.4 8016
1170 8.4 8100
1180 8.6 8186
1190 8.8 8274
1200 7.2 8346
1210 7.6 8422
1220 5.6 8478
1230 6.7 8545
1240 6.1 8606
1250 7.5 8681
1260 9.7 8778
1270 6.2 8840
1280 8.3 8923
1290 6.8 8991
1300 6.8 9059
1310 8.9 9148
1320 7.4 9222
1330 5.7 9279
1340 7.4 9353
1350 8.8 9441
1360 6.8 9509
1370 5.7 9566
1380 8.8 9654
1390 5.8 9712
1400 8.8 9800
1410 8.2 9882
1420 7 9952
1430 6.5 10017
1440 10.3 10120
1450 5.8 10178
1460 7.7 10255
1470 7.3 10328
1480 8.1 10409
1490 6.5 10474
1500 6.4 10538
1510 7.8 10616
1520 7.2 10688
1530 6.5 10753
1540 6.9 10822
1550 7.2 10894
1560 8 10974
1570 8.6 11060
1580 5 11110
1590 7.1 11181
1600 7.6 11257
1610 7.6 11333
1620 6.6 11399
1630 8.5 11484
1640 8 11564
1650 5.9 11623
1660 7.3 11696
1670 6.1 11757
1680 7.6 11833
1690 5.7 11890
1700 7.1 11961
1710 7.7 12038
1720 7.3 12111
1730 7.4 12185
1740 8.6 12271
1750 7 12341
1760 7.8 12419
1770 5.7 12476
1780 9.6 12572
1790 5.3 12625
1800 6.1 12686
1810 6.3 12749
1820 7 12819
1830 6.8 12887
1840 6.3 12950
1850 7.1 13021
1860 5.4 13075
1870 8.4 13159
1880 7.3 13232
1890 7.1 13303
1900 5.5 13358
1910 8 13438
1920 6.8 13506
1930 6 13566
1940 8.4 13650
1950 8.6 13736
1960 8.5 13821
1970 8.7 13908
1980 6.7 13975
1990 7.4 14049
2000 6.6 14115
2010 5.9 14174
2020 8.4 14258
2030 7.4 14332
2040 6.4 14396
2050 8.2 14478
2060 7.3 14551
2070 8.1 14632
2080 7.5 14707
2090 8 14787
2100 7.9 14866
2110 7.8 14944
2120 8 15024
2130 10 15124
2140 6.3 15187
2150 7 15257
2160 9.1 15348
2170 6.7 15415
2180 8.9 15504
2190 8.5 15589
2200 7.1 15660
2210 7.9 15739
2220 6.7 15806
2230 6.3 15869
2240 6.7 15936
2250 7.5 16011
2260 7.7 16088
2270 7.6 16164
2280 7.5 16239
2290 7.5 16314
2300 7.4 16388
2310 6 16448
2320 6.2 16510
2330 7.2 16582
2340 7 16652
2350 7.9 16731
2360 8.3 16814
2370 6.2 16876
2380 6.3 16939
2390 7.1 17010
2400 9.4 17104
2410 7.2 17176
2420 7.9 17255
2430 6.8 17323
2440 7.8 17401
2450 9.3 17494
2460 7.6 17570
2470 5.8 17628
2480 7.4 17702
2490 7.5 17777
2500 7.2 17849
2510 7.8 17927
2520 8.5 18012
2530 8.3 18095
2540 7.3 18168
2550 7.7 18245
2560 7.8 18323
2570 7.4 18397
2580 8.6 18483
2590 7.6 18559
2600 6.5 18624
2610 7.4 18698
2620 4.5 18743
2630 7.2 18815
2640 6.7 18882
2650 7.7 18959
2660 5.6 19015
2670 6.7 19082
2680 10 19182
2690 8.1 19263
2700 8.1 19344
2710 7.5 19419
2720 7.3 19492
2730 8.3 19575
2740 7.3 19648
2750 7.4 19722
2760 6.7 19789
2770 8.8 19877
2780 6.8 19945
2790 6.6 20011
2800 7.5 20086
2810 9.9 20185
2820 8.2 20267
2830 6.4 20331
2840 5 20381
2850 7.8 20459
2860 5.5 20514
2870 5.8 20572
2880 9.2 20664
2890 5.7 20721
2900 6.9 20790
2910 5.7 20847
2920 6.8 20915
2930 7.4 20989
2940 8.4 21073
2950 8.1 21154
2960 6.2 21216
2970 4.5 21261
2980 5.5 21316
2990 9.1 21407
3000 7.7 21484
3010 6.4 21548
3020 6.6 21614
3030 7.3 21687
3040 6.8 21755
3050 7 21825
3060 5.1 21876
3070 8 21956
3080 5.8 22014
3090 6.2 22076
3100 8.7 22163
3110 5.1 22214
3120 7.2 22286
3130 6.1 22347
3140 7.3 22420
3150 10.1 22521
3160 5.9 22580
3170 9.1 22671
3180 6.4 22735
3190 8.4 22819
3200 8.6 22905
3210 7.5 22980
3220 4.7 23027
3230 6.6 23093
3240 7.2 23165
3250 8.8 23253
3260 7.3 23326
3270 6.6 23392
3280 9 23482
3290 7 23552
3300 5.2 23604
3310 6.3 23667
3320 8.5 23752
3330 9 23842
3340 5.9 23901
3350 5.6 23957
3360 9.7 24054
3370 9 24144
3380 7 24214
3390 7.6 24290
3400 4.9 24339
3410 7.8 24417
3420 6.9 24486
3430 7.9 24565
3440 6.9 24634
3450 8 24714
3460 9.5 24809
3470 7.7 24886
3480 7.5 24961
3490 5.8 25019
3500 6.9 25088
3510 9 25178
3520 7.2 25250
3530 7.1 25321
3540 8.4 25405
3550 6.8 25473
3560 6.9 25542
3570 7.8 25620
3580 7.1 25691
3590 8.2 25773
3600 9.7 25870
3610 9.4 25964
3620 6.5 26029
3630 7.3 26102
3640 7.9 26181
3650 9.5 26276
3660 6.9 26345
3670 6.8 26413
3680 6.4 26477
3690 6.3 26540
3700 9.7 26637
3710 6.1 26698
3720 7.2 26770
3730 9 26860
3740 6.2 26922
3750 4.7 26969
3760 9.1 27060
3770 10.1 27161
3780 7.8 27239
3790 6.3 27302
3800 7.1 27373
3810 8.5 27458
3820 7.7 27535
3830 8.3 27618
3840 7.5 27693
3850 6.3 27756
3860 8 27836
3870 7.6 27912
3880 6.6 27978
3890 7.4 28052
3900 7.2 28124
3910 5.8 28182
3920 5.4 28236
3930 7.6 28312
3940 8.3 28395
3950 6.1 28456
3960 5.4 28510
3970 6.5 28575
3980 4.6 28621
3990 8.5 28706
4000 6.1 28767
4010 7.2 28839
4020 8 28919
4030 6.9 28988
4040 6.2 29050
4050 7.2 29122
4060 8.4 29206
4070 8.8 29294
4080 5.8 29352
4090 7.9 29431
4100 8.6 29517
4110 8.9 29606
4120 8.3 29689
4130 6.1 29750
4140 6.1 29811
4150 8.1 29892
4160 8.1 29973
4170 8.1 30054
4180 6.2 30116
4190 6.4 30180
4200 6.7 30247
4210 7.3 30320
4220 8.4 30404
4230 6 30464
4240 9.2 30556
4250 8.3 30639
4260 6.6 30705
4270 5.9 30764
4280 7.5 30839
4290 7.6 30915
4300 6.1 30976
4310 7.9 31055
4320 9.5 31150
4330 6.7 31217
4340 6.8 31285
4350 6.1 31346
4360 6.6 31412
4370 8.3 31495
4380 6.6 31561
4390 8 31641
4400 5.6 31697
4410 6.5 31762
4420 7.1 31833
4430 8 31913
4440 7.2 31985
4450 7.6 32061
4460 7.5 32136
4470 7.1 32207
4480 7 32277
4490 7.8 32355
4500 7.5 32430
4510 8 32510
4520 5.2 32562
4530 7.8 32640
4540 7.5 32715
4550 9.6 32811
4560 5.4 32865
4570 8.4 32949
4580 9.6 33045
4590 5.5 33100
4600 8.7 33187
4610 6.8 33255
4620 7 33325
4630 10.6 33431
4640 6.6 33497
4650 5.9 33556
4660 8.5 33641
4670 7.6 33717
4680 9.3 33810
4690 9.4 33904
4700 4.9 33953
4710 7.7 34030
4720 9.5 34125
4730 6.7 34192
4740 8.5 34277
4750 6.7 34344
4760 5.3 34397
4770 5.9 34456
4780 7.9 34535
4790 6.4 34599
4800 7.5 34674
4810 8.3 34757
4820 7.5 34832
4830 7 34902
4840 7.9 34981
4850 6.8 35049
4860 7.5 35124
4870 8.7 35211
4880 5.8 35269
4890 8.7 35356
4900 8 35436
4910 6.2 35498
4920 7.2 35570
4930 5.7 35627
4940 7.9 35706
4950 5.7 35763
4960 5.3 35816
4970 8.6 35902
4980 7.3 35975
4990 6.4 36039
5000 8 36119
5010 6.6 36185
5020 7.4 36259
5030 6.1 36320
5040 4.8 36368
5050 5.9 36427
5060 8 36507
5070 10.2 36609
5080 8.6 36695
5090 6.4 36759
5100 7.5 36834
5110 9.5 36929
5120 8.2 37011
5130 6.4 37075
5140 8.5 37160
5150 8 37240
5160 6.6 37306
5170 7.6 37382
5180 6.1 37443
5190 7.1 37514
5200 7.8 37592
5210 7.9 37671
5220 8.9 37760
5230 7.1 37831
5240 7 37901
5250 6.1 37962
5260 9 38052
5270 7 38122
5280 6.9 38191
5290 7.9 38270
5300 8.2 38352
5310 7.2 38424
5320 6 38484
5330 7.7 38561
5340 6.4 38625
5350 5.9 38684
5360 9.2 38776
5370 5.6 38832
5380 5 38882
5390 9.3 38975
5400 6.7 39042
5410 7.4 39116
5420 5.4 39170
5430 7.2 39242
5440 6.2 39304
5450 10.6 39410
5460 5.8 39468
5470 6.7 39535
5480 6 39595
5490 5.9 39654
5500 6.6 39720
5510 9.1 39811
5520 8.2 39893
5530 7.2 39965
5540 5.1 40016
5550 8.1 40097
5560 8.5 40182
5570 6.3 40245
5580 6.7 40312
5590 8.2 40394
5600 5.2 40446
5610 8.6 40532
5620 8.4 40616
5630 7 40686
5640 7.1 40757
5650 6.1 40818
5660 7.7 40895
5670 7.4 40969
5680 8.3 41052
5690 6.6 41118
5700 6.8 41186
5710 8.6 41272
5720 7.5 41347
5730 6.9 41416
5740 6.7 41483
5750 6.7 41550
5760 8.1 41631
5770 8.2 41713
5780 6.5 41778
5790 7.5 41853
5800 6.9 41922
5810 7.4 41996
5820 7 42066
5830 5.7 42123
5840 4.8 42171
5850 9.8 42269
5860 9.3 42362
5870 5.8 42420
5880 7.4 42494
5890 7.4 42568
5900 6.8 42636
5910 6.6 42702
5920 7.4 42776
5930 6 42836
5940 7.7 42913
5950 9 43003
5960 6.5 43068
5970 7.2 43140
5980 6.6 43206
5990 6.2 43268
6000 8.7 43355
6010 7.8 43433
6020 5.6 43489
6030 7.4 43563
6040 9.6 43659
6050 8.1 43740
6060 5.9 43799
6070 8.3 43882
6080 7.5 43957
6090 6.9 44026
6100 7.1 44097
6110 6.9 44166
6120 6.6 44232
6130 7.8 44310
6140 7.2 44382
6150 8.8 44470
6160 6.7 44537
6170 7.3 44610
6180 7.1 44681
6190 7.7 44758
6200 6.1 44819
6210 7.3 44892
6220 7.7 44969
6230 6.5 45034
6240 8.9 45123
6250 7.9 45202
6260 6.9 45271
6270 8.3 45354
6280 9.1 45445
6290 8.6 45531
6300 5.9 45590
6310 5.1 45641
6320 9.2 45733
6330 5.5 45788
6340 9.3 45881
6350 7.4 45955
6360 7 46025
6370 8.2 46107
6380 8.2 46189
6390 7.6 46265
6400 8.6 46351
6410 9.1 46442
6420 6.4 46506
6430 8.3 46589
6440 6.3 46652
6450 9.3 46745
6460 6.6 46811
6470 6.6 46877
6480 10.6 46983
6490 6.5 47048
6500 6.5 47113
6510 6.2 47175
6520 7.4 47249
6530 8.4 47333
6540 8.8 47421
6550 8.4 47505
6560 5.3 47558
6570 7.1 47629
6580 8.3 47712
6590 9.3 47805
6600 6.7 47872
6610 5.3 47925
6620 7.5 48000
6630 10.6 48106
6640 5.7 48163
6650 6.3 48226
6660 7.9 48305
6670 8.2 48387
6680 7.9 48466
6690 5.9 48525
6700 9 48615
6710 7.7 48692
6720 6.2 48754
6730 6.5 48819
6740 7.3 48892
6750 7.1 48963
6760 10.2 49065
6770 6.3 49128
6780 7.5 49203
6790 7 49273
6800 6 49333
6810 9 49423
6820 6.8 49491
6830 8.5 49576
6840 6.8 49644
6850 5.5 49699
6860 6.2 49761
6870 8.9 49850
6880 6.2 49912
6890 7.6 49988
6900 8 50068
6910 7 50138
6920 8.1 50219
6930 7.2 50291
6940 6.5 50356
6950 7.5 50431
6960 6.3 50494
6970 7.3 50567
6980 8.5 50652
6990 6.2 50714
7000 6.3 50777
7010 8.8 50865
7020 6.4 50929
7030 10.5 51034
7040 7 51104
7050 7.7 51181
7060 4.2 51223
7070 5.7 51280
7080 9 51370
7090 7 51440
7100 5.1 51491
7110 9 51581
7120 6.2 51643
7130 8.3 51726
7140 6.2 51788
7150 6.4 51852
7160 7.3 51925
7170 7.5 52000
7180 8.3 52083
7190 7.2 52155
7200 8.4 52239
7210 6.9 52308
7220 6.6 52374
7230 8.8 52462
7240 6.1 52523
7250 8.2 52605
7260 6.2 52667
7270 6.6 52733
7280 7.3 52806
7290 6.2 52868
7300 8.7 52955
7310 7.3 53028
7320 5.2 53080
7330 9.4 53174
7340 7.7 53251
7350 6.6 53317
7360 9.5 53412
7370 7.3 53485
7380 5.2 53537
7390 6 53597
7400 9.9 53696
7410 8.1 53777
7420 4.8 53825
7430 6.7 53892
7440 8 53972
7450 6.2 54034
7460 9 54124
7470 5.7 54181
7480 7 54251
7490 6 54311
7500 8.1 54392
7510 6.9 54461
7520 8 54541
7530 5.9 54600
7540 5.9 54659
7550 6 54719
7560 10.6 54825
7570 6.1 54886
7580 6.4 54950
7590 8.9 55039
7600 7.8 55117
7610 5.3 55170
7620 9.1 55261
7630 9.1 55352
7640 5.2 55404
7650 5.9 55463
7660 5.5 55518
7670 9.2 55610
7680 9.8 55708
7690 5.4 55762
7700 6 55822
7710 5.9 55881
7720 4.9 55930
7730 10.4 56034
7740 6.5 56099
7750 6.8 56167
7760 5.6 56223
7770 7.2 56295
7780 9.5 56390
7790 5.4 56444
7800 7.8 56522
7810 7.8 56600
7820 6.9 56669
7830 7 56739
7840 7.9 56818
7850 8.4 56902
7860 6.2 56964
7870 7.6 57040
7880 7.1 57111
7890 7.8 57189
7900 6.9 57258
7910 10.5 57363
7920 7 57433
7930 6 57493
7940 6.3 57556
7950 6.5 57621
7960 8.6 57707
7970 6.7 57774
7980 7.2 57846
7990 8.7 57933
8000 7.6 58009
8010 8.2 58091
8020 8.3 58174
8030 7.6 58250
8040 7.3 58323
8050 7.2 58395
8060 5.6 58451
8070 8.5 58536
8080 7.1 58607
8090 6.1 58668
8100 6.3 58731
8110 6.9 58800
8120 7.3 58873
8130 9.1 58964
8140 7.2 59036
8150 6.8 59104
8160 7.2 59176
8170 7.9 59255
8180 7.1 59326
8190 5.9 59385
8200 5.4 59439
8210 6.2 59501
8220 8.7 59588
8230 7.7 59665
8240 5.8 59723
8250 6.1 59784
8260 9.3 59877
8270 7 59947
8280 7.2 60019
8290 5.9 60078
8300 5.7 60135
8310 5.6 60191
8320 8.4 60275
8330 5.8 60333
8340 7.3 60406
8350 6.7 60473
8360 7.8 60551
8370 5.1 60602
8380 8.1 60683
8390 6.3 60746
8400 6.4 60810
8410 7.5 60885
8420 6.9 60954
8430 8 61034
8440 6.1 61095
8450 5.8 61153
8460 6.5 61218
8470 7.1 61289
8480 9.2 61381
8490 8.2 61463
8500 6.5 61528
8510 7.5 61603
8520 8.3 61686
8530 8.2 61768
8540 5.3 61821
8550 7.2 61893
8560 8.7 61980
8570 7.4 62054
8580 8.1 62135
8590 5.5 62190
8600 6.8 62258
8610 8.2 62340
8620 8.4 62424
8630 5.5 62479
8640 7.1 62550
8650 6.7 62617
8660 8.2 62699
8670 7.3 62772
8680 4.7 62819
8690 7.8 62897
8700 9 62987
8710 7.9 63066
8720 6.8 63134
8730 6.1 63195
8740 8.1 63276
8750 9.1 63367
8760 7.9 63446
8770 6.9 63515
8780 7.6 63591
8790 5.6 63647
8800 7.8 63725
8810 9.5 63820
8820 5.4 63874
8830 5.8 63932
8840 7.4 64006
8850 8.5 64091
8860 8.4 64175
8870 4.8 64223
8880 8.1 64304
8890 8.1 64385
8900 6.8 64453
8910 6.8 64521
8920 6.2 64583
8930 8.8 64671
8940 6.8 64739
8950 7.5 64814
8960 6.2 64876
8970 7.1 64947
8980 7.8 65025
8990 6.7 65092
9000 7 65162
9010 5.8 65220
9020 5.7 65277
9030 7.3 65350
9040 7.6 65426
9050 6.9 65495
9060 6 65555
9070 4.5 65600
9080 8.5 65685
9090 6.6 65751
9100 6.4 65815
9110 7.5 65890
9120 7.2 65962
9130 8.5 66047
9140 6.2 66109
9150 8.4 66193
9160 7.2 66265
9170 7.9 66344
9180 7.2 66416
9190 10.7 66523
9200 6.3 66586
9210 7.1 66657
9220 8.6 66743
9230 8.6 66829
9240 8.4 66913
9250 7.8 66991
9260 4.8 67039
9270 8.7 67126
9280 9.1 67217
9290 6 67277
9300 5.4 67331
9310 8.2 67413
9320 6.6 67479
9330 6.3 67542
9340 6.8 67610
9350 7.7 67687
9360 6.9 67756
9370 7.7 67833
9380 8 67913
9390 8 67993
9400 6.5 68058
9410 7.3 68131
9420 6 68191
9430 6.4 68255
9440 6.6 68321
9450 9.3 68414
9460 6.3 68477
9470 6.1 68538
9480 5.5 68593
9490 9.2 68685
9500 7.1 68756
9510 7.5 68831
9520 6.1 68892
9530 6.9 68961
9540 6.6 69027
9550 9.3 69120
9560 7 69190
9570 6.7 69257
9580 9.8 69355
9590 9 69445
9600 6.8 69513
9610 7 69583
9620 8 69663
9630 5.3 69716
9640 9 69806
9650 7 69876
9660 6.4 69940
9670 7.5 70015
9680 6.9 70084
9690 6.1 70145
9700 6.7 70212
9710 9 70302
9720 9.2 70394
9730 6.3 70457
9740 6.1 70518
9750 6.5 70583
9760 8.9 70672
9770 9.3 70765
9780 6 70825
9790 8.4 70909
9800 7.3 70982
9810 7 71052
9820 8.3 71135
9830 9.7 71232
9840 6.7 71299
9850 6.4 71363
9860 9.9 71462
9870 7.9 71541
9880 7.6 71617
9890 7.5 71692
9900 7.3 71765
9910 6.7 71832
9920 8.6 71918
9930 7.8 71996
9940 9.1 72087
9950 7 72157
9960 6.5 72222
9970 5.8 72280
9980 7 72350
9990 9.9 72449
10000 5.9 72508
10010 7.7 72585
10020 8.1 72666
10030 6.2 72728
10040 5.6 72784
10050 5.9 72843
10060 6.8 72911
10070 8.4 72995
10080 7.2 73067
10090 7.7 73144
10100 8 73224
10110 5.9 73283
10120 7.3 73356
10130 5.3 73409
10140 6 73469
10150 11.1 73580
10160 7.9 73659
10170 6.8 73727
10180 6 73787
10190 5.7 73844
10200 8.2 73926
10210 7.4 74000
10220 8.8 74088
10230 5.9 74147
10240 5.6 74203
10250 7.4 74277
10260 9.3 74370
10270 7.6 74446
10280 5.1 74497
10290 7.1 74568
10300 7.4 74642
10310 10.3 74745
10320 5.9 74804
10330 7.2 74876
10340 7.6 74952
10350 7.9 75031
10360 7 75101
10370 8.6 75187
10380 5.7 75244
10390 6.6 75310
10400 7.1 75381
10410 7.1 75452
10420 8.7 75539
10430 7.6 75615
10440 5.8 75673
10450 4.8 75721
10460 7.6 75797
10470 7.1 75868
10480 6.1 75929
10490 7.2 76001
10500 7.6 76077
10510 8.4 76161
10520 3.4 76195
10530 3.6 76231
10540 6.4 76295
10550 7.1 76366
10560 8.4 76450
10570 2.7 76477
10580 7.3 76550
10590 7 76620
10600 9.3 76713
10610 7.6 76789
10620 6.7 76856
10630 7.2 76928
10640 6.6 76994
10650 7.1 77065
10660 8.1 77146
10670 6.8 77214
10680 6 77274
10690 8 77354
10700 8.1 77435
10710 8.9 77524
10720 7.2 77596
10730 4.5 77641
10740 6.3 77704
10750 6.7 77771
10760 7.8 77849
10770 7.2 77921
10780 6.3 77984
10790 9.3 78077
10800 9.4 78171
10810 6.2 78233
10820 5.8 78291
10830 6.6 78357
10840 7.6 78433
10850 6.5 78498
10860 7.8 78576
10870 10.6 78682
10880 7.3 78755
10890 8.6 78841
10900 7.7 78918
10910 6.5 78983
10920 6.5 79048
10930 5.8 79106
10940 7.5 79181
10950 9.4 79275
10960 8 79355
10970 7.2 79427
10980 4.6 79473
10990 5.2 79525
11000 9.3 79618
11010 6.9 79687
11020 5.7 79744
11030 7.2 79816
11040 8.6 79902
11050 7.4 79976
11060 6.7 80043
11070 4.8 80091
11080 9.2 80183
11090 7.3 80256
11100 8.7 80343
11110 8.4 80427
11120 6.3 80490
11130 7.5 80565
11140 9.6 80661
11150 8.5 80746
11160 5.9 80805
11170 7.3 80878
11180 7.6 80954
11190 7.4 81028
11200 6 81088
11210 4.6 81134
11220 9.4 81228
11230 6.9 81297
11240 8.4 81381
11250 8.6 81467
11260 8.3 81550
11270 6.8 81618
11280 7.8 81696
11290 8.4 81780
11300 7.7 81857
11310 8.5 81942
11320 8 82022
11330 6.6 82088
11340 9.1 82179
11350 9.9 82278
11360 7.2 82350
11370 5.1 82401
11380 7.9 82480
11390 7.8 82558
11400 6.1 82619
11410 6.5 82684
11420 9.1 82775
11430 8 82855
11440 7.1 82926
11450 7.1 82997
11460 7.5 83072
11470 6.2 83134
11480 7.1 83205
11490 7.4 83279
11500 6.7 83346
11510 4.8 83394
11520 8.6 83480
11530 6.6 83546
11540 4.9 83595
11550 8.3 83678
11560 6.3 83741
11570 7.9 83820
11580 7.3 83893
11590 9.5 83988
11600 6.9 84057
11610 5.9 84116
11620 6.4 84180
11630 6.4 84244
11640 6.8 84312
11650 5.4 84366
11660 6.6 84432
11670 8.2 84514
11680 6.9 84583
11690 6.9 84652
11700 5.8 84710
11710 8 84790
11720 7.6 84866
11730 8 84946
11740 6.5 85011
11750 8.8 85099
11760 6.8 85167
11770 5.5 85222
11780 9.2 85314
11790 5.9 85373
11800 6 85433
11810 9.4 85527
11820 6.8 85595
11830 6.6 85661
11840 7.9 85740
11850 5.5 85795
11860 6.1 85856
11870 6.9 85925
11880 7.1 85996
11890 7.4 86070
11900 7.6 86146
11910 6.4 86210
11920 7.6 86286
11930 6.9 86355
11940 8.8 86443
11950 6.1 86504
11960 6.8 86572
11970 5.5 86627
11980 7 86697
11990 8.8 86785
12000 7.5 86860
12010 5.6 86916
12020 7.9 86995
12030 7.4 87069
12040 8.6 87155
12050 8.5 87240
12060 8 87320
12070 6 87380
12080 8.5 87465
12090 7 87535
12100 4.8 87583
12110 9 87673
12120 5.7 87730
12130 7.2 87802
12140 6.2 87864
12150 9.2 87956
12160 5.6 88012
12170 7.1 88083
12180 7.8 88161
12190 7.2 88233
12200 6.2 88295
12210 6.4 88359
12220 8.7 88446
12230 9 88536
12240 9 88626
12250 6.5 88691
12260 8.5 88776
12270 8.3 88859
12280 7.4 88933
12290 8.4 89017
12300 8.6 89103
12310 7.4 89177
12320 6.3 89240
12330 8.7 89327
12340 8.4 89411
12350 6.7 89478
12360 7.8 89556
12370 7 89626
12380 6.5 89691
12390 8 89771
12400 8.2 89853
12410 7.3 89926
12420 8.2 90008
12430 8.2 90090
12440 6.7 90157
12450 8.1 90238
12460 7.4 90312
12470 7.1 90383
12480 8.5 90468
12490 7.2 90540
12500 7.9 90619
12510 6.4 90683
12520 7.5 90758
12530 8.7 90845
12540 7.4 90919
12550 7.5 90994
12560 7.1 91065
12570 7.7 91142
12580 8.7 91229
12590 7.6 91305
12600 6.4 91369
12610 8.9 91458
12620 7.9 91537
12630 6.8 91605
12640 10.3 91708
12650 7.6 91784
12660 6.8 91852
12670 7.3 91925
12680 7.7 92002
12690 6.5 92067
12700 8.2 92149
12710 7.5 92224
12720 8.7 92311
12730 8.4 92395
12740 5.7 92452
12750 6.7 92519
12760 6.7 92586
12770 8.6 92672
12780 8.3 92755
12790 8.1 92836
12800 5.6 92892
12810 9.6 92988
12820 5.3 93041
12830 6.9 93110
12840 8.1 93191
12850 7.8 93269
12860 10.3 93372
12870 6.2 93434
12880 8.2 93516
12890 7.8 93594
12900 6.4 93658
12910 9.1 93749
12920 8.2 93831
12930 6.7 93898
12940 7.6 93974
12950 6.9 94043
12960 6 94103
12970 7.7 94180
12980 5.9 94239
12990 7 94309
13000 7.2 94381
13010 4.8 94429
13020 8.7 94516
13030 8.5 94601
13040 4.8 94649
13050 6.7 94716
13060 10.7 94823
13070 8.3 94906
13080 6.9 94975
13090 6.7 95042
13100 8.1 95123
13110 7.1 95194
13120 6.8 95262
13130 8 95342
13140 6.9 95411
13150 6.8 95479
13160 6.8 95547
13170 6.8 95615
13180 8.2 95697
13190 6.6 95763
13200 8.8 95851
13210 6 95911
13220 8.7 95998
13230 6.9 96067
13240 6.4 96131
13250 7.2 96203
13260 8.4 96287
13270 4.6 96333
13280 7.4 96407
13290 10.9 96516
13300 6.1 96577
13310 7.1 96648
13320 8.4 96732
13330 7.5 96807
13340 6.4 96871
13350 7.4 96945
13360 7.5 97020
13370 8.2 97102
13380 9.9 97201
13390 5.6 97257
13400 4.4 97301
13410 7 97371
13420 10.9 97480
13430 6.9 97549
13440 6.8 97617
13450 7.8 97695
13460 7.6 97771
13470 8.3 97854
13480 8.4 97938
13490 9.5 98033
13500 9.6 98129
13510 6.8 98197
13520 6.5 98262
13530 6.9 98331
13540 7.5 98406
13550 7.3 98479
13560 6.8 98547
13570 8.4 98631
13580 7.6 98707
13590 7.6 98783
13600 8.7 98870
13610 6.2 98932
13620 5.8 98990
13630 7.9 99069
13640 8 99149
13650 7.2 99221
13660 8.7 99308
13670 8.4 99392
13680 7.2 99464
13690 5.7 99521
13700 6.5 99586
13710 9 99676
13720 9.2 99768
13730 7.4 99842
13740 8.8 99930
13750 6 99990
13760 7 100060
13770 6.2 100122
13780 8.3 100205
13790 8.6 100291
13800 7.2 100363
13810 8.2 100445
13820 7.1 100516
13830 6.4 100580
13840 8.8 100668
13850 7.9 100747
13860 9.4 100841
13870 6.7 100908
13880 5.9 100967
13890 8 101047
13900 7.3 101120
13910 6.7 101187
13920 10.3 101290
13930 7.6 101366
13940 6.5 101431
13950 4.8 101479
13960 7.1 101550
13970 7.8 101628
13980 6.9 101697
13990 8.8 101785
14000 5.3 101838
14010 8.6 101924
14020 8.1 102005
14030 8 102085
14040 8.9 102174
14050 6.3 102237
14060 5.9 102296
14070 9.3 102389
14080 8 102469
14090 4.1 102510
14100 9.3 102603
14110 6.7 102670
14120 7 102740
14130 6.9 102809
14140 6.3 102872
14150 6.6 102938
14160 8.3 103021
14170 7.2 103093
14180 7.6 103169
14190 7.9 103248
14200 7.7 103325
14210 6.6 103391
14220 6.1 103452
14230 7.9 103531
14240 6.7 103598
14250 7.4 103672
14260 8 103752
14270 7.5 103827
14280 6.2 103889
14290 7.8 103967
14300 6.7 104034
14310 7.8 104112
14320 6.7 104179
14330 6.3 104242
14340 7.5 104317
14350 6.3 104380
14360 6.4 104444
14370 9.1 104535
14380 7.5 104610
14390 7.3 104683
14400 7.8 104761
14410 7.1 104832
14420 6.6 104898
14430 8.6 104984
14440 7.5 105059
14450 7.1 105130
14460 8.1 105211
14470 8 105291
14480 4.8 105339
14490 7.6 105415
14500 7.6 105491
14510 6.6 105557
14520 7.7 105634
14530 5.7 105691
14540 5.5 105746
14550 7.3 105819
14560 6 105879
14570 9.4 105973
14580 7.9 106052
14590 8.5 106137
14600 9.2 106229
14610 7.4 106303
14620 8.1 106384
14630 7.9 106463
14640 7.9 106542
14650 7.2 106614
14660 8.8 106702
14670 6.7 106769
14680 8.1 106850
14690 7 106920
14700 7.3 106993
14710 7.9 107072
14720 6 107132
14730 9.1 107223
14740 5.9 107282
14750 5.5 107337
14760 7.6 107413
14770 9.8 107511
14780 7.6 107587
14790 4 107627
14800 5.2 107679
14810 8.8 107767
14820 6.2 107829
14830 6.2 107891
14840 7.4 107965
14850 7.7 108042
14860 6.9 108111
14870 7.4 108185
14880 6.8 108253
14890 7.1 108324
14900 8.8 108412
14910 7.3 108485
14920 7 108555
14930 6.7 108622
14940 7.5 108697
14950 8.1 108778
14960 8.5 108863
14970 8.8 108951
14980 7.4 109025
14990 6.9 109094
15000 7.9 109173
15010 7.8 109251
15020 6.7 109318
15030 6.2 109380
15040 6.6 109446
15050 8.3 109529
15060 7.3 109602
15070 5.4 109656
15080 9.1 109747
15090 9.6 109843
15100 5.6 109899
15110 6.3 109962
15120 5.2 110014
15130 6.8 110082
15140 6.7 110149
15150 10 110249
15160 7.4 110323
15170 8 110403
15180 7.9 110482
15190 6.8 110550
15200 7.7 110627
15210 8.1 110708
15220 8.4 110792
15230 6.5 110857
15240 6.7 110924
15250 5.9 110983
15260 6 111043
15270 6.7 111110
15280 7.1 111181
15290 8.8 111269
15300 6.1 111330
15310 10.2 111432
15320 7.1 111503
15330 4.4 111547
15340 8.4 111631
15350 8.9 111720
15360 6.7 111787
15370 8.3 111870
15380 6.6 111936
15390 5.8 111994
15400 7.3 112067
15410 7.2 112139
15420 8.2 112221
15430 7.6 112297
15440 4.8 112345
15450 8.6 112431
15460 8.4 112515
15470 5.7 112572
15480 7.3 112645
15490 8.4 112729
15500 6.3 112792
15510 8 112872
15520 6.6 112938
15530 6.7 113005
15540 7.4 113079
15550 7.6 113155
15560 5.8 113213
15570 7 113283
15580 9 113373
15590 8.1 113454
15600 5.3 113507
15610 8.1 113588
15620 6.3 113651
15630 6.3 113714
15640 7.5 113789
15650 7.9 113868
15660 6.9 113937
15670 6 113997
15680 6.4 114061
15690 8.3 114144
15700 7.1 114215
15710 7.6 114291
15720 7.6 114367
15730 6.1 114428
15740 7.9 114507
15750 6.8 114575
15760 6.8 114643
15770 6.9 114712
15780 8.8 114800
15790 6.3 114863
15800 6.2 114925
15810 9.3 115018
15820 6.3 115081
15830 8.8 115169
15840 5.4 115223
15850 6 115283
15860 7.1 115354
15870 6.5 115419
15880 5.6 115475
15890 7.7 115552
15900 6.2 115614
15910 6.6 115680
15920 5.6 115736
15930 8.6 115822
15940 8.2 115904
15950 8.3 115987
15960 7 116057
15970 6.7 116124
15980 5.5 116179
15990 7 116249
16000 8 116329
16010 6.2 116391
16020 7.2 116463
16030 6.5 116528
16040 7.2 116600
16050 5.4 116654
16060 7.2 116726
16070 7 116796
16080 6.5 116861
16090 6.5 116926
16100 6.7 116993
16110 4.8 117041
16120 8.6 117127
16130 7.4 117201
16140 8.1 117282
16150 7.7 117359
16160 5.8 117417
16170 8.4 117501
16180 7.1 117572
16190 7.6 117648
16200 6.4 117712
16210 5.9 117771
16220 6.7 117838
16230 6.8 117906
16240 6.7 117973
16250 7.4 118047
16260 8.3 118130
16270 5.8 118188
16280 7.1 118259
16290 7.1 118330
16300 9.1 118421
16310 8.9 118510
16320 5 118560
16330 7.1 118631
16340 7 118701
16350 7.4 118775
16360 9.8 118873
16370 5.3 118926
16380 6.7 118993
16390 7.5 119068
16400 8.8 119156
16410 7.2 119228
16420 5.5 119283
16430 6.5 119348
16440 8.2 119430
16450 6.5 119495
16460 9 119585
16470 8.6 119671
16480 8 119751
16490 6.8 119819
16500 7.5 119894
16510 7.3 119967
16520 5.4 120021
16530 9.1 120112
16540 7.1 120183
16550 8.2 120265
16560 9.6 120361
16570 7 120431
16580 6.4 120495
16590 7.4 120569
16600 8 120649
16610 9.8 120747
16620 7.7 120824
16630 8.5 120909
16640 6 120969
16650 6.5 121034
16660 7.2 121106
16670 7.3 121179
16680 8.2 121261
16690 5 121311
16700 6.7 121378
16710 7.1 121449
16720 7.9 121528
16730 7.9 121607
16740 7 121677
16750 6.1 121738
16760 7.8 121816
16770 7.1 121887
16780 7.3 121960
16790 5.8 122018
16800 7.4 122092
16810 9.4 122186
16820 6.2 122248
16830 5.7 122305
16840 8.2 122387
16850 7.5 122462
16860 8.3 122545
16870 7.3 122618
16880 5.1 122669
16890 7.9 122748
16900 6.8 122816
16910 8.3 122899
16920 8.9 122988
16930 6.1 123049
16940 6 123109
16950 7.3 123182
16960 8.9 123271
16970 6.7 123338
16980 8 123418
16990 8.4 123502
17000 5.7 123559
17010 6.8 123627
17020 8 123707
17030 9 123797
17040 4.4 123841
17050 10.6 123947
17060 7.1 124018
17070 5.8 124076
17080 9.3 124169
17090 7.1 124240
17100 8.3 124323
17110 7.5 124398
17120 6.7 124465
17130 6.3 124528
17140 7.1 124599
17150 7.6 124675
17160 7.8 124753
17170 5.7 124810
17180 7.8 124888
17190 6.4 124952
17200 8.7 125039
17210 6.3 125102
17220 5.7 125159
17230 5.3 125212
17240 7.4 125286
17250 7 125356
17260 6 125416
17270 6.5 125481
17280 7.8 125559
17290 5.5 125614
17300 6.5 125679
17310 8.3 125762
17320 7.1 125833
17330 5.8 125891
17340 8.9 125980
17350 7.1 126051
17360 5.9 126110
17370 6.3 126173
17380 7.9 126252
17390 8.2 126334
17400 8.4 126418
17410 8.4 126502
17420 6.7 126569
17430 6.2 126631
17440 8.4 126715
17450 8.9 126804
17460 5.9 126863
17470 7.2 126935
17480 7.3 127008
17490 5.7 127065
17500 6.9 127134
17510 7.7 127211
17520 6.9 127280
17530 6.1 127341
17540 7.1 127412
17550 7.9 127491
17560 7.4 127565
17570 9.1 127656
17580 5.4 127710
17590 8.8 127798
17600 8.8 127886
17610 7 127956
17620 7.5 128031
17630 4.4 128075
17640 5.5 128130
17650 7.7 128207
17660 6.4 128271
17670 7 128341
17680 9.4 128435
17690 9.5 128530
17700 7.9 128609
17710 7.6 128685
17720 6.8 128753
17730 8.3 128836
17740 7.9 128915
17750 6.5 128980
17760 6.4 129044
17770 6.7 129111
17780 9.7 129208
17790 7.4 129282
17800 6 129342
17810 9.5 129437
17820 8.4 129521
17830 9.3 129614
17840 6 129674
17850 7.2 129746
17860 10.2 129848
17870 6.3 129911
17880 6.9 129980
17890 5.6 130036
17900 5.5 130091
17910 8 130171
17920 10.1 130272
17930 6.9 130341
17940 8.4 130425
17950 5.3 130478
17960 6.9 130547
17970 6.8 130615
17980 8.1 130696
17990 7.4 130770
18000 6.7 130837
18010 7.1 130908
18020 5.9 130967
18030 7.5 131042
18040 9.1 131133
18050 6.8 131201
18060 9.9 131300
18070 7.2 131372
18080 6 131432
18090 7.8 131510
18100 6.8 131578
18110 7.7 131655
18120 7.5 131730
18130 6.9 131799
18140 4.2 131841
18150 10.1 131942
18160 8.2 132024
18170 6.9 132093
18180 6.9 132162
18190 6.1 132223
18200 7.1 132294
18210 6.6 132360
18220 8.5 132445
18230 7.5 132520
18240 8.5 132605
18250 7.1 132676
18260 6.6 132742
18270 7.6 132818
18280 5.6 132874
18290 7.4 132948
18300 10.2 133050
18310 8.7 133137
18320 4.8 133185
18330 6.9 133254
18340 6.7 133321
18350 9.9 133420
18360 9.2 133512
18370 7.2 133584
18380 8.2 133666
18390 6.8 133734
18400 7.9 133813
18410 7.2 133885
18420 8.3 133968
18430 6.4 134032
18440 9.9 134131
18450 7.1 134202
18460 7.2 134274
18470 8.1 134355
18480 7.3 134428
18490 5.7 134485
18500 7.5 134560
18510 7 134630
18520 8.8 134718
18530 6.3 134781
18540 8.1 134862
18550 8.3 134945
18560 7.2 135017
18570 7.1 135088
18580 7.2 135160
18590 8.6 135246
18600 8.1 135327
18610 7.6 135403
18620 8.3 135486
18630 8.3 135569
18640 7.1 135640
18650 7.1 135711
18660 8 135791
18670 8.2 135873
18680 8.9 135962
18690 5.5 136017
18700 8.9 136106
18710 6.7 136173
18720 7.1 136244
18730 7.8 136322
18740 6.5 136387
18750 5.3 136440
18760 6.3 136503
18770 8 136583
18780 8.6 136669
18790 6.1 136730
18800 7.6 136806
18810 7 136876
18820 6.2 136938
18830 7.9 137017
18840 7.7 137094
18850 5.4 137148
18860 8 137228
18870 5.6 137284
18880 8.1 137365
18890 7.5 137440
18900 7.1 137511
18910 5.4 137565
18920 8.5 137650
18930 9.3 137743
18940 7.6 137819
18950 5.4 137873
18960 7 137943
18970 8.5 138028
18980 9 138118
18990 7.7 138195
19000 6.3 138258
19010 7.5 138333
19020 8 138413
19030 6.8 138481
19040 7.2 138553
19050 5.7 138610
19060 7.1 138681
19070 7.4 138755
19080 8 138835
19090 7.9 138914
19100 6.9 138983
19110 6.2 139045
19120 9.1 139136
19130 5.9 139195
19140 6.6 139261
19150 6.5 139326
19160 6.1 139387
19170 8.1 139468
19180 8.5 139553
19190 6.8 139621
19200 5.7 139678
19210 9.3 139771
19220 7.3 139844
19230 7.3 139917
19240 10 140017
19250 5.1 140068
19260 7.5 140143
19270 5.5 140198
19280 6.6 140264
19290 8 140344
19300 8.1 140425
19310 6.4 140489
19320 5.4 140543
19330 7.5 140618
19340 7.7 140695
19350 6.4 140759
19360 8.2 140841
19370 6.7 140908
19380 7.7 140985
19390 7.2 141057
19400 9.3 141150
19410 9.3 141243
19420 8.4 141327
19430 5.3 141380
19440 8 141460
19450 8.2 141542
19460 6.5 141607
19470 6 141667
19480 9.6 141763
19490 9.1 141854
19500 7.7 141931
19510 6.7 141998
19520 6.6 142064
19530 6.9 142133
19540 6.9 142202
19550 6.9 142271
19560 7.2 142343
19570 6.5 142408
19580 4.2 142450
19590 6.5 142515
19600 6.9 142584
19610 9 142674
19620 5.7 142731
19630 7.5 142806
19640 5.5 142861
19650 8.4 142945
19660 8.2 143027
19670 6 143087
19680 5.9 143146
19690 7.3 143219
19700 8.1 143300
19710 5.9 143359
19720 6.8 143427
19730 8.3 143510
19740 7.7 143587
19750 8.4 143671
19760 6.2 143733
19770 5.7 143790
19780 6.7 143857
19790 7.1 143928
19800 6.6 143994
19810 7.1 144065
19820 7.3 144138
19830 8.5 144223
19840 6.4 144287
19850 8.7 144374
19860 6.3 144437
19870 8 144517
19880 7.5 144592
19890 6.4 144656
19900 5.6 144712
19910 7.5 144787
19920 7.5 144862
19930 5.8 144920
19940 6.4 144984
19950 6.6 145050
19960 7.7 145127
19970 7.5 145202
19980 7.4 145276
19990 8.1 145357
20000 6.2 145419
20010 7.1 145490
20020 7.1 145561
20030 6.3 145624
20040 4.9 145673
20050 8.2 145755
20060 7.7 145832
20070 6 145892
20080 7.2 145964
20090 6.8 146032
20100 7 146102
20110 6.2 146164
20120 6 146224
20130 6.4 146288
20140 7.2 146360
20150 8.2 146442
20160 6 146502
20170 7.9 146581
20180 7.2 146653
20190 7.6 146729
20200 7.4 146803
20210 8.1 146884
20220 6.7 146951
20230 5.9 147010
20240 8.7 147097
20250 7.8 147175
20260 7.4 147249
20270 7.8 147327
20280 5.8 147385
20290 6.9 147454
20300 7.8 147532
20310 7.4 147606
20320 8.2 147688
20330 5.6 147744
20340 7.1 147815
20350 8.5 147900
20360 7.7 147977
20370 7.1 148048
20380 7.3 148121
20390 5.6 148177
20400 5.5 148232
20410 9.1 148323
20420 7.9 148402
20430 7 148472
20440 6.4 148536
20450 5.5 148591
20460 7.7 148668
20470 9.2 148760
20480 8 148840
20490 6.1 148901
20500 6.6 148967
20510 7.6 149043
20520 10.1 149144
20530 8.2 149226
20540 6.7 149293
20550 6.1 149354
20560 5.9 149413
20570 8.3 149496
20580 7.5 149571
20590 7.1 149642
20600 6.8 149710
20610 5.9 149769
20620 10.3 149872
20630 7 149942
20640 5.5 149997
20650 5.2 150049
20660 6.4 150113
20670 9.5 150208
20680 10.3 150311
20690 5.3 150364
20700 8 150444
20710 5.3 150497
20720 7.5 150572
20730 8.2 150654
20740 7.2 150726
20750 7.3 150799
20760 5.9 150858
20770 8.3 150941
20780 6.4 151005
20790 7.6 151081
20800 6.9 151150
20810 9.2 151242
20820 6.6 151308
20830 7.3 151381
20840 6.6 151447
20850 6.1 151508
20860 10 151608
20870 6.9 151677
20880 7 151747
20890 6.3 151810
20900 8.3 151893
20910 7 151963
20920 7.5 152038
20930 7.7 152115
20940 7.5 152190
20950 7.3 152263
20960 6.6 152329
20970 7.8 152407
20980 9.3 152500
20990 7.4 152574
21000 5.9 152633
21010 7.1 152704
21020 8.2 152786
21030 8.8 152874
21040 8.8 152962
21050 7.1 153033
21060 7.4 153107
21070 7.6 153183
21080 8 153263
21090 8.3 153346
21100 7.7 153423
21110 9 153513
21120 6.9 153582
21130 6 153642
21140 7.4 153716
21150 5.7 153773
21160 7.6 153849
21170 7.5 153924
21180 8.7 154011
21190 7.3 154084
21200 7.7 154161
21210 6.8 154229
21220 8.3 154312
21230 7.1 154383
21240 7.3 154456
21250 6.1 154517
21260 7.9 154596
21270 6.8 154664
21280 7.8 154742
21290 7.5 154817
21300 8.4 154901
21310 5.8 154959
21320 6.7 155026
21330 7.7 155103
21340 6.6 155169
21350 7.7 155246
21360 5.7 155303
21370 8 155383
21380 7.8 155461
21390 7.5 155536
21400 8 155616
21410 7.6 155692
21420 5.9 155751
21430 7.5 155826
21440 8.5 155911
21450 8.9 156000
21460 6.7 156067
21470 6.4 156131
21480 6.9 156200
21490 6.8 156268
21500 8.8 156356
21510 6.3 156419
21520 6.1 156480
21530 6.5 156545
21540 8.3 156628
21550 6.9 156697
21560 6.4 156761
21570 6.4 156825
21580 7.5 156900
21590 6.7 156967
21600 9.8 157065
21610 6.3 157128
21620 6.9 157197
21630 9.8 157295
21640 7.1 157366
21650 7.3 157439
21660 6.2 157501
21670 7.4 157575
21680 8.5 157660
21690 6.7 157727
21700 9.2 157819
21710 7.2 157891
21720 6.9 157960
21730 5.4 158014
21740 7.4 158088
21750 9 158178
21760 7.1 158249
21770 7.1 158320
21780 8.7 158407
21790 9.6 158503
21800 8.4 158587
21810 8.9 158676
21820 8.4 158760
21830 6.7 158827
21840 6.2 158889
21850 9.6 158985
21860 8.1 159066
21870 6.5 159131
21880 7.2 159203
21890 7.5 159278
21900 8.6 159364
21910 6.6 159430
21920 6.8 159498
21930 7.4 159572
21940 6.7 159639
21950 9.2 159731
21960 6.6 159797
21970 7 159867
21980 7.3 159940
21990 7 160010
22000 7.6 160086
22010 7.2 160158
22020 6.7 160225
22030 7.7 160302
22040 8.3 160385
22050 5.7 160442
22060 7.5 160517
22070 7.9 160596
22080 7.9 160675
22090 7.3 160748
22100 7.3 160821
22110 8.6 160907
22120 6.5 160972
22130 5.5 161027
22140 8.9 161116
22150 5.4 161170
22160 5.3 161223
22170 8.5 161308
22180 7.5 161383
22190 7.1 161454
22200 7.3 161527
22210 6.5 161592
22220 6.6 161658
22230 6.2 161720
22240 7.1 161791
22250 9.6 161887
22260 6.8 161955
22270 6.6 162021
22280 7.6 162097
22290 6.4 162161
22300 9.9 162260
22310 6.2 162322
22320 8.7 162409
22330 7.7 162486
22340 11.8 162604
22350 7.9 162683
22360 6.5 162748
22370 6.5 162813
22380 7.2 162885
22390 7.2 162957
22400 7.7 163034
22410 7.6 163110
22420 9.3 163203
22430 6.5 163268
22440 8.6 163354
22450 6.8 163422
22460 6.4 163486
22470 8 163566
22480 7 163636
22490 7.4 163710
22500 6.8 163778
22510 7.5 163853
22520 8.2 163935
22530 6.6 164001
22540 5.8 164059
22550 8.6 164145
22560 10 164245
22570 5.7 164302
22580 6.7 164369
22590 5.7 164426
22600 6.7 164493
22610 9.7 164590
22620 6.9 164659
22630 7.2 164731
22640 6.7 164798
22650 7.2 164870
22660 7.7 164947
22670 7.5 165022
22680 8.5 165107
22690 6.1 165168
22700 6.8 165236
22710 6.1 165297
22720 6.8 165365
22730 9.6 165461
22740 7.4 165535
22750 5.8 165593
22760 6.8 165661
22770 7.5 165736
22780 8.9 165825
22790 7.6 165901
22800 6.7 165968
22810 7 166038
22820 6.3 166101
22830 7.4 166175
22840 6.4 166239
22850 6.9 166308
22860 6 166368
22870 7.6 166444
22880 7.1 166515
22890 8.1 166596
22900 6.9 166665
22910 6.9 166734
22920 8.6 166820
22930 6.9 166889
22940 6 166949
22950 6.7 167016
22960 6 167076
22970 7.8 167154
22980 7.4 167228
22990 8.5 167313
23000 6.1 167374
23010 6.8 167442
23020 7.1 167513
23030 8 167593
23040 6.8 167661
23050 8.1 167742
23060 5.7 167799
23070 5.7 167856
23080 7.3 167929
23090 7.3 168002
23100 7.7 168079
23110 4.4 168123
23120 8.2 168205
23130 7.7 168282
23140 9 168372
23150 5.8 168430
23160 8 168510
23170 7.9 168589
23180 4.7 168636
23190 7.4 168710
23200 8.4 168794
23210 6.3 168857
23220 6.5 168922
23230 7.4 168996
23240 9.6 169092
23250 7.7 169169
23260 6.3 169232
23270 7.2 169304
23280 6.3 169367
23290 6.8 169435
23300 9.9 169534
23310 6.6 169600
23320 9.6 169696
23330 5 169746
23340 7.5 169821
23350 10.6 169927
23360 4.3 169970
23370 7.4 170044
23380 7 170114
23390 6.9 170183
23400 5 170233
23410 8.5 170318
23420 7 170388
23430 7.5 170463
23440 5.9 170522
23450 8.2 170604
23460 7.4 170678
23470 5.2 170730
23480 5.8 170788
23490 9 170878
23500 8.1 170959
23510 6.1 171020
23520 7.5 171095
23530 6.5 171160
23540 7.5 171235
23550 6.7 171302
23560 7.1 171373
23570 7.4 171447
23580 6.1 171508
23590 6.3 171571
23600 7 171641
23610 8.7 171728
23620 8.6 171814
23630 6.5 171879
23640 4.9 171928
23650 6.7 171995
23660 6.5 172060
23670 8.3 172143
23680 8.8 172231
23690 6.3 172294
23700 7.2 172366
23710 7.6 172442
23720 8.7 172529
23730 6.8 172597
23740 7.1 172668
23750 8.4 172752
23760 7.6 172828
23770 8.5 172913
23780 7.4 172987
23790 6.6 173053
23800 6.6 173119
23810 9.5 173214
23820 8.6 173300
23830 8.3 173383
23840 7.1 173454
23850 5.8 173512
23860 6.8 173580
23870 9.1 173671
23880 7.3 173744
23890 8.5 173829
23900 6.5 173894
23910 6.5 173959
23920 8 174039
23930 8.5 174124
23940 7.1 174195
23950 7.2 174267
23960 6.7 174334
23970 6.6 174400
23980 7.5 174475
23990 6.9 174544
24000 7.1 174615
24010 5.6 174671
24020 6.2 174733
24030 6.3 174796
24040 6.6 174862
24050 8.2 174944
24060 8.6 175030
24070 5.1 175081
24080 7.1 175152
24090 7.4 175226
24100 7.8 175304
24110 8.2 175386
24120 7.6 175462
24130 6.9 175531
24140 9.5 175626
24150 7 175696
24160 7.3 175769
24170 6.2 175831
24180 4.3 175874
24190 10.4 175978
24200 7 176048
24210 6.1 176109
24220 5.1 176160
24230 8.5 176245
24240 8.6 176331
24250 8 176411
24260 7 176481
24270 7.8 176559
24280 6.4 176623
24290 6.8 176691
24300 9.6 176787
24310 8.3 176870
24320 9.3 176963
24330 6.6 177029
24340 7.9 177108
24350 7.2 177180
24360 6.9 177249
24370 6.9 177318
24380 7.3 177391
24390 6.6 177457
24400 7.3 177530
24410 7 177600
24420 7.6 177676
24430 5.7 177733
24440 7.3 177806
24450 6 177866
24460 7.5 177941
24470 6.1 178002
24480 5.7 178059
24490 6.9 178128
24500 6.9 178197
24510 9.9 178296
24520 5.3 178349
24530 8 178429
24540 5.4 178483
24550 8.7 178570
24560 8.9 178659
24570 7.4 178733
24580 5.2 178785
24590 8.8 178873
24600 9.1 178964
24610 7.7 179041
24620 7.8 179119
24630 7.8 179197
24640 5.9 179256
24650 12.1 179377
24660 6.7 179444
24670 6.9 179513
24680 8.7 179600
24690 10 179700
24700 7.1 179771
24710 7.2 179843
24720 6.1 179904
24730 5.6 179960
24740 7.8 180038
24750 8.2 180120
24760 7.2 180192
24770 6.3 180255
24780 7.8 180333
24790 8.1 180414
24800 7.6 180490
24810 4.7 180537
24820 7.2 180609
24830 7 180679
24840 7.6 180755
24850 9.3 180848
24860 6.9 180917
24870 6.8 180985
24880 6.4 181049
24890 7.5 181124
24900 8.6 181210
24910 6.6 181276
24920 7.7 181353
24930 6.6 181419
24940 5.9 181478
24950 7.1 181549
24960 8.1 181630
24970 7.3 181703
24980 7.3 181776
24990 7.3 181849
25000 8 181929
25010 6.5 181994
25020 7.6 182070
25030 8.1 182151
25040 3.8 182189
25050 9.8 182287
25060 6.5 182352
25070 7.5 182427
25080 8.7 182514
25090 8.9 182603
25100 6.1 182664
25110 7.1 182735
25120 8.1 182816
25130 6.9 182885
25140 7.2 182957
25150 7.2 183029
25160 8.1 183110
25170 6.5 183175
25180 8 183255
25190 5.7 183312
25200 6.5 183377
25210 8.5 183462
25220 8.1 183543
25230 12 183663
25240 5.5 183718
25250 5.2 183770
25260 7.1 183841
25270 7.5 183916
25280 8.5 184001
25290 7.6 184077
25300 6.5 184142
25310 6.1 184203
25320 8.9 184292
25330 6.4 184356
25340 7.6 184432
25350 7.1 184503
25360 5.7 184560
25370 5 184610
25380 6.1 184671
25390 5.8 184729
25400 8.3 184812
25410 6.8 184880
25420 6.7 184947
25430 6.8 185015
25440 7.8 185093
25450 8.7 185180
25460 8 185260
25470 6.8 185328
25480 9 185418
25490 9.3 185511
25500 7.3 185584
25510 8.3 185667
25520 7.4 185741
25530 6 185801
25540 9.7 185898
25550 8.3 185981
25560 7.3 186054
25570 6.1 186115
25580 7.6 186191
25590 8.1 186272
25600 7.1 186343
25610 8.9 186432
25620 7 186502
25630 6.9 186571
25640 7.4 186645
25650 8.3 186728
25660 7.4 186802
25670 10.1 186903
25680 8.4 186987
25690 6.1 187048
25700 8.1 187129
25710 7.9 187208
25720 5.5 187263
25730 7.5 187338
25740 8.6 187424
25750 5.1 187475
25760 7.1 187546
25770 8 187626
25780 5.8 187684
25790 7.9 187763
25800 6.9 187832
25810 7.5 187907
25820 7.7 187984
25830 7.1 188055
25840 8 188135
25850 8.5 188220
25860 5.4 188274
25870 6.9 188343
25880 6.5 188408
25890 8.5 188493
25900 6.2 188555
25910 7.4 188629
25920 7.2 188701
25930 5.2 188753
25940 6.3 188816
25950 8.4 188900
25960 6.5 188965
25970 6.8 189033
25980 6.9 189102
25990 6 189162
26000 7.1 189233
26010 10.3 189336
26020 7.9 189415
26030 8.2 189497
26040 8.2 189579
26050 5.6 189635
26060 9.7 189732
26070 6.9 189801
26080 6.3 189864
26090 7.9 189943
26100 8.9 190032
26110 7.9 190111
26120 7 190181
26130 7.8 190259
26140 8.4 190343
26150 7.9 190422
26160 7.7 190499
26170 5.2 190551
26180 6.3 190614
26190 7.2 190686
26200 7.4 190760
26210 7 190830
26220 8.7 190917
26230 7 190987
26240 6.5 191052
26250 8 191132
26260 8.1 191213
26270 7.2 191285
26280 7.1 191356
26290 7.6 191432
26300 6.9 191501
26310 6.3 191564
26320 9.8 191662
26330 7.9 191741
26340 8.6 191827
26350 7.4 191901
26360 8.5 191986
26370 6.9 192055
26380 9.1 192146
26390 7 192216
26400 8.9 192305
26410 7.3 192378
26420 6.4 192442
26430 7.8 192520
26440 7.1 192591
26450 8.1 192672
26460 6.7 192739
26470 9.3 192832
26480 6.4 192896
26490 5.7 192953
26500 9.8 193051
26510 7.5 193126
26520 5.6 193182
26530 7.3 193255
26540 6.6 193321
26550 7.8 193399
26560 8.5 193484
26570 7.8 193562
26580 6 193622
26590 9.6 193718
26600 8.4 193802
26610 7 193872
26620 7.7 193949
26630 7.4 194023
26640 9.5 194118
26650 6.1 194179
26660 6.4 194243
26670 6.5 194308
26680 8 194388
26690 9.3 194481
26700 7.5 194556
26710 5.7 194613
26720 5.5 194668
26730 8.5 194753
26740 10.3 194856
26750 5.2 194908
26760 6.2 194970
26770 7.6 195046
26780 7.4 195120
26790 5.6 195176
26800 6.9 195245
26810 8.7 195332
26820 7.9 195411
26830 8.9 195500
26840 6.8 195568
26850 8.4 195652
26860 9.5 195747
26870 5.8 195805
26880 7.1 195876
26890 5.8 195934
26900 8.2 196016
26910 8.1 196097
26920 6.1 196158
26930 7.7 196235
26940 7.6 196311
26950 6.5 196376
26960 6.7 196443
26970 6.7 196510
26980 8.2 196592
26990 5.9 196651
27000 6.6 196717
27010 8.5 196802
27020 5.8 196860
27030 7.7 196937
27040 6.7 197004
27050 5.4 197058
27060 9 197148
27070 8.1 197229
27080 6.7 197296
27090 7.2 197368
27100 7.6 197444
27110 9 197534
27120 8.6 197620
27130 7.5 197695
27140 4.8 197743
27150 8.9 197832
27160 8.9 197921
27170 8.4 198005
27180 7.7 198082
27190 8.3 198165
27200 6 198225
27210 6.8 198293
27220 7.4 198367
27230 8.3 198450
27240 6.9 198519
27250 6.8 198587
27260 8.1 198668
27270 6.9 198737
27280 8.2 198819
27290 7.8 198897
27300 7.9 198976
27310 6.4 199040
27320 7.6 199116
27330 6.6 199182
27340 6.8 199250
27350 8.1 199331
27360 7.9 199410
27370 8.6 199496
27380 9.1 199587
27390 6.5 199652
27400 6.8 199720
27410 8.1 199801
27420 8.2 199883
27430 9.4 199977
27440 6.1 200038
27450 7.5 200113
27460 7.7 200190
27470 8.9 200279
27480 8.9 200368
27490 7.8 200446
27500 8.4 200530
27510 5.9 200589
27520 7.9 200668
27530 7.3 200741
27540 7.9 200820
27550 7.2 200892
27560 5.4 200946
27570 7.5 201021
27580 7.2 201093
27590 5.9 201152
27600 8.9 201241
27610 7.4 201315
27620 8.2 201397
27630 6.5 201462
27640 8 201542
27650 6.6 201608
27660 9.4 201702
27670 6.3 201765
27680 6.3 201828
27690 9.6 201924
27700 9.1 202015
27710 6.5 202080
27720 8.4 202164
27730 6.5 202229
27740 5.2 202281
27750 9.5 202376
27760 7.8 202454
27770 7.2 202526
27780 6.3 202589
27790 6.7 202656
27800 6 202716
27810 6.6 202782
27820 8.9 202871
27830 5.8 202929
27840 9.1 203020
27850 6.8 203088
27860 7.1 203159
27870 8 203239
27880 7 203309
27890 8.4 203393
27900 8.1 203474
27910 9.3 203567
27920 5.9 203626
27930 6.7 203693
27940 8.3 203776
27950 7.7 203853
27960 7.8 203931
27970 6.9 204000
27980 6 204060
27990 6.5 204125
28000 6.9 204194
28010 8.5 204279
28020 7.8 204357
28030 7.5 204432
28040 7 204502
28050 6.2 204564
28060 9.1 204655
28070 8.3 204738
28080 6.6 204804
28090 6.6 204870
28100 8.9 204959
28110 9.3 205052
28120 5.2 205104
28130 6.1 205165
28140 7.1 205236
28150 8.2 205318
28160 5.8 205376
28170 7.1 205447
28180 6.6 205513
28190 6.6 205579
28200 6.9 205648
28210 8.1 205729
28220 8.6 205815
28230 7.2 205887
28240 7.1 205958
28250 7.3 206031
28260 8.1 206112
28270 7 206182
28280 7.1 206253
28290 7.5 206328
28300 7.8 206406
28310 7.5 206481
28320 7.3 206554
28330 6.6 206620
28340 6.9 206689
28350 7.7 206766
28360 6.4 206830
28370 6.4 206894
28380 7.5 206969
28390 6.5 207034
28400 8.7 207121
28410 8 207201
28420 7.7 207278
28430 7.6 207354
28440 5.7 207411
28450 8.1 207492
28460 8 207572
28470 7.3 207645
28480 5.3 207698
28490 9 207788
28500 7.7 207865
28510 6.7 207932
28520 9.1 208023
28530 6.5 208088
28540 6 208148
28550 6.9 208217
28560 6.5 208282
28570 7.3 208355
28580 6.5 208420
28590 8.6 208506
28600 6.7 208573
28610 7.1 208644
28620 7.4 208718
28630 6.2 208780
28640 7.1 208851
28650 6.7 208918
28660 7.2 208990
28670 9.2 209082
28680 6.4 209146
28690 6.5 209211
28700 9.3 209304
28710 7.9 209383
28720 8.9 209472
28730 8.2 209554
28740 7 209624
28750 8.1 209705
28760 8.3 209788
28770 7.3 209861
28780 7.9 209940
28790 8.9 210029
28800 5 210079
28810 6.9 210148
28820 9 210238
28830 7.7 210315
28840 9.2 210407
28850 6.6 210473
28860 7.2 210545
28870 5.1 210596
28880 7.8 210674
28890 6.8 210742
28900 6.2 210804
28910 7.3 210877
28920 8.1 210958
28930 6.1 211019
28940 5.5 211074
28950 5.3 211127
28960 11.1 211238
28970 5.2 211290
28980 6.7 211357
28990 6.4 211421
29000 6.2 211483
29010 10.7 211590
29020 4.9 211639
29030 7.6 211715
29040 6 211775
29050 9.8 211873
29060 5.5 211928
29070 7.7 212005
29080 8.9 212094
29090 8.2 212176
29100 6.6 212242
29110 9.8 212340
29120 6 212400
29130 5.7 212457
29140 7 212527
29150 10.5 212632
29160 8.8 212720
29170 6.1 212781
29180 6.6 212847
29190 8.1 212928
29200 8.8 213016
29210 5.3 213069
29220 7.9 213148
29230 7.3 213221
29240 4.6 213267
29250 10.2 213369
29260 9.6 213465
29270 7.8 213543
29280 9.2 213635
29290 4.9 213684
29300 7.3 213757
29310 9 213847
29320 7 213917
29330 5.8 213975
29340 5.7 214032
29350 7.6 214108
29360 7.6 214184
29370 8.4 214268
29380 6.6 214334
29390 6.3 214397
29400 7.7 214474
29410 8.2 214556
29420 9.9 214655
29430 6.5 214720
29440 6.4 214784
29450 8.1 214865
29460 9.2 214957
29470 5.8 215015
29480 7.6 215091
29490 7.9 215170
29500 10 215270
29510 7.2 215342
29520 9.2 215434
29530 4.9 215483
29540 5.8 215541
29550 9 215631
29560 8.6 215717
29570 6.5 215782
29580 8.2 215864
29590 7.9 215943
29600 6.6 216009
29610 6 216069
29620 7.5 216144
29630 8.9 216233
29640 6.6 216299
29650 7.5 216374
29660 6 216434
29670 7.4 216508
29680 5.8 216566
29690 5.7 216623
29700 7.2 216695
29710 7.8 216773
29720 7.1 216844
29730 7.5 216919
29740 7.8 216997
29750 5.6 217053
29760 4.8 217101
29770 6.6 217167
29780 6.5 217232
29790 7.8 217310
29800 7.5 217385
29810 7.3 217458
29820 7.1 217529
29830 6 217589
29840 5.5 217644
29850 6.3 217707
29860 8.1 217788
29870 7.6 217864
29880 9.4 217958
29890 5.8 218016
29900 6.6 218082
29910 9.3 218175
29920 6.8 218243
29930 7.9 218322
29940 8.2 218404
29950 6.2 218466
29960 8 218546
29970 9.5 218641
29980 7.5 218716
29990 7.4 218790
30000 7.7 218867
30010 10.5 218972
30020 7.9 219051
30030 8.7 219138
30040 8.7 219225
30050 6.7 219292
30060 8.6 219378
30070 10.1 219479
30080 7.2 219551
30090 4.2 219593
30100 6 219653
30110 6.5 219718
30120 8.9 219807
30130 9 219897
30140 6.6 219963
30150 7.2 220035
30160 7.9 220114
30170 6.5 220179
30180 7.2 220251
30190 7.2 220323
30200 6.7 220390
30210 8.8 220478
30220 7 220548
30230 7.3 220621
30240 5.9 220680
30250 9 220770
30260 7 220840
30270 7.4 220914
30280 7.3 220987
30290 7.3 221060
30300 6.2 221122
30310 7.7 221199
30320 7.3 221272
30330 6.3 221335
30340 7.2 221407
30350 6.6 221473
30360 7.6 221549
30370 8.8 221637
30380 7.5 221712
30390 5.7 221769
30400 6.5 221834
30410 7.8 221912
30420 7.4 221986
30430 7.9 222065
30440 7.9 222144
30450 6.1 222205
30460 6.6 222271
30470 8.9 222360
30480 5.4 222414
30490 6.4 222478
30500 7.3 222551
30510 9.1 222642
30520 6.2 222704
30530 8.2 222786
30540 7 222856
30550 7.8 222934
30560 7 223004
30570 5.2 223056
30580 8.1 223137
30590 8 223217
30600 7.2 223289
30610 8 223369
30620 7.1 223440
30630 7.1 223511
30640 8.7 223598
30650 9.3 223691
30660 7.1 223762
30670 6.4 223826
30680 7.8 223904
30690 8.7 223991
30700 8.4 224075
30710 7.5 224150
30720 7.1 224221
30730 7.4 224295
30740 8.2 224377
30750 7.2 224449
30760 6.9 224518
30770 6 224578
30780 7.9 224657
30790 6.6 224723
30800 6.6 224789
30810 6.9 224858
30820 9.4 224952
30830 8.8 225040
30840 7 225110
30850 7.5 225185
30860 6.3 225248
30870 5.2 225300
30880 6.3 225363
30890 8.6 225449
30900 8.7 225536
30910 5.7 225593
30920 8.2 225675
30930 8.5 225760
30940 8 225840
30950 5.2 225892
30960 9.2 225984
30970 6.1 226045
30980 7.9 226124
30990 7.3 226197
31000 8.2 226279
31010 6.7 226346
31020 11.9 226465
31030 8.2 226547
31040 7.4 226621
31050 6.2 226683
31060 7 226753
31070 9.7 226850
31080 6.9 226919
31090 6.9 226988
31100 8.3 227071
31110 11.1 227182
31120 8.4 227266
31130 6.8 227334
31140 9.5 227429
31150 4.6 227475
31160 7.2 227547
31170 9.3 227640
31180 8.2 227722
31190 5.1 227773
31200 9.4 227867
31210 10.5 227972
31220 6.8 228040
31230 6.3 228103
31240 6.9 228172
31250 8.5 228257
31260 7.7 228334
31270 5.6 228390
31280 7.9 228469
31290 5.5 228524
31300 9.4 228618
31310 9.1 228709
31320 5 228759
31330 6.6 228825
31340 6.4 228889
31350 8 228969
31360 8.6 229055
31370 8.1 229136
31380 6.5 229201
31390 6.1 229262
31400 5.4 229316
31410 7.8 229394
31420 7.7 229471
31430 8.1 229552
31440 7.4 229626
31450 6.2 229688
31460 9.1 229779
31470 7.8 229857
31480 9 229947
31490 5.8 230005
31500 8.7 230092
31510 6.7 230159
31520 8.5 230244
31530 8.9 230333
31540 5.6 230389
31550 7.4 230463
31560 10.1 230564
31570 9.4 230658
31580 7.3 230731
31590 6.7 230798
31600 5.4 230852
31610 7.4 230926
31620 6.3 230989
31630 9.8 231087
31640 6.7 231154
31650 7.8 231232
31660 10.3 231335
31670 8.5 231420
31680 6.7 231487
31690 6.2 231549
31700 7.9 231628
31710 6.9 231697
31720 5.3 231750
31730 9.5 231845
31740 7.6 231921
31750 7.4 231995
31760 7.3 232068
31770 8 232148
31780 7 232218
31790 7.3 232291
31800 7.8 232369
31810 7.6 232445
31820 7.8 232523
31830 7.2 232595
31840 6 232655
31850 8.3 232738
31860 7.5 232813
31870 6.9 232882
31880 5.3 232935
31890 7.1 233006
31900 9.5 233101
31910 5.9 233160
31920 7.8 233238
31930 8.4 233322
31940 7 233392
31950 8.8 233480
31960 7.3 233553
31970 8.1 233634
31980 8.1 233715
31990 6.1 233776
32000 7.9 233855
32010 9.9 233954
32020 6.5 234019
32030 7.9 234098
32040 7.3 234171
32050 6.6 234237
32060 8.6 234323
32070 7.2 234395
32080 6.4 234459
32090 7.6 234535
32100 8.5 234620
32110 9.6 234716
32120 8.2 234798
32130 8.1 234879
32140 6.8 234947
32150 7.5 235022
32160 7.9 235101
32170 7.2 235173
32180 4.4 235217
32190 6.4 235281
32200 9.2 235373
32210 8.1 235454
32220 7.3 235527
32230 7.1 235598
32240 8 235678
32250 5.9 235737
32260 8.5 235822
32270 7.3 235895
32280 7.5 235970
32290 8.1 236051
32300 6.5 236116
32310 9.6 236212
32320 7 236282
32330 6.4 236346
32340 7 236416
32350 8.5 236501
32360 7.3 236574
32370 7.9 236653
32380 7.2 236725
32390 6.7 236792
32400 8.9 236881
32410 9 236971
32420 8.5 237056
32430 6.1 237117
32440 7.6 237193
32450 9.3 237286
32460 6.9 237355
32470 8.7 237442
32480 5.9 237501
32490 8.2 237583
32500 9.1 237674
32510 7.1 237745
32520 8.3 237828
32530 5.6 237884
32540 8.6 237970
32550 6.7 238037
32560 8.4 238121
32570 7.7 238198
32580 7.6 238274
32590 8.2 238356
32600 7.8 238434
32610 10.1 238535
32620 4.8 238583
32630 8.4 238667
32640 8.2 238749
32650 6.5 238814
32660 7.3 238887
32670 10 238987
32680 5.3 239040
32690 8.3 239123
32700 8 239203
32710 8.3 239286
32720 6.7 239353
32730 7.1 239424
32740 6.1 239485
32750 7.9 239564
32760 8.5 239649
32770 7.9 239728
32780 5.9 239787
32790 7.8 239865
32800 5.4 239919
32810 6.2 239981
32820 10.4 240085
32830 8.4 240169
32840 5.9 240228
32850 7.3 240301
32860 7.4 240375
32870 8.4 240459
32880 7 240529
32890 6.9 240598
32900 6.7 240665
32910 5.7 240722
32920 7.6 240798
32930 6.3 240861
32940 9.9 240960
32950 5.9 241019
32960 7.4 241093
32970 7.4 241167
32980 6.2 241229
32990 8 241309
33000 6.8 241377
33010 7.8 241455
33020 5.4 241509
33030 8.6 241595
33040 7.5 241670
33050 7.9 241749
33060 7.6 241825
33070 6.1 241886
33080 9.2 241978
33090 8.4 242062
33100 7.3 242135
33110 8.1 242216
33120 6.7 242283
33130 8.3 242366
33140 6.8 242434
33150 6.5 242499
33160 8.4 242583
33170 8 242663
33180 7.2 242735
33190 7.4 242809
33200 7.9 242888
33210 6.5 242953
33220 8 243033
33230 7.3 243106
33240 6.4 243170
33250 6.7 243237
33260 6.6 243303
33270 8.9 243392
33280 8.2 243474
33290 5.5 243529
33300 9 243619
33310 8.5 243704
33320 6.1 243765
33330 8.1 243846
33340 7.4 243920
33350 6.8 243988
33360 8.5 244073
33370 6.1 244134
33380 6.8 244202
33390 6.5 244267
33400 7.3 244340
33410 7.6 244416
33420 7 244486
33430 5.4 244540
33440 10.1 244641
33450 5 244691
33460 7.9 244770
33470 6.8 244838
33480 7.3 244911
33490 7.9 244990
33500 7.3 245063
33510 5.4 245117
33520 6.7 245184
33530 9.2 245276
33540 6.6 245342
33550 6 245402
33560 5.8 245460
33570 8.2 245542
33580 6.6 245608
33590 8.2 245690
33600 7 245760
33610 7.7 245837
33620 7.5 245912
33630 6.6 245978
33640 7.4 246052
33650 7.9 246131
33660 7.7 246208
33670 6.7 246275
33680 6.4 246339
33690 7.8 246417
33700 7.4 246491
33710 8.7 246578
33720 7 246648
33730 6.9 246717
33740 7 246787
33750 8.2 246869
33760 10.6 246975
33770 8.8 247063
33780 6.2 247125
33790 4.3 247168
33800 5.2 247220
33810 9.5 247315
33820 5.7 247372
33830 7.7 247449
33840 8.9 247538
33850 6.4 247602
33860 6.7 247669
33870 5.7 247726
33880 7.4 247800
33890 7.1 247871
33900 8.4 247955
33910 6 248015
33920 7.2 248087
33930 7.3 248160
33940 10.1 248261
33950 5.7 248318
33960 3.8 248356
33970 9.9 248455
33980 9.9 248554
33990 7.9 248633
34000 5.8 248691
34010 9.7 248788
34020 8.8 248876
34030 8.7 248963
34040 5.7 249020
34050 6.6 249086
34060 8.4 249170
34070 6.2 249232
34080 8.6 249318
34090 9.4 249412
34100 6.5 249477
34110 7.7 249554
34120 6.2 249616
34130 5.5 249671
34140 8.2 249753
34150 6.5 249818
34160 6.3 249881
34170 9.4 249975
34180 9.1 250066
34190 6.6 250132
34200 7.7 250209
34210 8.8 250297
34220 10.2 250399
34230 7.5 250474
34240 6.5 250539
34250 6.5 250604
34260 8.4 250688
34270 5.7 250745
34280 7.3 250818
34290 9 250908
34300 7.5 250983
34310 7.4 251057
34320 7.4 251131
34330 6.7 251198
34340 5.8 251256
34350 9.9 251355
34360 7.3 251428
34370 5.7 251485
34380 6.9 251554
34390 7.9 251633
34400 6.5 251698
34410 7.9 251777
34420 6.9 251846
34430 6.6 251912
34440 8 251992
34450 7.3 252065
34460 5.3 252118
34470 9.7 252215
34480 8.8 252303
34490 7 252373
34500 7.8 252451
34510 6.4 252515
34520 5.9 252574
34530 10.8 252682
34540 7.6 252758
34550 8.8 252846
34560 8.4 252930
34570 7 253000
34580 7.5 253075
34590 9.1 253166
34600 8.6 253252
34610 5.5 253307
34620 6.1 253368
34630 6.7 253435
34640 6.2 253497
34650 6.3 253560
34660 7.3 253633
34670 8.6 253719
34680 6 253779
34690 6.1 253840
34700 6.5 253905
34710 7.6 253981
34720 6.2 254043
34730 7.9 254122
34740 6.5 254187
34750 8 254267
34760 6.1 254328
34770 8 254408
34780 6.7 254475
34790 9 254565
34800 7.4 254639
34810 7 254709
34820 6.6 254775
34830 7.5 254850
34840 9.3 254943
34850 6.5 255008
34860 7.7 255085
34870 7.9 255164
34880 6.7 255231
34890 7.7 255308
34900 5.5 255363
34910 7.3 255436
34920 7.2 255508
34930 6.7 255575
34940 5.3 255628
34950 6.6 255694
34960 10 255794
34970 6.1 255855
34980 8.4 255939
34990 4.8 255987
35000 7.9 256066
35010 9.3 256159
35020 5.6 256215
35030 3.4 256249
35040 9.3 256342
35050 8.1 256423
35060 6.7 256490
35070 9.5 256585
35080 7.2 256657
35090 7.9 256736
35100 9.5 256831
35110 7.1 256902
35120 5.9 256961
35130 5.9 257020
35140 6.1 257081
35150 9.6 257177
35160 7.9 257256
35170 7.1 257327
35180 5.8 257385
35190 7.6 257461
35200 7.3 257534
35210 6.9 257603
35220 7.7 257680
35230 6 257740
35240 5.7 257797
35250 7 257867
35260 9.3 257960
35270 7.2 258032
35280 7.2 258104
35290 8.5 258189
35300 6.4 258253
35310 6.6 258319
35320 5.4 258373
35330 9.8 258471
35340 6.4 258535
35350 6.1 258596
35360 7.6 258672
35370 8.9 258761
35380 6.8 258829
35390 6.4 258893
35400 8.3 258976
35410 7 259046
35420 6.8 259114
35430 6.4 259178
35440 7.1 259249
35450 6.6 259315
35460 8.3 259398
35470 7.2 259470
35480 8.2 259552
35490 7.8 259630
35500 7 259700
35510 8.4 259784
35520 6.5 259849
35530 5.8 259907
35540 8.8 259995
35550 5.6 260051
35560 7.2 260123
35570 7.7 260200
35580 9.4 260294
35590 6.8 260362
35600 7.2 260434
35610 6.5 260499
35620 5.8 260557
35630 8.4 260641
35640 7.3 260714
35650 7.6 260790
35660 7 260860
35670 7.6 260936
35680 7.3 261009
35690 6.1 261070
35700 8.2 261152
35710 7.3 261225
35720 6.2 261287
35730 8.3 261370
35740 8 261450
35750 6.7 261517
35760 6.6 261583
35770 8.9 261672
35780 6.6 261738
35790 7 261808
35800 6.4 261872
35810 6.2 261934
35820 9.9 262033
35830 5.8 262091
35840 7.4 262165
35850 8.5 262250
35860 7.1 262321
35870 7.1 262392
35880 7.6 262468
35890 6.7 262535
35900 7.3 262608
35910 7.8 262686
35920 6.6 262752
35930 5.3 262805
35940 6.8 262873
35950 6.6 262939
35960 10 263039
35970 5.9 263098
35980 6.9 263167
35990 7.5 263242
36000 6.4 263306
36010 4.6 263352
36020 6.6 263418
36030 8.6 263504
36040 10 263604
36050 7.6 263680
36060 9.2 263772
36070 7.6 263848
36080 11.1 263959
36090 8.6 264045
36100 7.7 264122
36110 7.8 264200
36120 10.2 264302
36130 9.3 264395
36140 8.6 264481
36150 12.9 264610
36160 10.7 264717
36170 9.4 264811
36180 10 264911
36190 9.5 265006
36200 11.6 265122
36210 10.6 265228
36220 9.8 265326
36230 12.2 265448
36240 10.6 265554
36250 7.7 265631
36260 8.5 265716
36270 9.7 265813
36280 9.8 265911
36290 9.7 266008
36300 10.8 266116
36310 9.6 266212
36320 7.5 266287
36330 10.7 266394
36340 10.7 266501
36350 10 266601
36360 12.3 266724
36370 8.8 266812
36380 7.9 266891
36390 8.8 266979
36400 9 267069
36410 10.5 267174
36420 10.1 267275
36430 10.4 267379
36440 10.1 267480
36450 8.7 267567
36460 10.7 267674
36470 9.3 267767
36480 10 267867
36490 9.1 267958
36500 10.4 268062
36510 9.2 268154
36520 8.7 268241
36530 11 268351
36540 10.2 268453
36550 8.5 268538
36560 9.4 268632
36570 10.3 268735
36580 7.9 268814
36590 7.2 268886
36600 9.6 268982
36610 11.2 269094
36620 8.8 269182
36630 11.5 269297
36640 11.9 269416
36650 10.4 269520
36660 12.8 269648
36670 12 269768
36680 11.2 269880
36690 10.3 269983
36700 14.2 270125
36710 10.9 270234
36720 9.9 270333
36730 12.2 270455
36740 10.1 270556
36750 10.2 270658
36760 10.6 270764
36770 10.4 270868
36780 11.5 270983
36790 13.8 271121
36800 11.6 271237
36810 12.7 271364
36820 9.9 271463
36830 9.5 271558
36840 11.6 271674
36850 12.6 271800
36860 10.7 271907
36870 12.2 272029
36880 12.1 272150
36890 11 272260
36900 10.8 272368
36910 10.5 272473
36920 10.3 272576
36930 15.4 272730
36940 12.1 272851
36950 8.7 272938
36960 9.6 273034
36970 13.3 273167
36980 12.5 273292
36990 13.2 273424
37000 11.5 273539
37010 10 273639
37020 11.9 273758
37030 11.5 273873
37040 12 273993
37050 8.5 274078
37060 11.8 274196
37070 12.8 274324
37080 12.1 274445
37090 11.7 274562
37100 9.8 274660
37110 14.3 274803
37120 13.1 274934
37130 10.8 275042
37140 11.7 275159
37150 11.7 275276
37160 10.7 275383
37170 12.5 275508
37180 12.3 275631
37190 13 275761
37200 10.9 275870
37210 13.3 276003
37220 13.5 276138
37230 12.4 276262
37240 11.3 276375
37250 15.7 276532
37260 9.4 276626
37270 13.1 276757
37280 13.4 276891
37290 15.6 277047
37300 15.9 277206
37310 13.9 277345
37320 14.6 277491
37330 13.6 277627
37340 12.4 277751
37350 17 277921
37360 12.6 278047
37370 12.7 278174
37380 14.9 278323
37390 15.7 278480
37400 10.5 278585
37410 12.2 278707
37420 15 278857
37430 12.1 278978
37440 12.5 279103
37450 16.7 279270
37460 9.6 279366
37470 15.4 279520
37480 16.4 279684
37490 12.4 279808
37500 12.3 279931
37510 14.4 280075
37520 12.3 280198
37530 13.1 280329
37540 11.7 280446
37550 12 280566
37560 15 280716
37570 9.4 280810
37580 12.6 280936
37590 14.6 281082
37600 13.6 281218
37610 15 281368
37620 13.7 281505
37630 12.1 281626
37640 16.4 281790
37650 13.1 281921
37660 12.8 282049
37670 12.8 282177
37680 14.3 282320
37690 16.2 282482
37700 12.9 282611
37710 14 282751
37720 14.6 282897
37730 14.4 283041
37740 14.4 283185
37750 14.7 283332
37760 8.9 283421
37770 13.1 283552
37780 14.6 283698
37790 13.6 283834
37800 8.1 283915
37810 8.6 284001
37820 18.3 284184
37830 12.7 284311
37840 12.9 284440
37850 14.7 284587
37860 15.2 284739
37870 16.7 284906
37880 15.2 285058
37890 15.5 285213
37900 17.9 285392
37910 10.5 285497
37920 17.7 285674
37930 17.6 285850
37940 9.2 285942
37950 15.5 286097
37960 19.4 286291
37970 14 286431
37980 13.9 286570
37990 11.5 286685
38000 17.4 286859
38010 15.4 287013
38020 14.1 287154
38030 17.5 287329
38040 13 287459
38050 16.3 287622
38060 12.3 287745
38070 13.3 287878
38080 17.1 288049
38090 17.3 288222
38100 12.2 288344
38110 14.6 288490
38120 16.2 288652
38130 15 288802
38140 15 288952
38150 21.6 289168
38160 12.9 289297
38170 11 289407
38180 14.8 289555
38190 18.1 289736
38200 16.6 289902
38210 12.6 290028
38220 15.7 290185
38230 12.9 290314
38240 16.4 290478
38250 17 290648
38260 15.6 290804
38270 12.5 290929
38280 16.6 291095
38290 14.4 291239
38300 15 291389
38310 14 291529
38320 15.4 291683
38330 13.5 291818
38340 17.2 291990
38350 14.2 292132
38360 16 292292
38370 13.4 292426
38380 16.1 292587
38390 13.7 292724
38400 12.6 292850
38410 12.7 292977
38420 13.7 293114
38430 17.8 293292
38440 15.3 293445
38450 15.4 293599
38460 19.5 293794
38470 14.6 293940
38480 17.7 294117
38490 15 294267
38500 17 294437
38510 17.7 294614
38520 14.8 294762
38530 15.5 294917
38540 19.4 295111
38550 14.8 295259
38560 18.1 295440
38570 17.3 295613
38580 16.2 295775
38590 17.4 295949
38600 12.7 296076
38610 16.8 296244
38620 15.9 296403
38630 18.1 296584
38640 18.3 296767
38650 14.9 296916
38660 14.4 297060
38670 19.3 297253
38680 14.6 297399
38690 15.7 297556
38700 13 297686
38710 17.2 297858
38720 17 298028
38730 14.9 298177
38740 19 298367
38750 16.1 298528
38760 17.2 298700
38770 14.6 298846
38780 13.9 298985
38790 16.4 299149
38800 18 299329
38810 19.8 299527
38820 12.1 299648
38830 15.4 299802
38840 15 299952
38850 14.5 300097
38860 17.7 300274
38870 10.8 300382
38880 18.5 300567
38890 16 300727
38900 13.4 300861
38910 16.5 301026
38920 15.1 301177
38930 15.6 301333
38940 16.7 301500
38950 17.2 301672
38960 15.4 301826
38970 13.6 301962
38980 16.4 302126
38990 17.2 302298
39000 14.3 302441
39010 16.6 302607
39020 15 302757
39030 15.6 302913
39040 12.5 303038
39050 15.5 303193
39060 23 303423
39070 12.4 303547
39080 17.8 303725
39090 19.6 303921
39100 15.2 304073
39110 18.3 304256
39120 14.4 304400
39130 20.5 304605
39140 16.7 304772
39150 14.4 304916
39160 16.5 305081
39170 14.8 305229
39180 18.9 305418
39190 14.5 305563
39200 19.8 305761
39210 12.2 305883
39220 18.7 306070
39230 14.4 306214
39240 20.5 306419
39250 16.4 306583
39260 16.3 306746
39270 17.4 306920
39280 13.2 307052
39290 11.6 307168
39300 21.8 307386
39310 11.2 307498
39320 22.7 307725
39330 16.2 307887
39340 11.6 308003
39350 22.5 308228
39360 16.2 308390
39370 17 308560
39380 10.9 308669
39390 14 308809
39400 17.6 308985
39410 20.6 309191
39420 13.8 309329
39430 15 309479
39440 21.8 309697
39450 10.8 309805
39460 14.6 309951
39470 17.4 310125
39480 12.7 310252
39490 17 310422
39500 22.8 310650
39510 11.4 310764
39520 11.9 310883
39530 15.5 311038
39540 19.9 311237
39550 14.2 311379
39560 20 311579
39570 14.2 311721
39580 15.2 311873
39590 16.2 312035
39600 16 312195
39610 20.7 312402
39620 11.4 312516
39630 13.2 312648
39640 16.2 312810
39650 16 312970
39660 19.9 313169
39670 13.8 313307
39680 11.5 313422
39690 21.8 313640
39700 12.3 313763
39710 21.3 313976
39720 12.9 314105
39730 14.7 314252
39740 23.2 314484
39750 10.2 314586
39760 16.2 314748
39770 19.1 314939
39780 13.8 315077
39790 10.4 315181
39800 21.7 315398
39810 13.1 315529
39820 18.8 315717
39830 10.3 315820
39840 21.5 316035
39850 15.5 316190
39860 15.7 316347
39870 19.5 316542
39880 13.5 316677
39890 13 316807
39900 17 316977
39910 10.1 317078
39920 15.3 317231
39930 17.3 317404
39940 15 317554
39950 20.3 317757
39960 15.8 317915
39970 13.6 318051
39980 17.7 318228
39990 14.1 318369
40000 16.1 318530
40010 15 318680
40020 15.1 318831
40030 17.9 319010
40040 12.5 319135
40050 15.7 319292
40060 25.5 319547
40070 11.3 319660
40080 11.6 319776
40090 17.1 319947
40100 19.9 320146
40110 13.5 320281
40120 12.9 320410
40130 18 320590
40140 11.7 320707
40150 15.5 320862
40160 17.1 321033
40170 13.4 321167
40180 18.7 321354
40190 18.2 321536
40200 14.6 321682
40210 15 321832
40220 19.7 322029
40230 19.7 322226
40240 15.8 322384
40250 17.4 322558
40260 18.5 322743
40270 14.9 322892
40280 17.1 323063
40290 18.5 323248
40300 15.9 323407
40310 19.1 323598
40320 17 323768
40330 17.5 323943
40340 17.2 324115
40350 14.7 324262
40360 18.2 324444
40370 16.9 324613
40380 16.7 324780
40390 18 324960
40400 20.3 325163
40410 14.2 325305
40420 13 325435
40430 21.7 325652
40440 18.7 325839
40450 15.6 325995
40460 17 326165
40470 13 326295
40480 16.7 326462
40490 19.8 326660
40500 14.1 326801
40510 16.4 326965
40520 21.3 327178
40530 16.7 327345
40540 13 327475
40550 20 327675
40560 20.6 327881
40570 12.9 328010
40580 14 328150
40590 18.9 328339
40600 21.2 328551
40610 13.2 328683
40620 14 328823
40630 23.8 329061
40640 9.7 329158
40650 16.9 329327
40660 20.6 329533
40670 13.7 329670
40680 19.1 329861
40690 15 330011
40700 16.4 330175
40710 20.1 330376
40720 14.8 330524
40730 17.8 330702
40740 15.4 330856
40750 17.5 331031
40760 14.8 331179
40770 17.1 331350
40780 17.7 331527
40790 17.8 331705
40800 11.6 331821
40810 19.7 332018
40820 15.9 332177
40830 20.7 332384
40840 13.1 332515
40850 22.1 332736
40860 18.7 332923
40870 16.2 333085
40880 16.2 333247
40890 21.2 333459
40900 15.7 333616
40910 15 333766
40920 21 333976
40930 16.5 334141
40940 16.1 334302
40950 20.5 334507
40960 19.1 334698
40970 14.6 334844
40980 20.6 335050
40990 16.1 335211
41000 18.1 335392
41010 18.4 335576
41020 17.8 335754
41030 16.1 335915
41040 17.2 336087
41050 19.7 336284
41060 14.4 336428
41070 19.6 336624
41080 16.5 336789
41090 12.8 336917
41100 17.5 337092
41110 19.4 337286
41120 13.6 337422
41130 23.7 337659
41140 14.9 337808
41150 13.7 337945
41160 20.3 338148
41170 18.3 338331
41180 10.9 338440
41190 15.6 338596
41200 20.6 338802
41210 16.6 338968
41220 17.7 339145
41230 13.3 339278
41240 23.1 339509
41250 15.6 339665
41260 14.3 339808
41270 21.8 340026
41280 20.2 340228
41290 12.1 340349
41300 15.2 340501
41310 21.5 340716
41320 17.1 340887
41330 11.2 340999
41340 19.6 341195
41350 19.6 341391
41360 15.2 341543
41370 16.2 341705
41380 18.6 341891
41390 19.2 342083
41400 15.5 342238
41410 16.4 342402
41420 20.9 342611
41430 11.7 342728
41440 13.6 342864
41450 21.2 343076
41460 14.3 343219
41470 18 343399
41480 16.2 343561
41490 20.2 343763
41500 12.2 343885
41510 14.3 344028
41520 24.3 344271
41530 15.7 344428
41540 14.6 344574
41550 20.5 344779
41560 13.1 344910
41570 21.3 345123
41580 17.3 345296
41590 20 345496
41600 14 345636
41610 15.2 345788
41620 19 345978
41630 18.9 346167
41640 13.3 346300
41650 16.5 346465
41660 18 346645
41670 23.6 346881
41680 15.6 347037
41690 14.8 347185
41700 24.1 347426
41710 10.1 347527
41720 20 347727
41730 14.7 347874
41740 19.8 348072
41750 21.3 348285
41760 9.4 348379
41770 13 348509
41780 20.4 348713
41790 13.8 348851
41800 16.7 349018
41810 15.9 349177
41820 21.1 349388
41830 15.9 349547
41840 18.7 349734
41850 23.2 349966
41860 20.8 350174
41870 16.1 350335
41880 20.7 350542
41890 16.5 350707
41900 14.3 350850
41910 20.7 351057
41920 19.1 351248
41930 17.1 351419
41940 16.7 351586
41950 17.8 351764
41960 12.9 351893
41970 20.3 352096
41980 21.5 352311
41990 15.7 352468
42000 15.5 352623
42010 23.8 352861
42020 14.2 353003
42030 18.3 353186
42040 19.7 353383
42050 17.2 353555
42060 13.4 353689
42070 15.5 353844
42080 20.8 354052
42090 11.7 354169
42100 19.4 354363
42110 16 354523
42120 19.9 354722
42130 10.7 354829
42140 14.9 354978
42150 19.6 355174
42160 15.1 355325
42170 13.9 355464
42180 19.6 355660
42190 17.1 355831
42200 8 355911
42210 8.3 355994
42220 11 356104
42230 4.3 356147
42240 3.8 356185
42250 5.2 356237
42260 5.5 356292
42270 8.1 356373
42280 4.7 356420
42290 0.8 356428
42300 0.9 356437
42310 0.1 356438
42320 0 356438
42330 0 356438
42340 0 356438
42350 0 356438
42360 0 356438
42370 0 356438
42380 0 356438
42390 0 356438
42400 0 356438
42410 0 356438
42420 0 356438
42430 0 356438
42440 0 356438
42450 0 356438
42460 0 356438
42470 0 356438
42480 0 356438
42490 0 356438
42500 0 356438
42510 0 356438
42520 0 356438
42530 0 356438
42540 0 356438
42550 0 356438
42560 0 356438
42570 0 356438
42580 0 356438
42590 0 356438
42600 0 356438
42610 0 356438
42620 0 356438
42630 0 356438
42640 0 356438
42650 0 356438
42660 0 356438
42670 0 356438
42680 0 356438
42690 0 356438
42700 0 356438
42710 0 356438
42720 0 356438
42730 0 356438
42740 0 356438
42750 0 356438
42760 0 356438
42770 0 356438
42780 0 356438
42790 0 356438
42800 0 356438
42810 0 356438
42820 0 356438
42830 0 356438
42840 0 356438
42850 0 356438
42860 0 356438
42870 0 356438
42880 0 356438
42890 0 356438
42900 0 356438
42910 0 356438
42920 0 356438
42930 0 356438
42940 0 356438
42950 0 356438
42960 0 356438
42970 0 356438
42980 0 356438
42990 0 356438
43000 0 356438
43010 0 356438
43020 0 356438
43030 0 356438
43040 0 356438
43050 0 356438
43060 0 356438
43070 0 356438
43080 0 356438
43090 0 356438
43100 0 356438
43110 0 356438
43120 0 356438
43130 0 356438
43140 0 356438
43150 0 356438
43160 0 356438
43170 0 356438
43180 0 356438
43190 0 356438
43200 0 356438
43210 0 356438
43220 0 356438
43230 0 356438
43240 0 356438
43250 0 356438
43260 0 356438
43270 0 356438
43280 0 356438
43290 0 356438
43300 0 356438
43310 0 356438
43320 0 356438
43330 0 356438
43340 0 356438
43350 0 356438
43360 0 356438
43370 0 356438
43380 0 356438
43390 0 356438
43400 0 356438
43410 0 356438
43420 0 356438
43430 0 356438
43440 0 356438
43450 0 356438
43460 0 356438
43470 0 356438
43480 0 356438
43490 0 356438
43500 0 356438
43510 0 356438
43520 0 356438
43530 0 356438
43540 0 356438
43550 0 356438
43560 0 356438
43570 0 356438
43580 0 356438
43590 0 356438
43600 0 356438
43610 0 356438
43620 0 356438
43630 0 356438
43640 0 356438
43650 0 356438
43660 0 356438
43670 0 356438
43680 0 356438
43690 0 356438
43700 0 356438
43710 0 356438
43720 0 356438
43730 0 356438
43740 0 356438
43750 0 356438
43760 0 356438
43770 0 356438
43780 0 356438
43790 0 356438
43800 0 356438
43810 0 356438
43820 0 356438
43830 0 356438
43840 0 356438
43850 0 356438
43860 0 356438
43870 0 356438
43880 0 356438
43890 0 356438
43900 0 356438
43910 0 356438
43920 0 356438
43930 0 356438
43940 0 356438
43950 0 356438
43960 0 356438
43970 0 356438
43980 0 356438
43990 0 356438
44000 0 356438
44010 0 356438
44020 0 356438
44030 0 356438
44040 0 356438
44050 0 356438
44060 0 356438
44070 0 356438
44080 0 356438
44090 0 356438
44100 0 356438
44110 0 356438
44120 0 356438
44130 0 356438
44140 0 356438
44150 0 356438
44160 0 356438
44170 0 356438
44180 0 356438
44190 0 356438
44200 0 356438
44210 0 356438
44220 0 356438
44230 0 356438
44240 0 356438
44250 0 356438
44260 0 356438
44270 0 356438
44280 0 356438
44290 0 356438
44300 0 356438
44310 0 356438
44320 0 356438
44330 0 356438
44340 0 356438
44350 0 356438
44360 0 356438
44370 0 356438
44380 0 356438
44390 0 356438
44400 0 356438
44410 0 356438
44420 0 356438
44430 0 356438
44440 0 356438
44450 0 356438
44460 0 356438
44470 0 356438
44480 0 356438
44490 0 356438
44500 0 356438
44510 0 356438
44520 0 356438
44530 0 356438
44540 0 356438
44550 0 356438
44560 0 356438
44570 0 356438
44580 0 356438
44590 0 356438
44600 0 356438
44610 0 356438
44620 0 356438
44630 0 356438
44640 0 356438
44650 0 356438
44660 0 356438
44670 0 356438
44680 0 356438
44690 0 356438
44700 0 356438
44710 0 356438
44720 0 356438
44730 0 356438
44740 0 356438
44750 0 356438
44760 0 356438
44770 0 356438
44780 0 356438
44790 0 356438
44800 0 356438
44810 0 356438
44820 0 356438
44830 0 356438
44840 0 356438
44850 0 356438
44860 0 356438
44870 0 356438
44880 0 356438
44890 0 356438
44900 0 356438
44910 0 356438
44920 0 356438
44930 0 356438
44940 0 356438
44950 0 356438
44960 0 356438
44970 0 356438
44980 0 356438
44990 0 356438
45000 0 356438
45010 0 356438
45020 0 356438
45030 0 356438
45040 0 356438
45050 0 356438
45060 0 356438
45070 0 356438
45080 0 356438
45090 0 356438
45100 0 356438
45110 0 356438
45120 0 356438
45130 0 356438
45140 0 356438
45150 0 356438
45160 0 356438
45170 0 356438
45180 0 356438
45190 0 356438
45200 0 356438
45210 0 356438
45220 0 356438
45230 0 356438
45240 0 356438
45250 0 356438
45260 0 356438
45270 0 356438
45280 0 356438
45290 0 356438
45300 0 356438
45310 0 356438
45320 0 356438
45330 0 356438
45340 0 356438
45350 0 356438
45360 0 356438
45370 0 356438
45380 0 356438
45390 0 356438
45400 0 356438
45410 0 356438
45420 0 356438
45430 0 356438
45440 0 356438
45450 0 356438
45460 0 356438
45470 0 356438
45480 0 356438
45490 0 356438
45500 0 356438
45510 0 356438
45520 0 356438
45530 0 356438
45540 0 356438
45550 0 356438
45560 0 356438
45570 0 356438
45580 0 356438
45590 0 356438
45600 0 356438
45610 0 356438
45620 0 356438
45630 0 356438
45640 0 356438
45650 0 356438
45660 0 356438
45670 0 356438
45680 0 356438
45690 0 356438
45700 0 356438
45710 0 356438
45720 0 356438
45730 0 356438
45740 0 356438
45750 0 356438
45760 0 356438
45770 0 356438
45780 0 356438
45790 0 356438
45800 0 356438
45810 0 356438
45820 0 356438
45830 0 356438
45840 0 356438
45850 0 356438
45860 0 356438
45870 0 356438
45880 0 356438
45890 0 356438
45900 0 356438
45910 0 356438
45920 0 356438
45930 0 356438
45940 0 356438
45950 0 356438
45960 0 356438
45970 0 356438
45980 0 356438
45990 0 356438
46000 0 356438
46010 0 356438
46020 0 356438
46030 0 356438
46040 0 356438
46050 0 356438
46060 0 356438
46070 0 356438
46080 0 356438
46090 0 356438
46100 0 356438
46110 0 356438
46120 0 356438
46130 0 356438
46140 0 356438
46150 0 356438
46160 0 356438
46170 0 356438
46180 0 356438
46190 0 356438
46200 0 356438
46210 0 356438
46220 0 356438
46230 0 356438
46240 0 356438
46250 0 356438
46260 0 356438
46270 0 356438
46280 0 356438
46290 0 356438
46300 0 356438
46310 0 356438
46320 0 356438
46330 0 356438
46340 0 356438
46350 0 356438
46360 0 356438
46370 0 356438
46380 0 356438
46390 0 356438
46400 0 356438
46410 0 356438
46420 0 356438
46430 0 356438
46440 0 356438
46450 0 356438
46460 0 356438
46470 0 356438
46480 0 356438
46490 0 356438
46500 0 356438
46510 0 356438
46520 0 356438
46530 0 356438
46540 0 356438
46550 0 356438
46560 0 356438
46570 0 356438
46580 0 356438
46590 0 356438
46600 0 356438
46610 0 356438
46620 0 356438
46630 0 356438
46640 0 356438
46650 0 356438
46660 0 356438
46670 0 356438
46680 0 356438
46690 0 356438
46700 0 356438
46710 0 356438
46720 0 356438
46730 0 356438
46740 0 356438
46750 0 356438
46760 0 356438
46770 0 356438
46780 0 356438
46790 0 356438
46800 0 356438
46810 0 356438
46820 0 356438
46830 0 356438
46840 0 356438
46850 0 356438
46860 0 356438
46870 0 356438
46880 0 356438
46890 0 356438
46900 0 356438
46910 0 356438
46920 0 356438
46930 0 356438
46940 0 356438
46950 0 356438
46960 0 356438
46970 0 356438
46980 0 356438
46990 0 356438
47000 0 356438
47010 0 356438
47020 0 356438
47030 0 356438
47040 0 356438
47050 0 356438
47060 0 356438
47070 0 356438
47080 0 356438
47090 0 356438
47100 0 356438
47110 0 356438
47120 0 356438
47130 0 356438
47140 0 356438
47150 0 356438
47160 0 356438
47170 0 356438
47180 0 356438
47190 0 356438
47200 0 356438
47210 0 356438
47220 0 356438
47230 0 356438
47240 0 356438
47250 0 356438
47260 0 356438
47270 0 356438
47280 0 356438
47290 0 356438
47300 0 356438
47310 0 356438
47320 0 356438
47330 0 356438
47340 0 356438
47350 0 356438
47360 0 356438
47370 0 356438
47380 0 356438
47390 0 356438
47400 0 356438
47410 0 356438
47420 0 356438
47430 0 356438
47440 0 356438
47450 0 356438
47460 0 356438
47470 0 356438
47480 0 356438
47490 0 356438
47500 0 356438
47510 0 356438
47520 0 356438
47530 0 356438
47540 0 356438
47550 0 356438
47560 0 356438
47570 0 356438
47580 0 356438
47590 0 356438
47600 0 356438
47610 0 356438
47620 0 356438
47630 0 356438
47640 2.7 356465
47650 25.1 356716
47660 15.3 356869
47670 25.7 357126
47680 12.3 357249
47690 30.3 357552
47700 14.2 357694
47710 20.9 357903
47720 18.6 358089
47730 21.5 358304
47740 24.4 358548
47750 17.1 358719
47760 24.9 358968
47770 19.7 359165
47780 14.5 359310
47790 26.9 359579
47800 18.7 359766
47810 14.6 359912
47820 28.1 360193
47830 15.4 360347
47840 14 360487
47850 30.9 360796
47860 21 361006
47870 23.4 361240
47880 18.2 361422
47890 22 361642
47900 18.6 361828
47910 26.4 362092
47920 11.5 362207
47930 23.5 362442
47940 17.9 362621
47950 22.8 362849
47960 16.8 363017
47970 22.4 363241
47980 22.7 363468
47990 16.4 363632
48000 23.5 363867
48010 24.6 364113
48020 16.6 364279
48030 18.1 364460
48040 22.5 364685
48050 17.2 364857
48060 17.2 365029
48070 21.2 365241
48080 23.7 365478
48090 17.5 365653
48100 21.3 365866
48110 19.5 366061
48120 20.3 366264
48130 13.9 366403
48140 17.5 366578
48150 20.4 366782
48160 21.7 366999
48170 16.6 367165
48180 15.2 367317
48190 19 367507
48200 20.4 367711
48210 21.8 367929
48220 11.3 368042
48230 24.4 368286
48240 20.2 368488
48250 20.8 368696
48260 13.7 368833
48270 21.3 369046
48280 21.9 369265
48290 20.9 369474
48300 13.9 369613
48310 20.8 369821
48320 19.7 370018
48330 21.8 370236
48340 14.9 370385
48350 22.9 370614
48360 20.7 370821
48370 12 370941
48380 22.6 371167
48390 23.9 371406
48400 20.1 371607
48410 22.7 371834
48420 17.6 372010
48430 23.7 372247
48440 19.7 372444
48450 24.8 372692
48460 15.7 372849
48470 15.3 373002
48480 21.2 373214
48490 21 373424
48500 14.9 373573
48510 15.9 373732
48520 20.3 373935
48530 23.6 374171
48540 16.6 374337
48550 21.2 374549
48560 17.5 374724
48570 13.3 374857
48580 17.5 375032
48590 21.2 375244
48600 14.1 375385
48610 19.8 375583
48620 17.4 375757
48630 16.4 375921
48640 18.9 376110
48650 18.3 376293
48660 17.9 376472
48670 14.8 376620
48680 11.3 376733
48690 19.1 376924
48700 18.1 377105
48710 13.8 377243
48720 10.2 377345
48730 18.9 377534
48740 14.5 377679
48750 7.9 377758
48760 8.5 377843
48770 5.4 377897
48780 5.3 377950
48790 6.3 378013
48800 3.2 378045
48810 2 378065
48820 0.7 378072
48830 0.1 378073
48840 0.1 378074
48850 0.2 378076
48860 0 378076
48870 0 378076
48880 0 378076
48890 0 378076
48900 0 378076
48910 0 378076
48920 0 378076
48930 0 378076
48940 0 378076
48950 0 378076
48960 0 378076
48970 0 378076
48980 0 378076
48990 0 378076
49000 0 378076
49010 0 378076
49020 0 378076
49030 0 378076
49040 0 378076
49050 0 378076
49060 0 378076
49070 0 378076
49080 0 378076
49090 0 378076
49100 0 378076
49110 0 378076
49120 0 378076
49130 0 378076
49140 0 378076
49150 0 378076
49160 0 378076
49170 0 378076
49180 0 378076
49190 0 378076
49200 0 378076
49210 0 378076
49220 0 378076
49230 0 378076
49240 0 378076
49250 0 378076
49260 0 378076
49270 0 378076
49280 0 378076
49290 0 378076
49300 0 378076
49310 0 378076
49320 0 378076
49330 0 378076
49340 0 378076
49350 0 378076
49360 0 378076
49370 0 378076
49380 0 378076
49390 5.4 378130
49400 20.7 378337
49410 15 378487
49420 19.2 378679
49430 21 378889
49440 8.4 378973
49450 6.3 379036
49460 23.2 379268
49470 14.6 379414
49480 28 379694
49490 19.4 379888
49500 20.8 380096
49510 21.2 380308
49520 21.8 380526
49530 14.3 380669
49540 21.4 380883
49550 19.5 381078
49560 16.7 381245
49570 17.4 381419
49580 17.9 381598
49590 18.8 381786
49600 23.1 382017
49610 20.5 382222
49620 21.6 382438
49630 22.4 382662
49640 19.3 382855
49650 16.3 383018
49660 22 383238
49670 18.4 383422
49680 16.1 383583
49690 21.9 383802
49700 15.6 383958
49710 20.6 384164
49720 22.6 384390
49730 15.7 384547
49740 23.5 384782
49750 18.3 384965
49760 19.2 385157
49770 16.6 385323
49780 24.2 385565
49790 16.6 385731
49800 17.6 385907
49810 19.1 386098
49820 19.9 386297
49830 16.7 386464
49840 17.1 386635
49850 18.7 386822
49860 13.7 386959
49870 25.6 387215
49880 15.2 387367
49890 19.7 387564
49900 10.6 387670
49910 24 387910
49920 14.9 388059
49930 22.6 388285
49940 20.2 388487
49950 17.6 388663
49960 17.4 388837
49970 25.8 389095
49980 15.2 389247
49990 9.9 389346
50000 18.3 389529
50010 24.4 389773
50020 11.8 389891
50030 20.3 390094
50040 17.8 390272
50050 17.2 390444
50060 18.6 390630
50070 15.3 390783
50080 17.5 390958
50090 22.4 391182
50100 15 391332
50110 24.1 391573
50120 13.9 391712
50130 22 391932
50140 19.5 392127
50150 13.7 392264
50160 17.1 392435
50170 20.7 392642
50180 19.1 392833
50190 14.6 392979
50200 21 393189
50210 18.7 393376
50220 14 393516
50230 27.8 393794
50240 12.2 393916
50250 14.7 394063
50260 23.8 394301
50270 12.5 394426
50280 17.8 394604
50290 21.1 394815
50300 14.3 394958
50310 23.3 395191
50320 15.7 395348
50330 15.5 395503
50340 17.4 395677
50350 18.8 395865
50360 19.8 396063
50370 18.8 396251
50380 19.4 396445
50390 15.4 396599
50400 21.7 396816
50410 13.7 396953
50420 12.7 397080
50430 21.4 397294
50440 16.6 397460
50450 18.4 397644
50460 19.5 397839
50470 23.7 398076
50480 14.6 398222
50490 12.6 398348
50500 16.2 398510
50510 19.5 398705
50520 18.6 398891
50530 22.7 399118
50540 19.1 399309
50550 15.8 399467
50560 16.1 399628
50570 17 399798
50580 20.9 400007
50590 23.5 400242
50600 21.2 400454
50610 11.9 400573
50620 14 400713
50630 23.4 400947
50640 19.2 401139
50650 19.2 401331
50660 18.1 401512
50670 19.7 401709
50680 17.2 401881
50690 20.5 402086
50700 20.9 402295
50710 20.3 402498
50720 20.4 402702
50730 20.2 402904
50740 15 403054
50750 21.6 403270
50760 27.2 403542
50770 9.4 403636
50780 14.5 403781
50790 32.1 404102
50800 10.8 404210
50810 13.2 404342
50820 25.6 404598
50830 11.4 404712
50840 19.3 404905
50850 20.3 405108
50860 20.4 405312
50870 15.3 405465
50880 23.9 405704
50890 18.3 405887
50900 12.6 406013
50910 24.8 406261
50920 17.2 406433
50930 20.2 406635
50940 23.1 406866
50950 14.8 407014
50960 18 407194
50970 23.6 407430
50980 15.4 407584
50990 19.6 407780
51000 12.6 407906
51010 22.7 408133
51020 17.1 408304
51030 13.3 408437
51040 17 408607
51050 25.4 408861
51060 11.9 408980
51070 16.9 409149
51080 19.9 409348
51090 12.9 409477
51100 16.4 409641
51110 22.1 409862
51120 8 409942
51130 21.1 410153
51140 15.2 410305
51150 9.9 410404
51160 22.8 410632
51170 15.1 410783
51180 5.5 410838
51190 18.7 411025
51200 10.3 411128
51210 7.3 411201
51220 10.4 411305
51230 5.9 411364
51240 6 411424
51250 2.7 411451
51260 1.7 411468
51270 0.9 411477
51280 0.1 411478
51290 0.1 411479
51300 0 411479
51310 0.2 411481
51320 0 411481
51330 0 411481
51340 0 411481
51350 0 411481
51360 0 411481
51370 0 411481
51380 0 411481
51390 0 411481
51400 0 411481
51410 0 411481
51420 0 411481
51430 0 411481
51440 0 411481
51450 0 411481
51460 0 411481
51470 0 411481
51480 0 411481
51490 0 411481
51500 0 411481
51510 0 411481
51520 0 411481
51530 0 411481
51540 0 411481
51550 0 411481
51560 0 411481
51570 0 411481
51580 0 411481
51590 0 411481
51600 0 411481
51610 0 411481
51620 0 411481
51630 0 411481
51640 0 411481
51650 0 411481
51660 0 411481
51670 0 411481
51680 0 411481
51690 0 411481
51700 0 411481
51710 0 411481
51720 0 411481
51730 0 411481
51740 0 411481
51750 0 411481
51760 0 411481
51770 0 411481
51780 0 411481
51790 0 411481
51800 0 411481
51810 0 411481
51820 0 411481
51830 0 411481
51840 0 411481
51850 0 411481
51860 0 411481
51870 0 411481
51880 0 411481
51890 0 411481
51900 0 411481
51910 0 411481
51920 0 411481
51930 0 411481
51940 0 411481
51950 0 411481
51960 0 411481
51970 0 411481
51980 0 411481
51990 0 411481
52000 0 411481
52010 0 411481
52020 0 411481
52030 0 411481
52040 0 411481
52050 0 411481
52060 0 411481
52070 0 411481
52080 0 411481
52090 0 411481
52100 0 411481
52110 0 411481
52120 0 411481
52130 0 411481
52140 0 411481
52150 0 411481
52160 0 411481
52170 0 411481
52180 0 411481
52190 0 411481
52200 0 411481
52210 0 411481
52220 0 411481
52230 0 411481
52240 0 411481
52250 0 411481
52260 0 411481
52270 0 411481
52280 0 411481
52290 0 411481
52300 0 411481
52310 0 411481
52320 0 411481
52330 0 411481
52340 0 411481
52350 0 411481
52360 0 411481
52370 0 411481
52380 0 411481
52390 0 411481
52400 0 411481
52410 0 411481
52420 0 411481
52430 0 411481
52440 0 411481
52450 0 411481
52460 0 411481
52470 0 411481
52480 0 411481
52490 0 411481
52500 0 411481
52510 0 411481
52520 0 411481
52530 0 411481
52540 0 411481
52550 0 411481
52560 0 411481
52570 0 411481
52580 0 411481
52590 0 411481
52600 0 411481
52610 0 411481
52620 0 411481
52630 0 411481
52640 0 411481
52650 0 411481
52660 0 411481
52670 0 411481
52680 0 411481
52690 0 411481
52700 0 411481
52710 0 411481
52720 0 411481
52730 0 411481
52740 0 411481
52750 0 411481
52760 0 411481
52770 0 411481
52780 0 411481
52790 0 411481
52800 0 411481
52810 0 411481
52820 0 411481
52830 0 411481
52840 0 411481
52850 0 411481
52860 0 411481
52870 0 411481
52880 0 411481
52890 0 411481
52900 0 411481
52910 0 411481
52920 0 411481
52930 0 411481
52940 0.1 411482
