20 0.2 2
30 0.4 6
40 0.6 12
50 0.8 20
60 1 30
70 1.4 44
80 1.3 57
90 1.2 69
100 1.3 82
110 1.3 95
120 1.9 114
130 1.1 125
140 1.2 137
150 1.6 153
160 1.3 166
170 2 186
180 1.8 204
190 3.2 236
200 1.8 254
210 3 284
220 2.7 311
230 2.4 335
240 3.4 369
250 2.7 396
260 3.2 428
270 3 458
280 2.8 486
290 2.6 512
300 3.1 543
310 3.1 574
320 2.6 600
330 2.5 625
340 2.9 654
350 3.2 686
360 2.6 712
370 3.9 751
380 3.2 783
390 2.3 806
400 2.6 832
410 3.6 868
420 3.8 906
430 3.4 940
440 3 970
450 2.8 998
460 2.3 1021
470 3.3 1054
480 3.2 1086
490 3 1116
500 3.1 1147
510 3.7 1184
520 2.5 1209
530 2.1 1230
540 3.6 1266
550 2.9 1295
560 3.5 1330
570 2.5 1355
580 4 1395
590 3.2 1427
600 2.3 1450
610 3.2 1482
620 4.3 1525
630 2.9 1554
640 3.3 1587
650 2.8 1615
660 3.3 1648
670 3 1678
680 3.3 1711
690 3.3 1744
700 3.1 1775
710 3.7 1812
720 3.5 1847
730 3.5 1882
740 2.9 1911
750 3.2 1943
760 3.6 1979
770 2.7 2006
780 2.3 2029
790 3.6 2065
800 2.9 2094
810 3 2124
820 3.1 2155
830 2.5 2180
840 2.5 2205
850 3.5 2240
860 2.4 2264
870 2.8 2292
880 2.9 2321
890 2.6 2347
900 2.5 2372
910 3.2 2404
920 3.4 2438
930 4.1 2479
940 3.9 2518
950 3.6 2554
960 2.6 2580
970 3 2610
980 2.5 2635
990 3.1 2666
1000 3.6 2702
1010 2.8 2730
1020 2.3 2753
1030 3.7 2790
1040 3.7 2827
1050 3.6 2863
1060 3 2893
1070 4 2933
1080 2.9 2962
1090 3.4 2996
1100 3.6 3032
1110 3.4 3066
1120 2.7 3093
1130 3.7 3130
1140 2.3 3153
1150 3.5 3188
1160 2.8 3216
1170 3.1 3247
1180 3.3 3280
1190 3 3310
1200 3.2 3342
1210 3.8 3380
1220 3.4 3414
1230 2.3 3437
1240 3.3 3470
1250 2.4 3494
1260 3.1 3525
1270 2.6 3551
1280 2.5 3576
1290 3.6 3612
1300 3.1 3643
1310 3.4 3677
1320 2.8 3705
1330 3 3735
1340 2.7 3762
1350 3.5 3797
1360 3.4 3831
1370 2.9 3860
1380 2.3 3883
1390 3.2 3915
1400 2.6 3941
1410 3.9 3980
1420 2.9 4009
1430 2.5 4034
1440 3.1 4065
1450 2.8 4093
1460 3.1 4124
1470 4.2 4166
1480 3 4196
1490 3 4226
1500 2.9 4255
1510 3.1 4286
1520 3 4316
1530 3.4 4350
1540 4 4390
1550 3.4 4424
1560 3.4 4458
1570 3.4 4492
1580 3.5 4527
1590 3.6 4563
1600 3.4 4597
1610 2.7 4624
1620 2.5 4649
1630 2.2 4671
1640 2.4 4695
1650 3.5 4730
1660 3.3 4763
1670 4.4 4807
1680 3.1 4838
1690 3 4868
1700 2.5 4893
1710 3.6 4929
1720 3.6 4965
1730 3.3 4998
1740 3.3 5031
1750 3 5061
1760 2.7 5088
1770 3.4 5122
1780 4.7 5169
1790 3.6 5205
1800 3.2 5237
1810 2.8 5265
1820 2.9 5294
1830 3.2 5326
1840 2.8 5354
1850 3.2 5386
1860 3.5 5421
1870 3.3 5454
1880 2.4 5478
1890 3.4 5512
1900 2.9 5541
1910 2.8 5569
1920 4.1 5610
1930 3 5640
1940 3.4 5674
1950 3.3 5707
1960 3 5737
1970 3 5767
1980 3.5 5802
1990 3.5 5837
2000 2.7 5864
2010 2.5 5889
2020 4.1 5930
2030 3 5960
2040 3.6 5996
2050 3.9 6035
2060 2.4 6059
2070 3.5 6094
2080 3.3 6127
2090 3.8 6165
2100 3.1 6196
2110 3 6226
2120 2.9 6255
2130 2.8 6283
2140 3.6 6319
2150 2.8 6347
2160 2.9 6376
2170 3.6 6412
2180 3.1 6443
2190 3.3 6476
2200 3.1 6507
2210 3.6 6543
2220 4.1 6584
2230 3.1 6615
2240 2.9 6644
2250 3.7 6681
2260 3.4 6715
2270 2.6 6741
2280 2.5 6766
2290 3.3 6799
2300 2.9 6828
2310 3 6858
2320 3.2 6890
2330 3.1 6921
2340 3.1 6952
2350 3.6 6988
2360 3.1 7019
2370 2.5 7044
2380 2.8 7072
2390 3.2 7104
2400 3.3 7137
2410 2.7 7164
2420 3.4 7198
2430 3.1 7229
2440 3.1 7260
2450 3 7290
2460 3.7 7327
2470 3.1 7358
2480 3 7388
2490 2.9 7417
2500 3.3 7450
2510 3.4 7484
2520 3.4 7518
2530 2.4 7542
2540 3 7572
2550 2.7 7599
2560 2.9 7628
2570 2.5 7653
2580 2.8 7681
2590 3 7711
2600 3.4 7745
2610 2.7 7772
2620 3.4 7806
2630 3 7836
2640 3.2 7868
2650 2.6 7894
2660 2.4 7918
2670 2.4 7942
2680 3 7972
2690 2.8 8000
2700 2.8 8028
2710 2.9 8057
2720 2.8 8085
2730 3.4 8119
2740 3.2 8151
2750 3.1 8182
2760 3.2 8214
2770 3.7 8251
2780 3.1 8282
2790 3 8312
2800 3.3 8345
2810 2.7 8372
2820 2.5 8397
2830 3.7 8434
2840 2.9 8463
2850 2.9 8492
2860 2.7 8519
2870 3.4 8553
2880 3.5 8588
2890 2.5 8613
2900 2.7 8640
2910 2.9 8669
2920 2.9 8698
2930 2.5 8723
2940 2.8 8751
2950 3.5 8786
2960 2.9 8815
2970 3.1 8846
2980 3 8876
2990 3.8 8914
3000 3.6 8950
3010 3.6 8986
3020 3 9016
3030 3.3 9049
3040 4 9089
3050 3.8 9127
3060 2.8 9155
3070 2.9 9184
3080 2.9 9213
3090 3.4 9247
3100 3.2 9279
3110 3.5 9314
3120 3.5 9349
3130 2.7 9376
3140 3.2 9408
3150 2.7 9435
3160 2.7 9462
3170 3.7 9499
3180 3.3 9532
3190 3.8 9570
3200 2.8 9598
3210 4.1 9639
3220 2.5 9664
3230 3.7 9701
3240 3.2 9733
3250 3.8 9771
3260 2.7 9798
3270 3 9828
3280 3 9858
3290 3.5 9893
3300 3.6 9929
3310 3 9959
3320 3.3 9992
3330 3.9 10031
3340 3.2 10063
3350 2.5 10088
3360 2.9 10117
3370 3.3 10150
3380 2.7 10177
3390 3 10207
3400 3 10237
3410 3.8 10275
3420 3.4 10309
3430 3.1 10340
3440 2.6 10366
3450 2.9 10395
3460 3.4 10429
3470 2.8 10457
3480 3 10487
3490 3.9 10526
3500 2.6 10552
3510 3 10582
3520 2.9 10611
3530 3.2 10643
3540 2.8 10671
3550 2.8 10699
3560 3.5 10734
3570 3.5 10769
3580 2.9 10798
3590 3 10828
3600 3.5 10863
3610 2.7 10890
3620 2.8 10918
3630 3.4 10952
3640 3 10982
3650 3.3 11015
3660 3.7 11052
3670 2.8 11080
3680 2.8 11108
3690 3.1 11139
3700 3.3 11172
3710 2.9 11201
3720 2.6 11227
3730 2.9 11256
3740 3.3 11289
3750 2.2 11311
3760 3.4 11345
3770 2.5 11370
3780 3.3 11403
3790 2.7 11430
3800 3 11460
3810 2.7 11487
3820 2.6 11513
3830 2.9 11542
3840 3.2 11574
3850 3.3 11607
3860 2.9 11636
3870 2.1 11657
3880 3.7 11694
3890 3.2 11726
3900 3.4 11760
3910 2.9 11789
3920 2.4 11813
3930 3.4 11847
3940 2.5 11872
3950 2.4 11896
3960 3.7 11933
3970 3 11963
3980 3 11993
3990 2.7 12020
4000 3.8 12058
4010 3 12088
4020 3.2 12120
4030 2.9 12149
4040 3.2 12181
4050 3.8 12219
4060 4.3 12262
4070 3.4 12296
4080 3.2 12328
4090 3.5 12363
4100 2.9 12392
4110 3.4 12426
4120 2.9 12455
4130 3.4 12489
4140 3.7 12526
4150 2.8 12554
4160 3.3 12587
4170 3.7 12624
4180 2.3 12647
4190 3 12677
4200 3.7 12714
4210 2.7 12741
4220 3.3 12774
4230 2.6 12800
4240 3.1 12831
4250 3.6 12867
4260 2.3 12890
4270 3.3 12923
4280 4.6 12969
4290 2.6 12995
4300 3.7 13032
4310 3.7 13069
4320 3.6 13105
4330 2.6 13131
4340 3.3 13164
4350 2.8 13192
4360 4.2 13234
4370 3.1 13265
4380 2.8 13293
4390 3.5 13328
4400 2.5 13353
4410 2.1 13374
4420 3.7 13411
4430 2.7 13438
4440 2.9 13467
4450 2.8 13495
4460 3.3 13528
4470 3 13558
4480 3.8 13596
4490 3.8 13634
4500 3.2 13666
4510 3.7 13703
4520 3.2 13735
4530 2.8 13763
4540 2.6 13789
4550 3.9 13828
4560 2.9 13857
4570 3.5 13892
4580 3 13922
4590 3.2 13954
4600 3 13984
4610 3.5 14019
4620 2.6 14045
4630 3.2 14077
4640 3.3 14110
4650 2.8 14138
4660 3.3 14171
4670 3 14201
4680 2.9 14230
4690 3.2 14262
4700 3.3 14295
4710 3.1 14326
4720 2.9 14355
4730 4.2 14397
4740 3.3 14430
4750 3.1 14461
4760 2.2 14483
4770 3.4 14517
4780 3.4 14551
4790 2.6 14577
4800 3.5 14612
4810 2.1 14633
4820 3.9 14672
4830 3 14702
4840 2.4 14726
4850 2.8 14754
4860 2.9 14783
4870 2.6 14809
4880 3.1 14840
4890 3.9 14879
4900 2.8 14907
4910 2.9 14936
4920 3.7 14973
4930 3 15003
4940 3.1 15034
4950 3 15064
4960 3.2 15096
4970 3.3 15129
4980 3.3 15162
4990 3.2 15194
5000 3.9 15233
5010 3.3 15266
5020 2.7 15293
5030 2.5 15318
5040 1.9 15337
5050 2.3 15360
5060 2.1 15381
5070 4 15421
5080 3.1 15452
5090 3.5 15487
5100 3.4 15521
5110 3.1 15552
5120 3.1 15583
5130 2.8 15611
5140 3.3 15644
5150 2.9 15673
5160 2.5 15698
5170 3 15728
5180 3.4 15762
5190 2.6 15788
5200 2.6 15814
5210 3 15844
5220 3.1 15875
5230 3.1 15906
5240 3.1 15937
5250 3.5 15972
5260 3.1 16003
5270 3 16033
5280 3.8 16071
5290 2.9 16100
5300 2.9 16129
5310 3.1 16160
5320 3.1 16191
5330 3 16221
5340 3 16251
5350 3.4 16285
5360 3.1 16316
5370 3.1 16347
5380 2.8 16375
5390 3 16405
5400 3.2 16437
5410 3.3 16470
5420 2.4 16494
5430 3.6 16530
5440 3.8 16568
5450 2.8 16596
5460 4.2 16638
5470 2.9 16667
5480 3.5 16702
5490 3.1 16733
5500 3.5 16768
5510 3.3 16801
5520 3.9 16840
5530 3.1 16871
5540 2.6 16897
5550 3.8 16935
5560 3.1 16966
5570 3.3 16999
5580 3.1 17030
5590 3.7 17067
5600 2.7 17094
5610 2.9 17123
5620 3.8 17161
5630 3.5 17196
5640 2.7 17223
5650 3.3 17256
5660 2.9 17285
5670 2.3 17308
5680 2.9 17337
5690 3.8 17375
5700 2.8 17403
5710 3.2 17435
5720 3.1 17466
5730 3.2 17498
5740 3 17528
5750 2.8 17556
5760 2.5 17581
5770 3.2 17613
5780 2.5 17638
5790 3 17668
5800 3.2 17700
5810 2.9 17729
5820 3.5 17764
5830 2.9 17793
5840 2.5 17818
5850 3.4 17852
5860 2.9 17881
5870 2.6 17907
5880 2.6 17933
5890 3.8 17971
5900 3.2 18003
5910 3.1 18034
5920 3.5 18069
5930 3.7 18106
5940 4 18146
5950 2 18166
5960 2.5 18191
5970 3.3 18224
5980 2.9 18253
5990 3 18283
6000 2.7 18310
6010 3.7 18347
6020 2.5 18372
6030 2.9 18401
6040 3.7 18438
6050 3.8 18476
6060 3.1 18507
6070 3.1 18538
6080 3.9 18577
6090 3.9 18616
6100 3.1 18647
6110 3 18677
6120 3.2 18709
6130 2.8 18737
6140 2.7 18764
6150 2.6 18790
6160 3.4 18824
6170 2.7 18851
6180 3.3 18884
6190 3.2 18916
6200 3.2 18948
6210 3.5 18983
6220 3.5 19018
6230 3.1 19049
6240 2.9 19078
6250 4 19118
6260 2.5 19143
6270 3 19173
6280 2.7 19200
6290 2.4 19224
6300 3.6 19260
6310 3.6 19296
6320 2.8 19324
6330 4.2 19366
6340 2.9 19395
6350 3.7 19432
6360 2.3 19455
6370 3.7 19492
6380 3.5 19527
6390 3.3 19560
6400 3.1 19591
6410 3.4 19625
6420 2.8 19653
6430 2.9 19682
6440 3 19712
6450 3.4 19746
6460 3.5 19781
6470 2.5 19806
6480 3.5 19841
6490 2.5 19866
6500 3.1 19897
6510 3 19927
6520 3.2 19959
6530 3.7 19996
6540 3 20026
6550 2.8 20054
6560 3.2 20086
6570 3.2 20118
6580 3.8 20156
6590 3.1 20187
6600 3.3 20220
6610 2.8 20248
6620 2.9 20277
6630 2.8 20305
6640 3.2 20337
6650 2.8 20365
6660 2.5 20390
6670 3.1 20421
6680 2.8 20449
6690 3.4 20483
6700 2.7 20510
6710 2.8 20538
6720 2.9 20567
6730 3.3 20600
6740 3.8 20638
6750 2.5 20663
6760 3.2 20695
6770 4 20735
6780 3.4 20769
6790 3.3 20802
6800 3.2 20834
6810 3.7 20871
6820 4 20911
6830 3.4 20945
6840 2.9 20974
6850 3.5 21009
6860 3.3 21042
6870 3.1 21073
6880 3.1 21104
6890 3 21134
6900 3.1 21165
6910 2.9 21194
6920 2.7 21221
6930 2.9 21250
6940 2.6 21276
6950 2.4 21300
6960 3.3 21333
6970 2.9 21362
6980 2.7 21389
6990 3.1 21420
7000 3 21450
7010 2.3 21473
7020 2.7 21500
7030 3.5 21535
7040 2.9 21564
7050 2.6 21590
7060 3.5 21625
7070 3.6 21661
7080 3.2 21693
7090 3.3 21726
7100 3.7 21763
7110 3.3 21796
7120 2.7 21823
7130 3.1 21854
7140 4.1 21895
7150 2 21915
7160 3.2 21947
7170 3.6 21983
7180 3.3 22016
7190 2.6 22042
7200 3.1 22073
7210 3.4 22107
7220 3.1 22138
7230 3 22168
7240 3.3 22201
7250 3.5 22236
7260 3.1 22267
7270 2.4 22291
7280 3.5 22326
7290 2.6 22352
7300 2.8 22380
7310 3.2 22412
7320 2.5 22437
7330 2.4 22461
7340 3.6 22497
7350 3 22527
7360 3.4 22561
7370 3.6 22597
7380 2.7 22624
7390 3.2 22656
7400 4.2 22698
7410 3.4 22732
7420 3.2 22764
7430 2.9 22793
7440 3.4 22827
7450 2.3 22850
7460 2.8 22878
7470 3.3 22911
7480 3.1 22942
7490 3.3 22975
7500 3 23005
7510 3.1 23036
7520 2.9 23065
7530 2.3 23088
7540 3.4 23122
7550 2.8 23150
7560 3.3 23183
7570 3.8 23221
7580 3.1 23252
7590 3.6 23288
7600 3.5 23323
7610 2.9 23352
7620 3.3 23385
7630 4.1 23426
7640 2.5 23451
7650 3.7 23488
7660 3.7 23525
7670 3.1 23556
7680 2.8 23584
7690 3 23614
7700 3 23644
7710 3.2 23676
7720 2.4 23700
7730 2.9 23729
7740 3.2 23761
7750 3.2 23793
7760 2.9 23822
7770 3.1 23853
7780 2.9 23882
7790 3.4 23916
7800 3.3 23949
7810 2.5 23974
7820 3 24004
7830 3.5 24039
7840 2.6 24065
7850 3.1 24096
7860 3.6 24132
7870 3.5 24167
7880 2.9 24196
7890 3 24226
7900 3.6 24262
7910 3.3 24295
7920 3.6 24331
7930 3.3 24364
7940 3.6 24400
7950 2.8 24428
7960 3.4 24462
7970 3.7 24499
7980 2.5 24524
7990 2.9 24553
8000 2.6 24579
8010 2.5 24604
8020 2.6 24630
8030 3.6 24666
8040 3.3 24699
8050 2.4 24723
8060 4 24763
8070 3.9 24802
8080 3.3 24835
8090 3.2 24867
8100 3.2 24899
8110 3 24929
8120 2.7 24956
8130 3.2 24988
8140 3.3 25021
8150 3.1 25052
8160 3 25082
8170 3.3 25115
8180 3.2 25147
8190 3.4 25181
8200 2.9 25210
8210 2.6 25236
8220 2.7 25263
8230 2.8 25291
8240 2.6 25317
8250 3.1 25348
8260 3.2 25380
8270 2.6 25406
8280 2.6 25432
8290 4.1 25473
8300 3.2 25505
8310 2.6 25531
8320 3.7 25568
8330 3.3 25601
8340 3.3 25634
8350 3.4 25668
8360 2.7 25695
8370 3.3 25728
8380 3.4 25762
8390 3.3 25795
8400 3.2 25827
8410 3.1 25858
8420 3.9 25897
8430 3.2 25929
8440 3.5 25964
8450 3.8 26002
8460 2.3 26025
8470 3.4 26059
8480 3.2 26091
8490 3.2 26123
8500 3 26153
8510 2.7 26180
8520 3.4 26214
8530 3.3 26247
8540 3.2 26279
8550 3.7 26316
8560 3.7 26353
8570 3.4 26387
8580 2.9 26416
8590 2.6 26442
8600 3.3 26475
8610 3.6 26511
8620 2.7 26538
8630 2.7 26565
8640 2.9 26594
8650 3.1 26625
8660 2.9 26654
8670 3.3 26687
8680 3.2 26719
8690 3.3 26752
8700 2.7 26779
8710 3.8 26817
8720 3.3 26850
8730 3.1 26881
8740 3.5 26916
8750 2.7 26943
8760 3.3 26976
8770 3.6 27012
8780 2.9 27041
8790 2.5 27066
8800 2.9 27095
8810 4.1 27136
8820 2.4 27160
8830 2.7 27187
8840 2.7 27214
8850 2.9 27243
8860 2.8 27271
8870 3.4 27305
8880 2.6 27331
8890 3.6 27367
8900 3.2 27399
8910 3.2 27431
8920 3.3 27464
8930 3.3 27497
8940 3.4 27531
8950 3.2 27563
8960 3.9 27602
8970 3.7 27639
8980 3.4 27673
8990 4 27713
9000 3 27743
9010 2.9 27772
9020 3.1 27803
9030 3.8 27841
9040 3.7 27878
9050 3.5 27913
9060 3.5 27948
9070 3 27978
9080 3.7 28015
9090 3.2 28047
9100 3.5 28082
9110 3.3 28115
9120 2.9 28144
9130 3.1 28175
9140 2.7 28202
9150 2.9 28231
9160 3.1 28262
9170 3 28292
9180 3.3 28325
9190 3.4 28359
9200 2.4 28383
9210 2.9 28412
9220 3.4 28446
9230 3.1 28477
9240 3.1 28508
9250 2.8 28536
9260 3.5 28571
9270 3.3 28604
9280 3.2 28636
9290 3.6 28672
9300 3.4 28706
9310 3.6 28742
9320 2.8 28770
9330 3.6 28806
9340 3.7 28843
9350 2.7 28870
9360 3.2 28902
9370 2.3 28925
9380 2.8 28953
9390 2.7 28980
9400 3.5 29015
9410 3.4 29049
9420 3.2 29081
9430 2.8 29109
9440 2.5 29134
9450 2.3 29157
9460 3 29187
9470 2.4 29211
9480 2.7 29238
9490 2.7 29265
9500 2.8 29293
9510 2.7 29320
9520 2.9 29349
9530 2.5 29374
9540 3.4 29408
9550 2.3 29431
9560 3.3 29464
9570 3.5 29499
9580 3.4 29533
9590 3.6 29569
9600 3.4 29603
9610 3.2 29635
9620 3.9 29674
9630 3.7 29711
9640 3.1 29742
9650 3 29772
9660 3.8 29810
9670 2.4 29834
9680 3 29864
9690 2.7 29891
9700 3.5 29926
9710 2.6 29952
9720 3 29982
9730 3 30012
9740 2.5 30037
9750 3 30067
9760 2.9 30096
9770 3.4 30130
9780 3.3 30163
9790 3.5 30198
9800 3.1 30229
9810 3.4 30263
9820 3.4 30297
9830 3.3 30330
9840 3.3 30363
9850 3.4 30397
9860 3.6 30433
9870 3.4 30467
9880 3.4 30501
9890 3.4 30535
9900 2.9 30564
9910 2.9 30593
9920 3.2 30625
9930 2.7 30652
9940 2.7 30679
9950 3 30709
9960 2.6 30735
9970 2.7 30762
9980 2.7 30789
9990 3.2 30821
10000 3.4 30855
10010 2.8 30883
10020 2.5 30908
10030 3.1 30939
10040 3.9 30978
10050 3 31008
10060 3.6 31044
10070 2.8 31072
10080 2.7 31099
10090 3.1 31130
10100 3 31160
10110 3 31190
10120 3 31220
10130 3.3 31253
10140 3 31283
10150 3.9 31322
10160 2.4 31346
10170 2.9 31375
10180 3.4 31409
10190 2.4 31433
10200 2.9 31462
10210 3 31492
10220 3.3 31525
10230 2.7 31552
10240 2.1 31573
10250 3.8 31611
10260 3.8 31649
10270 3.3 31682
10280 2.7 31709
10290 2.9 31738
10300 4.1 31779
10310 3.4 31813
10320 2.7 31840
10330 3 31870
10340 3.4 31904
10350 3.1 31935
10360 2.6 31961
10370 3.9 32000
10380 3.2 32032
10390 2.6 32058
10400 2.9 32087
10410 2.9 32116
10420 3.9 32155
10430 2.3 32178
10440 3.3 32211
10450 2.6 32237
10460 3.6 32273
10470 3.3 32306
10480 3.4 32340
10490 3.7 32377
10500 2.5 32402
10510 3.3 32435
10520 1.4 32449
10530 1.3 32462
10540 2.6 32488
10550 1.8 32506
10560 3.1 32537
10570 0.7 32544
10580 3.1 32575
10590 2.7 32602
10600 2.6 32628
10610 2.5 32653
10620 3.3 32686
10630 2.5 32711
10640 3.7 32748
10650 3.2 32780
10660 2.4 32804
10670 3.9 32843
10680 2.4 32867
10690 2.8 32895
10700 3.2 32927
10710 3.4 32961
10720 3.2 32993
10730 3.6 33029
10740 4.3 33072
10750 3.6 33108
10760 3.9 33147
10770 2.7 33174
10780 3.3 33207
10790 4.3 33250
10800 2.9 33279
10810 2.5 33304
10820 3.2 33336
10830 3.6 33372
10840 3.3 33405
10850 2.9 33434
10860 2.4 33458
10870 2.6 33484
10880 2.9 33513
10890 3 33543
10900 2.5 33568
10910 3.6 33604
10920 3.1 33635
10930 3.3 33668
10940 2.6 33694
10950 2.8 33722
10960 3 33752
10970 3.1 33783
10980 3.3 33816
10990 3.2 33848
11000 3.6 33884
11010 3.9 33923
11020 3.3 33956
11030 2.8 33984
11040 2.9 34013
11050 3.2 34045
11060 3.4 34079
11070 4.1 34120
11080 4 34160
11090 3.5 34195
11100 3.5 34230
11110 2.8 34258
11120 3 34288
11130 2.3 34311
11140 3.4 34345
11150 3.8 34383
11160 3.5 34418
11170 3.5 34453
11180 2.6 34479
11190 2.8 34507
11200 2.5 34532
11210 1.8 34550
11220 3.2 34582
11230 2.7 34609
11240 3.2 34641
11250 2.7 34668
11260 2.9 34697
11270 2.9 34726
11280 3 34756
11290 3.2 34788
11300 2.5 34813
11310 3.3 34846
11320 3.1 34877
11330 2.9 34906
11340 3.3 34939
11350 2.9 34968
11360 3.1 34999
11370 3.3 35032
11380 3.5 35067
11390 2.6 35093
11400 3.2 35125
11410 3.2 35157
11420 2.6 35183
11430 2.7 35210
11440 3 35240
11450 3.4 35274
11460 3.2 35306
11470 3.4 35340
11480 3.2 35372
11490 2.3 35395
11500 3.1 35426
11510 2.7 35453
11520 3 35483
11530 2.6 35509
11540 3.1 35540
11550 4 35580
11560 2.8 35608
11570 2.4 35632
11580 3.2 35664
11590 2.1 35685
11600 2 35705
11610 3.5 35740
11620 3.6 35776
11630 3.1 35807
11640 3.2 35839
11650 3.9 35878
11660 2.7 35905
11670 2.8 35933
11680 4 35973
11690 2.9 36002
11700 3 36032
11710 3.4 36066
11720 3.5 36101
11730 3.2 36133
11740 3.3 36166
11750 3.7 36203
11760 3.9 36242
11770 3.3 36275
11780 2.9 36304
11790 3.5 36339
11800 3.1 36370
11810 3.2 36402
11820 2.8 36430
11830 2.6 36456
11840 3.1 36487
11850 3 36517
11860 3.1 36548
11870 3.6 36584
11880 3.5 36619
11890 3.3 36652
11900 3.2 36684
11910 3.1 36715
11920 3.4 36749
11930 2.9 36778
11940 2.9 36807
11950 3.2 36839
11960 3.4 36873
11970 2.8 36901
11980 3.3 36934
11990 3.7 36971
12000 1.9 36990
12010 3.2 37022
12020 3.5 37057
12030 3.3 37090
12040 3.1 37121
12050 1.9 37140
12060 3.3 37173
12070 3 37203
12080 3.1 37234
12090 3.8 37272
12100 3.1 37303
12110 3 37333
12120 3.4 37367
12130 2.7 37394
12140 3 37424
12150 3 37454
12160 3.3 37487
12170 3 37517
12180 3 37547
12190 2.8 37575
12200 3 37605
12210 3.5 37640
12220 3.5 37675
12230 3.6 37711
12240 3.5 37746
12250 3 37776
12260 3.6 37812
12270 3 37842
12280 3.2 37874
12290 3.8 37912
12300 4.1 37953
12310 3.3 37986
12320 3 38016
12330 2.9 38045
12340 3.7 38082
12350 3 38112
12360 2.7 38139
12370 3.2 38171
12380 2.8 38199
12390 2.7 38226
12400 2.9 38255
12410 3 38285
12420 2.6 38311
12430 3.1 38342
12440 2.9 38371
12450 3.4 38405
12460 3.7 38442
12470 4.3 38485
12480 3.4 38519
12490 3.6 38555
12500 3.4 38589
12510 3.6 38625
12520 2.9 38654
12530 3.4 38688
12540 3.5 38723
12550 3.3 38756
12560 3 38786
12570 2.9 38815
12580 3.2 38847
12590 3.2 38879
12600 3 38909
12610 3.6 38945
12620 2.5 38970
12630 4.2 39012
12640 2.2 39034
12650 2.9 39063
12660 3.8 39101
12670 2.9 39130
12680 2.9 39159
12690 3.1 39190
12700 3.1 39221
12710 3.1 39252
12720 2.3 39275
12730 2.9 39304
12740 2.8 39332
12750 3.5 39367
12760 2.9 39396
12770 2.5 39421
12780 2.7 39448
12790 3.5 39483
12800 3.2 39515
12810 2.4 39539
12820 2.5 39564
12830 3.6 39600
12840 3.1 39631
12850 3.5 39666
12860 3.4 39700
12870 2.6 39726
12880 3 39756
12890 2.5 39781
12900 2.5 39806
12910 3.1 39837
12920 3 39867
12930 3 39897
12940 2.7 39924
12950 2.9 39953
12960 3.3 39986
12970 2.7 40013
12980 2.4 40037
12990 3.1 40068
13000 2.9 40097
13010 3.1 40128
13020 3 40158
13030 3.3 40191
13040 2.6 40217
13050 3.4 40251
13060 2.5 40276
13070 2.8 40304
13080 3 40334
13090 2.8 40362
13100 2.7 40389
13110 3.1 40420
13120 4 40460
13130 3.4 40494
13140 3.6 40530
13150 3.2 40562
13160 2.9 40591
13170 3.1 40622
13180 2.6 40648
13190 2.8 40676
13200 3.2 40708
13210 3 40738
13220 2.7 40765
13230 3.6 40801
13240 3.1 40832
13250 2.6 40858
13260 3.6 40894
13270 3.5 40929
13280 3.1 40960
13290 2.9 40989
13300 3.2 41021
13310 3.2 41053
13320 2.4 41077
13330 3.8 41115
13340 3.4 41149
13350 3.1 41180
13360 3 41210
13370 3.2 41242
13380 2.9 41271
13390 2.9 41300
13400 3.3 41333
13410 3 41363
13420 3.1 41394
13430 3.9 41433
13440 2.9 41462
13450 3.3 41495
13460 3.1 41526
13470 2.8 41554
13480 3.6 41590
13490 3.3 41623
13500 3.4 41657
13510 3.1 41688
13520 3.4 41722
13530 3.7 41759
13540 4 41799
13550 2.8 41827
13560 2.8 41855
13570 2.6 41881
13580 2.7 41908
13590 2.5 41933
13600 2.1 41954
13610 3.2 41986
13620 2.8 42014
13630 2.6 42040
13640 2.9 42069
13650 2.9 42098
13660 3.2 42130
13670 3.7 42167
13680 3.8 42205
13690 2.7 42232
13700 3.2 42264
13710 4.3 42307
13720 3.2 42339
13730 2.7 42366
13740 3.5 42401
13750 2.7 42428
13760 3.1 42459
13770 3.1 42490
13780 3.2 42522
13790 3 42552
13800 3.1 42583
13810 2.4 42607
13820 2.7 42634
13830 3.5 42669
13840 2.7 42696
13850 2.5 42721
13860 3.6 42757
13870 2.8 42785
13880 2.9 42814
13890 3.5 42849
13900 2.5 42874
13910 3 42904
13920 3.5 42939
13930 2.4 42963
13940 2.2 42985
13950 3 43015
13960 2.5 43040
13970 3.6 43076
13980 3 43106
13990 2.9 43135
14000 3 43165
14010 3.5 43200
14020 3.1 43231
14030 3 43261
14040 3.3 43294
14050 2.2 43316
14060 3 43346
14070 3.4 43380
14080 3.2 43412
14090 3.1 43443
14100 3.3 43476
14110 3 43506
14120 3.1 43537
14130 3 43567
14140 3 43597
14150 2.7 43624
14160 1.8 43642
14170 2.9 43671
14180 3.4 43705
14190 2.7 43732
14200 3.1 43763
14210 2.9 43792
14220 3.5 43827
14230 2.8 43855
14240 3.2 43887
14250 3.6 43923
14260 3.5 43958
14270 3.5 43993
14280 3.3 44026
14290 4 44066
14300 3.5 44101
14310 3.4 44135
14320 3.6 44171
14330 3.6 44207
14340 3.3 44240
14350 2.7 44267
14360 3 44297
14370 3.6 44333
14380 3.3 44366
14390 3.5 44401
14400 2.5 44426
14410 2.7 44453
14420 3.5 44488
14430 3.3 44521
14440 2.8 44549
14450 2.9 44578
14460 2.6 44604
14470 3 44634
14480 2.2 44656
14490 3.1 44687
14500 3.4 44721
14510 2.8 44749
14520 2.7 44776
14530 3.2 44808
14540 3 44838
14550 3.5 44873
14560 3.7 44910
14570 2.7 44937
14580 3.2 44969
14590 3.5 45004
14600 3.4 45038
14610 3.3 45071
14620 3.1 45102
14630 3.8 45140
14640 2.8 45168
14650 4.1 45209
14660 2.7 45236
14670 3.3 45269
14680 3.8 45307
14690 2 45327
14700 2.8 45355
14710 2.8 45383
14720 3.3 45416
14730 3.1 45447
14740 2.3 45470
14750 2.8 45498
14760 2.9 45527
14770 2.5 45552
14780 2.5 45577
14790 2.8 45605
14800 3 45635
14810 2.7 45662
14820 3.7 45699
14830 3.1 45730
14840 2.2 45752
14850 3.2 45784
14860 3.5 45819
14870 3.9 45858
14880 2.8 45886
14890 3.5 45921
14900 2.8 45949
14910 4.1 45990
14920 3.1 46021
14930 3.1 46052
14940 2.4 46076
14950 3.4 46110
14960 3.3 46143
14970 3 46173
14980 2.9 46202
14990 2.6 46228
15000 3.5 46263
15010 2.5 46288
15020 3.1 46319
15030 3.7 46356
15040 2.8 46384
15050 2.6 46410
15060 3.3 46443
15070 2.9 46472
15080 2.8 46500
15090 3.7 46537
15100 2.8 46565
15110 4 46605
15120 2.5 46630
15130 3.6 46666
15140 2.8 46694
15150 3.9 46733
15160 3.7 46770
15170 3.3 46803
15180 2.8 46831
15190 3.8 46869
15200 3.6 46905
15210 3.3 46938
15220 3.2 46970
15230 3.7 47007
15240 2.8 47035
15250 3.5 47070
15260 2.6 47096
15270 3.3 47129
15280 2.9 47158
15290 2.6 47184
15300 2.3 47207
15310 2.9 47236
15320 2.6 47262
15330 2.9 47291
15340 2.9 47320
15350 3.3 47353
15360 2.9 47382
15370 3.4 47416
15380 3.5 47451
15390 3.1 47482
15400 3.6 47518
15410 2.9 47547
15420 2.9 47576
15430 3 47606
15440 3.3 47639
15450 3.3 47672
15460 3.1 47703
15470 3.2 47735
15480 4.3 47778
15490 3.2 47810
15500 3 47840
15510 3.2 47872
15520 2.5 47897
15530 2.5 47922
15540 2.7 47949
15550 2.9 47978
15560 3.6 48014
15570 3.7 48051
15580 2.9 48080
15590 3.1 48111
15600 2.7 48138
15610 3.6 48174
15620 2.7 48201
15630 2.5 48226
15640 3.5 48261
15650 2.9 48290
15660 3.3 48323
15670 2.4 48347
15680 2.7 48374
15690 3.1 48405
15700 2.9 48434
15710 2.6 48460
15720 2.6 48486
15730 3.4 48520
15740 3.4 48554
15750 2.6 48580
15760 3.8 48618
15770 3.3 48651
15780 2.5 48676
15790 3.2 48708
15800 2.8 48736
15810 2.8 48764
15820 3.1 48795
15830 3.2 48827
15840 3.4 48861
15850 3.5 48896
15860 3.4 48930
15870 3 48960
15880 3 48990
15890 3.7 49027
15900 3.8 49065
15910 2.9 49094
15920 3.5 49129
15930 3.1 49160
15940 2.5 49185
15950 2.7 49212
15960 2.4 49236
15970 3.3 49269
15980 2.6 49295
15990 3.3 49328
16000 3.9 49367
16010 3.4 49401
16020 3.1 49432
16030 2.6 49458
16040 3.2 49490
16050 2.8 49518
16060 3.8 49556
16070 2.8 49584
16080 2.7 49611
16090 3.5 49646
16100 3.5 49681
16110 3.7 49718
16120 3.1 49749
16130 3.2 49781
16140 2.6 49807
16150 3.7 49844
16160 2.9 49873
16170 3.4 49907
16180 3 49937
16190 2.8 49965
16200 3.1 49996
16210 4 50036
16220 3.5 50071
16230 2.9 50100
16240 3.3 50133
16250 2.7 50160
16260 3.4 50194
16270 2.9 50223
16280 2.8 50251
16290 3.1 50282
16300 2.8 50310
16310 3 50340
16320 2.9 50369
16330 2.5 50394
16340 3.3 50427
16350 2.8 50455
16360 2.9 50484
16370 3.4 50518
16380 3.7 50555
16390 3.2 50587
16400 3.6 50623
16410 3.2 50655
16420 3.9 50694
16430 3.1 50725
16440 2.1 50746
16450 2.2 50768
16460 3.5 50803
16470 3.4 50837
16480 2.7 50864
16490 2.9 50893
16500 3.8 50931
16510 2.3 50954
16520 3.1 50985
16530 3 51015
16540 2.8 51043
16550 2.7 51070
16560 3.4 51104
16570 4.1 51145
16580 3.2 51177
16590 3.5 51212
16600 3.2 51244
16610 3.4 51278
16620 3.2 51310
16630 2.8 51338
16640 2.8 51366
16650 3.4 51400
16660 3.6 51436
16670 3.9 51475
16680 3.3 51508
16690 3.2 51540
16700 3 51570
16710 2.9 51599
16720 2.9 51628
16730 3.2 51660
16740 3.1 51691
16750 3.2 51723
16760 2.6 51749
16770 3.8 51787
16780 3.3 51820
16790 2.8 51848
16800 2.9 51877
16810 3.3 51910
16820 3.6 51946
16830 2.8 51974
16840 3.1 52005
16850 3 52035
16860 3.7 52072
16870 3.1 52103
16880 2.8 52131
16890 3.8 52169
16900 3.5 52204
16910 2.7 52231
16920 3.4 52265
16930 2.9 52294
16940 2.8 52322
16950 2.6 52348
16960 3 52378
16970 2.2 52400
16980 2.8 52428
16990 3.3 52461
17000 3.2 52493
17010 2.4 52517
17020 3.1 52548
17030 3.3 52581
17040 2.9 52610
17050 3.2 52642
17060 3 52672
17070 2.8 52700
17080 3.7 52737
17090 3.2 52769
17100 2.6 52795
17110 4 52835
17120 2.8 52863
17130 3 52893
17140 3.4 52927
17150 3.3 52960
17160 2.6 52986
17170 3 53016
17180 3 53046
17190 2.8 53074
17200 2.8 53102
17210 3.1 53133
17220 3 53163
17230 2.8 53191
17240 2.6 53217
17250 2.8 53245
17260 2.7 53272
17270 2.8 53300
17280 3.2 53332
17290 2 53352
17300 2.6 53378
17310 2.8 53406
17320 3.5 53441
17330 2.2 53463
17340 3.9 53502
17350 3.9 53541
17360 3.5 53576
17370 3.3 53609
17380 3.3 53642
17390 3.2 53674
17400 3.5 53709
17410 3.2 53741
17420 3 53771
17430 3.3 53804
17440 2.8 53832
17450 3.4 53866
17460 3.4 53900
17470 3.2 53932
17480 3.8 53970
17490 3.2 54002
17500 3.4 54036
17510 3.7 54073
17520 2.5 54098
17530 3.4 54132
17540 4.2 54174
17550 2.9 54203
17560 3.1 54234
17570 3.6 54270
17580 3.1 54301
17590 2.8 54329
17600 3.5 54364
17610 3.2 54396
17620 3.1 54427
17630 3.5 54462
17640 3.3 54495
17650 3.7 54532
17660 3 54562
17670 2.7 54589
17680 2.8 54617
17690 2.7 54644
17700 2.6 54670
17710 2.9 54699
17720 3.5 54734
17730 2.8 54762
17740 3.4 54796
17750 3.9 54835
17760 3.2 54867
17770 3.7 54904
17780 1.8 54922
17790 3.1 54953
17800 3.1 54984
17810 2.9 55013
17820 2.3 55036
17830 3.5 55071
17840 3.2 55103
17850 3.2 55135
17860 2.6 55161
17870 4.5 55206
17880 3.3 55239
17890 2.4 55263
17900 2.9 55292
17910 2.7 55319
17920 3.5 55354
17930 2.8 55382
17940 3.4 55416
17950 2.9 55445
17960 2.3 55468
17970 3.2 55500
17980 2.9 55529
17990 3.2 55561
18000 2.7 55588
18010 2.8 55616
18020 3.1 55647
18030 3.1 55678
18040 2.4 55702
18050 2.9 55731
18060 2.3 55754
18070 2.5 55779
18080 2.6 55805
18090 3.5 55840
18100 2.5 55865
18110 3.8 55903
18120 3.2 55935
18130 3.1 55966
18140 2 55986
18150 4.1 56027
18160 3.7 56064
18170 2.9 56093
18180 3.3 56126
18190 3.9 56165
18200 3.5 56200
18210 2.8 56228
18220 3.4 56262
18230 2.9 56291
18240 3.1 56322
18250 2.5 56347
18260 3.1 56378
18270 3.1 56409
18280 2.8 56437
18290 3.3 56470
18300 4.3 56513
18310 2.8 56541
18320 3 56571
18330 3.3 56604
18340 3.4 56638
18350 3.8 56676
18360 3.4 56710
18370 3.2 56742
18380 3.1 56773
18390 3.2 56805
18400 3 56835
18410 3.2 56867
18420 3.7 56904
18430 3.1 56935
18440 2.9 56964
18450 3.4 56998
18460 2.6 57024
18470 3.3 57057
18480 2.8 57085
18490 2.8 57113
18500 3 57143
18510 3.5 57178
18520 2.3 57201
18530 2.8 57229
18540 3 57259
18550 3.4 57293
18560 2.4 57317
18570 3.4 57351
18580 3.2 57383
18590 4 57423
18600 2.7 57450
18610 3.2 57482
18620 3.6 57518
18630 3.4 57552
18640 2.3 57575
18650 3.5 57610
18660 3.6 57646
18670 2.3 57669
18680 2.8 57697
18690 2.3 57720
18700 2.3 57743
18710 2.9 57772
18720 3.3 57805
18730 2.5 57830
18740 3.1 57861
18750 2.7 57888
18760 2.9 57917
18770 2.9 57946
18780 2.9 57975
18790 2.6 58001
18800 3.2 58033
18810 3.5 58068
18820 2.5 58093
18830 2.6 58119
18840 3.3 58152
18850 2.6 58178
18860 3 58208
18870 2.9 58237
18880 3.4 58271
18890 3.2 58303
18900 3.2 58335
18910 3 58365
18920 2.1 58386
18930 3.1 58417
18940 3.6 58453
18950 3.2 58485
18960 2.2 58507
18970 3.6 58543
18980 3.4 58577
18990 2.9 58606
19000 2.8 58634
19010 3.6 58670
19020 3.3 58703
19030 3.3 58736
19040 3.1 58767
19050 3.1 58798
19060 3.1 58829
19070 3.1 58860
19080 3 58890
19090 2.6 58916
19100 2.8 58944
19110 3.1 58975
19120 3 59005
19130 3.4 59039
19140 2.5 59064
19150 4.2 59106
19160 2.9 59135
19170 3.2 59167
19180 2.7 59194
19190 3.8 59232
19200 3.1 59263
19210 3 59293
19220 3.1 59324
19230 3.4 59358
19240 3.2 59390
19250 3 59420
19260 3 59450
19270 3.5 59485
19280 2.5 59510
19290 3.3 59543
19300 2.8 59571
19310 2.8 59599
19320 2.7 59626
19330 3.2 59658
19340 2.9 59687
19350 2.9 59716
19360 2.5 59741
19370 2.5 59766
19380 3.3 59799
19390 2.8 59827
19400 2.7 59854
19410 3.5 59889
19420 3.5 59924
19430 3.4 59958
19440 4.5 60003
19450 4.2 60045
19460 3 60075
19470 3.3 60108
19480 3.2 60140
19490 3.5 60175
19500 3 60205
19510 2.9 60234
19520 2.7 60261
19530 2.8 60289
19540 2.9 60318
19550 3.5 60353
19560 2.7 60380
19570 2.8 60408
19580 2.8 60436
19590 3.7 60473
19600 2.6 60499
19610 2.8 60527
19620 3.4 60561
19630 2.5 60586
19640 2.4 60610
19650 4.1 60651
19660 3.4 60685
19670 3.7 60722
19680 2.7 60749
19690 4 60789
19700 3.5 60824
19710 3 60854
19720 3.5 60889
19730 2.9 60918
19740 2.9 60947
19750 2.9 60976
19760 3.6 61012
19770 2.7 61039
19780 3.5 61074
19790 3.5 61109
19800 3 61139
19810 3 61169
19820 2.7 61196
19830 2.9 61225
19840 3 61255
19850 3.4 61289
19860 3.1 61320
19870 3.3 61353
19880 3.6 61389
19890 3.3 61422
19900 3.4 61456
19910 4 61496
19920 3.2 61528
19930 3.3 61561
19940 3.3 61594
19950 3.4 61628
19960 3.1 61659
19970 3.2 61691
19980 2.7 61718
19990 3 61748
20000 2.8 61776
20010 2.9 61805
20020 2.1 61826
20030 3.8 61864
20040 3.1 61895
20050 2.8 61923
20060 2.9 61952
20070 3 61982
20080 3.1 62013
20090 2.9 62042
20100 3.2 62074
20110 2.5 62099
20120 2.7 62126
20130 3 62156
20140 3 62186
20150 2.8 62214
20160 3 62244
20170 3 62274
20180 3.1 62305
20190 1.9 62324
20200 3.4 62358
20210 3.2 62390
20220 3.5 62425
20230 3.4 62459
20240 3.2 62491
20250 3.4 62525
20260 3.5 62560
20270 3.5 62595
20280 2.7 62622
20290 2.8 62650
20300 3.4 62684
20310 3.2 62716
20320 3.4 62750
20330 3.8 62788
20340 3.3 62821
20350 2.9 62850
20360 3 62880
20370 3.8 62918
20380 3 62948
20390 4 62988
20400 3.5 63023
20410 3.1 63054
20420 3.8 63092
20430 3.2 63124
20440 3.1 63155
20450 2.6 63181
20460 3.6 63217
20470 3.1 63248
20480 2.6 63274
20490 3 63304
20500 2.7 63331
20510 3.3 63364
20520 3.8 63402
20530 3.2 63434
20540 3.7 63471
20550 2.7 63498
20560 2.9 63527
20570 3.2 63559
20580 3.6 63595
20590 2.5 63620
20600 2.5 63645
20610 3.3 63678
20620 3.7 63715
20630 2.4 63739
20640 3.5 63774
20650 2.9 63803
20660 2.8 63831
20670 2.6 63857
20680 3.3 63890
20690 3.4 63924
20700 2.8 63952
20710 2.8 63980
20720 3 64010
20730 2.9 64039
20740 2.8 64067
20750 3.2 64099
20760 2.5 64124
20770 3.2 64156
20780 3.1 64187
20790 3.3 64220
20800 3.6 64256
20810 3.2 64288
20820 3.3 64321
20830 3.2 64353
20840 2.9 64382
20850 2.9 64411
20860 3.2 64443
20870 2.9 64472
20880 2.9 64501
20890 2.6 64527
20900 2.3 64550
20910 3.3 64583
20920 2.8 64611
20930 3 64641
20940 3 64671
20950 3 64701
20960 3.3 64734
20970 2.5 64759
20980 3 64789
20990 2.8 64817
21000 3.1 64848
21010 3.3 64881
21020 3.6 64917
21030 3.4 64951
21040 3.3 64984
21050 2.6 65010
21060 3.1 65041
21070 3.7 65078
21080 3 65108
21090 2.8 65136
21100 3.2 65168
21110 3.3 65201
21120 2.8 65229
21130 3.3 65262
21140 3.2 65294
21150 2.8 65322
21160 3.2 65354
21170 3.2 65386
21180 2.6 65412
21190 2.5 65437
21200 3.1 65468
21210 2.8 65496
21220 2.6 65522
21230 3.1 65553
21240 3.7 65590
21250 3 65620
21260 3.1 65651
21270 3 65681
21280 2.9 65710
21290 3.2 65742
21300 3.3 65775
21310 2.5 65800
21320 3.1 65831
21330 4.7 65878
21340 3.2 65910
21350 3.4 65944
21360 4.1 65985
21370 3.7 66022
21380 3.4 66056
21390 3.8 66094
21400 2.9 66123
21410 3.3 66156
21420 2.9 66185
21430 3.3 66218
21440 2.6 66244
21450 3.5 66279
21460 2.3 66302
21470 2.8 66330
21480 3.1 66361
21490 2.1 66382
21500 2.8 66410
21510 3.1 66441
21520 2.6 66467
21530 3.1 66498
21540 3 66528
21550 2.9 66557
21560 3.6 66593
21570 3 66623
21580 3.1 66654
21590 3.3 66687
21600 3.3 66720
21610 2.8 66748
21620 2.4 66772
21630 4 66812
21640 3 66842
21650 3.1 66873
21660 3.2 66905
21670 3.4 66939
21680 3.3 66972
21690 2.5 66997
21700 2.8 67025
21710 3.1 67056
21720 2.9 67085
21730 2.7 67112
21740 3.2 67144
21750 3.2 67176
21760 2.8 67204
21770 3.2 67236
21780 3.1 67267
21790 3.3 67300
21800 2.5 67325
21810 3 67355
21820 3.6 67391
21830 3.7 67428
21840 3.2 67460
21850 3.2 67492
21860 3.1 67523
21870 3.2 67555
21880 3 67585
21890 3.6 67621
21900 3.6 67657
21910 3.1 67688
21920 3.3 67721
21930 3.1 67752
21940 2.7 67779
21950 3.3 67812
21960 3.1 67843
21970 3.3 67876
21980 2.7 67903
21990 2.8 67931
22000 3 67961
22010 3.6 67997
22020 3.1 68028
22030 2.6 68054
22040 2.6 68080
22050 3.6 68116
22060 3 68146
22070 3.5 68181
22080 2.6 68207
22090 3.1 68238
22100 3.2 68270
22110 3 68300
22120 2.9 68329
22130 2.5 68354
22140 2.6 68380
22150 3.6 68416
22160 2.6 68442
22170 3.4 68476
22180 2.4 68500
22190 2.7 68527
22200 3.3 68560
22210 3.3 68593
22220 2.4 68617
22230 3.3 68650
22240 3.3 68683
22250 2.8 68711
22260 4.2 68753
22270 3.4 68787
22280 3.1 68818
22290 3.2 68850
22300 3.3 68883
22310 3.8 68921
22320 3.1 68952
22330 3 68982
22340 3.4 69016
22350 3.1 69047
22360 3.1 69078
22370 4 69118
22380 4.2 69160
22390 3.2 69192
22400 3.7 69229
22410 2.1 69250
22420 3.1 69281
22430 2.6 69307
22440 3 69337
22450 2.7 69364
22460 3.2 69396
22470 3.2 69428
22480 2.9 69457
22490 2.8 69485
22500 3.2 69517
22510 2.1 69538
22520 4.2 69580
22530 3.4 69614
22540 2.6 69640
22550 3.2 69672
22560 3.5 69707
22570 2.8 69735
22580 3.8 69773
22590 3.6 69809
22600 2.9 69838
22610 3.9 69877
22620 3.6 69913
22630 3.3 69946
22640 3.3 69979
22650 3.8 70017
22660 3.3 70050
22670 2.2 70072
22680 2.4 70096
22690 3.5 70131
22700 3 70161
22710 2.7 70188
22720 3.8 70226
22730 3.3 70259
22740 3.3 70292
22750 3.5 70327
22760 2.7 70354
22770 3.6 70390
22780 2.7 70417
22790 3.3 70450
22800 3.6 70486
22810 3.3 70519
22820 2.5 70544
22830 3.6 70580
22840 2.9 70609
22850 2.4 70633
22860 4.1 70674
22870 2.8 70702
22880 2.6 70728
22890 2.8 70756
22900 2.6 70782
22910 3 70812
22920 3 70842
22930 3.2 70874
22940 3.4 70908
22950 3 70938
22960 3.3 70971
22970 3.4 71005
22980 3.2 71037
22990 2.5 71062
23000 3.2 71094
23010 2.9 71123
23020 3.3 71156
23030 2.9 71185
23040 3.4 71219
23050 3.1 71250
23060 3 71280
23070 3.7 71317
23080 2.9 71346
23090 3.1 71377
23100 3.8 71415
23110 1.7 71432
23120 2.7 71459
23130 3.3 71492
23140 3.3 71525
23150 3.3 71558
23160 2.8 71586
23170 2.6 71612
23180 3.1 71643
23190 4.1 71684
23200 3.1 71715
23210 2.3 71738
23220 2.9 71767
23230 3.3 71800
23240 2.8 71828
23250 2.8 71856
23260 3.1 71887
23270 3.1 71918
23280 3.3 71951
23290 3.4 71985
23300 2.4 72009
23310 3.6 72045
23320 3.3 72078
23330 2.5 72103
23340 2.7 72130
23350 4.2 72172
23360 2.1 72193
23370 2.7 72220
23380 3.8 72258
23390 3.8 72296
23400 2.6 72322
23410 3.7 72359
23420 3.1 72390
23430 2.6 72416
23440 3.6 72452
23450 3.8 72490
23460 3.1 72521
23470 3 72551
23480 3.7 72588
23490 4.7 72635
23500 2.4 72659
23510 3.1 72690
23520 3.3 72723
23530 3.4 72757
23540 3.3 72790
23550 3.7 72827
23560 3.5 72862
23570 3.1 72893
23580 3.4 72927
23590 3.1 72958
23600 2.8 72986
23610 2.8 73014
23620 3.7 73051
23630 2.8 73079
23640 2.9 73108
23650 2.6 73134
23660 3.4 73168
23670 3 73198
23680 2.9 73227
23690 2.6 73253
23700 3.8 73291
23710 3.6 73327
23720 3.4 73361
23730 3.3 73394
23740 3.5 73429
23750 2.8 73457
23760 2.1 73478
23770 3.6 73514
23780 2.7 73541
23790 3 73571
23800 3.9 73610
23810 3.1 73641
23820 3.2 73673
23830 3.4 73707
23840 2.8 73735
23850 2.7 73762
23860 3.3 73795
23870 3.5 73830
23880 2.4 73854
23890 2.7 73881
23900 2.9 73910
23910 2.9 73939
23920 3.3 73972
23930 2.8 74000
23940 3.7 74037
23950 2.5 74062
23960 3.8 74100
23970 3.3 74133
23980 3.4 74167
23990 2.9 74196
24000 3.3 74229
24010 3.1 74260
24020 2.9 74289
24030 2.4 74313
24040 3.3 74346
24050 2.5 74371
24060 3.1 74402
24070 2.6 74428
24080 2.8 74456
24090 2.9 74485
24100 2.4 74509
24110 2.3 74532
24120 3.8 74570
24130 2.3 74593
24140 3.1 74624
24150 3.4 74658
24160 2.9 74687
24170 3.7 74724
24180 3.2 74756
24190 2.7 74783
24200 3.9 74822
24210 2.9 74851
24220 2.8 74879
24230 3.5 74914
24240 3 74944
24250 3.1 74975
24260 3.9 75014
24270 3.3 75047
24280 3.1 75078
24290 3.5 75113
24300 3.6 75149
24310 4 75189
24320 2.6 75215
24330 3.1 75246
24340 3.8 75284
24350 3.9 75323
24360 3 75353
24370 2.3 75376
24380 3.8 75414
24390 3.1 75445
24400 2.6 75471
24410 3.8 75509
24420 3 75539
24430 2.6 75565
24440 2.4 75589
24450 2.8 75617
24460 3.2 75649
24470 3.1 75680
24480 2.7 75707
24490 2.8 75735
24500 2.8 75763
24510 3.1 75794
24520 2.7 75821
24530 3.2 75853
24540 2.5 75878
24550 3 75908
24560 2.7 75935
24570 4 75975
24580 3.1 76006
24590 3.1 76037
24600 4.1 76078
24610 3.3 76111
24620 2.9 76140
24630 2.2 76162
24640 3.3 76195
24650 2.8 76223
24660 3.7 76260
24670 3.1 76291
24680 2.6 76317
24690 3.2 76349
24700 3.4 76383
24710 3.4 76417
24720 3.3 76450
24730 2.9 76479
24740 3.2 76511
24750 2.9 76540
24760 3.3 76573
24770 2.8 76601
24780 2.7 76628
24790 3.1 76659
24800 2.9 76688
24810 3.4 76722
24820 2.9 76751
24830 2.9 76780
24840 3 76810
24850 3.9 76849
24860 2.5 76874
24870 3.5 76909
24880 3 76939
24890 2.5 76964
24900 2.5 76989
24910 3.4 77023
24920 2.5 77048
24930 2.5 77073
24940 2.3 77096
24950 2.9 77125
24960 3 77155
24970 2.9 77184
24980 2.6 77210
24990 2.1 77231
25000 2.6 77257
25010 3.6 77293
25020 3.8 77331
25030 2.4 77355
25040 3.6 77391
25050 3.5 77426
25060 3.7 77463
25070 3.7 77500
25080 3.1 77531
25090 3.6 77567
25100 3.5 77602
25110 2.9 77631
25120 2.9 77660
25130 4.2 77702
25140 3.1 77733
25150 2.7 77760
25160 3.3 77793
25170 3.7 77830
25180 3.1 77861
25190 2.5 77886
25200 2.9 77915
25210 2.7 77942
25220 2.8 77970
25230 2.6 77996
25240 3 78026
25250 2.9 78055
25260 3.5 78090
25270 3.5 78125
25280 2.7 78152
25290 3.1 78183
25300 2.1 78204
25310 2.6 78230
25320 3.6 78266
25330 2 78286
25340 3.3 78319
25350 2.8 78347
25360 4.3 78390
25370 2.5 78415
25380 3.4 78449
25390 2.9 78478
25400 3.1 78509
25410 3.4 78543
25420 3.3 78576
25430 2.9 78605
25440 3.4 78639
25450 3.7 78676
25460 2.8 78704
25470 3.2 78736
25480 3.2 78768
25490 2.8 78796
25500 4.3 78839
25510 3.8 78877
25520 3.2 78909
25530 3.1 78940
25540 3.1 78971
25550 3 79001
25560 2.8 79029
25570 2.5 79054
25580 2.7 79081
25590 2.9 79110
25600 3.4 79144
25610 2.5 79169
25620 2.7 79196
25630 3.3 79229
25640 2.6 79255
25650 2.8 79283
25660 2.8 79311
25670 3.3 79344
25680 3.1 79375
25690 3 79405
25700 2.2 79427
25710 3.7 79464
25720 2.8 79492
25730 3 79522
25740 3.3 79555
25750 2.9 79584
25760 2.8 79612
25770 3.5 79647
25780 3.1 79678
25790 3 79708
25800 2.9 79737
25810 2.4 79761
25820 2.7 79788
25830 3.4 79822
25840 3.1 79853
25850 2.9 79882
25860 3.4 79916
25870 3.3 79949
25880 2.7 79976
25890 3 80006
25900 3.1 80037
25910 3.3 80070
25920 3.2 80102
25930 3.1 80133
25940 2.8 80161
25950 3.6 80197
25960 3.1 80228
25970 3.5 80263
25980 3.6 80299
25990 3.4 80333
26000 3.1 80364
26010 3.1 80395
26020 3.3 80428
26030 3.8 80466
26040 3.4 80500
26050 2.7 80527
26060 3.4 80561
26070 3.4 80595
26080 2.8 80623
26090 2.7 80650
26100 2.7 80677
26110 3.1 80708
26120 3.1 80739
26130 2.8 80767
26140 3 80797
26150 2.7 80824
26160 3.4 80858
26170 3.2 80890
26180 3.1 80921
26190 3.7 80958
26200 3.7 80995
26210 3.2 81027
26220 2.5 81052
26230 2.5 81077
26240 3.3 81110
26250 3.1 81141
26260 3.5 81176
26270 3.2 81208
26280 3 81238
26290 3.1 81269
26300 3.1 81300
26310 3.2 81332
26320 3.2 81364
26330 2.6 81390
26340 2.8 81418
26350 3.1 81449
26360 2.7 81476
26370 2.5 81501
26380 3.5 81536
26390 3.4 81570
26400 3.5 81605
26410 3.3 81638
26420 3.3 81671
26430 3.7 81708
26440 3.3 81741
26450 2.7 81768
26460 4 81808
26470 3.4 81842
26480 2.8 81870
26490 3.1 81901
26500 3.5 81936
26510 2.8 81964
26520 2.7 81991
26530 4.1 82032
26540 2.6 82058
26550 3.1 82089
26560 3.3 82122
26570 3.2 82154
26580 3.5 82189
26590 3.2 82221
26600 2.4 82245
26610 2.9 82274
26620 3.9 82313
26630 2.5 82338
26640 3.1 82369
26650 3 82399
26660 3.3 82432
26670 3.6 82468
26680 2.8 82496
26690 3.8 82534
26700 4 82574
26710 2.5 82599
26720 2.9 82628
26730 3.7 82665
26740 3.2 82697
26750 3.2 82729
26760 3.2 82761
26770 3 82791
26780 3.1 82822
26790 2.9 82851
26800 2.9 82880
26810 3.4 82914
26820 3.1 82945
26830 3.1 82976
26840 2.6 83002
26850 3.5 83037
26860 2.9 83066
26870 2.8 83094
26880 3 83124
26890 2.7 83151
26900 2.7 83178
26910 3.9 83217
26920 3 83247
26930 3 83277
26940 3.1 83308
26950 3.5 83343
26960 3 83373
26970 2.8 83401
26980 3.7 83438
26990 2.9 83467
27000 3.3 83500
27010 3.2 83532
27020 2.9 83561
27030 2.8 83589
27040 3.1 83620
27050 2.6 83646
27060 2.8 83674
27070 2.7 83701
27080 3.1 83732
27090 3.5 83767
27100 3.6 83803
27110 3.5 83838
27120 2.8 83866
27130 3.6 83902
27140 3.5 83937
27150 3.8 83975
27160 2.6 84001
27170 3.1 84032
27180 3.6 84068
27190 3.2 84100
27200 3.3 84133
27210 3.2 84165
27220 3.1 84196
27230 3.6 84232
27240 2.7 84259
27250 3.1 84290
27260 3.5 84325
27270 2.2 84347
27280 2 84367
27290 3.1 84398
27300 3 84428
27310 3.1 84459
27320 2.5 84484
27330 3.4 84518
27340 3.3 84551
27350 2.9 84580
27360 2.8 84608
27370 4 84648
27380 3.3 84681
27390 3 84711
27400 3.5 84746
27410 3.4 84780
27420 3.1 84811
27430 3.1 84842
27440 3.3 84875
27450 2.8 84903
27460 2.7 84930
27470 3.5 84965
27480 3.3 84998
27490 2.8 85026
27500 2.6 85052
27510 3 85082
27520 3.1 85113
27530 3.4 85147
27540 3.1 85178
27550 3.3 85211
27560 3.1 85242
27570 3.3 85275
27580 3 85305
27590 3.9 85344
27600 3.8 85382
27610 2.5 85407
27620 3 85437
27630 3.5 85472
27640 3.5 85507
27650 3.5 85542
27660 3.5 85577
27670 2.7 85604
27680 3.8 85642
27690 2.7 85669
27700 2.9 85698
27710 2.7 85725
27720 3.1 85756
27730 2.9 85785
27740 2.6 85811
27750 2.1 85832
27760 2.9 85861
27770 3.6 85897
27780 2.6 85923
27790 2.9 85952
27800 2.6 85978
27810 3.3 86011
27820 3.4 86045
27830 2.5 86070
27840 3 86100
27850 3.4 86134
27860 2.9 86163
27870 4 86203
27880 3.2 86235
27890 3.2 86267
27900 3.8 86305
27910 3.5 86340
27920 2.8 86368
27930 3.5 86403
27940 3.5 86438
27950 3.7 86475
27960 3.2 86507
27970 3.1 86538
27980 2.8 86566
27990 3 86596
28000 2.9 86625
28010 2.6 86651
28020 3.1 86682
28030 2.6 86708
28040 3.2 86740
28050 2.9 86769
28060 3.6 86805
28070 3.5 86840
28080 2.4 86864
28090 2.8 86892
28100 3.7 86929
28110 3.3 86962
28120 2.9 86991
28130 3.2 87023
28140 3.8 87061
28150 2.9 87090
28160 3.6 87126
28170 2.7 87153
28180 2.8 87181
28190 3.4 87215
28200 2.9 87244
28210 2.6 87270
28220 3.3 87303
28230 2.9 87332
28240 2.9 87361
28250 2.6 87387
28260 3.3 87420
28270 3.5 87455
28280 3.1 87486
28290 3.3 87519
28300 3.6 87555
28310 2.8 87583
28320 4 87623
28330 2.5 87648
28340 2.6 87674
28350 2.7 87701
28360 3.6 87737
28370 3.4 87771
28380 3.3 87804
28390 2.3 87827
28400 2.3 87850
28410 3 87880
28420 3.4 87914
28430 3.2 87946
28440 3.6 87982
28450 3.2 88014
28460 3 88044
28470 3.3 88077
28480 3 88107
28490 3.2 88139
28500 2.5 88164
28510 3.9 88203
28520 3 88233
28530 2.9 88262
28540 2.5 88287
28550 3.3 88320
28560 2.8 88348
28570 3.7 88385
28580 2.5 88410
28590 3 88440
28600 3.3 88473
28610 3.1 88504
28620 3.1 88535
28630 3 88565
28640 3.2 88597
28650 3.2 88629
28660 3.4 88663
28670 3.1 88694
28680 3 88724
28690 3.9 88763
28700 3.4 88797
28710 3.4 88831
28720 3.7 88868
28730 2.8 88896
28740 3.1 88927
28750 3.7 88964
28760 2.8 88992
28770 3.8 89030
28780 3 89060
28790 4 89100
28800 3.4 89134
28810 2.5 89159
28820 3 89189
28830 2.2 89211
28840 3.1 89242
28850 3 89272
28860 3.2 89304
28870 2.9 89333
28880 3.4 89367
28890 3.3 89400
28900 3.4 89434
28910 2.7 89461
28920 3.1 89492
28930 3.2 89524
28940 2.4 89548
28950 2.8 89576
28960 3.7 89613
28970 3 89643
28980 3.4 89677
28990 2.7 89704
29000 3.8 89742
29010 2.6 89768
29020 2.9 89797
29030 3 89827
29040 2.7 89854
29050 2.9 89883
29060 3.3 89916
29070 2.6 89942
29080 3.6 89978
29090 3.1 90009
29100 2.6 90035
29110 3.5 90070
29120 3.7 90107
29130 2.9 90136
29140 3.5 90171
29150 2.9 90200
29160 3.4 90234
29170 2.7 90261
29180 3.3 90294
29190 3.8 90332
29200 3.7 90369
29210 3.2 90401
29220 4.1 90442
29230 3.9 90481
29240 3 90511
29250 3.2 90543
29260 2.9 90572
29270 3.1 90603
29280 2.3 90626
29290 2.6 90652
29300 2.8 90680
29310 3.7 90717
29320 2.8 90745
29330 3 90775
29340 2.3 90798
29350 3.4 90832
29360 3.3 90865
29370 2.9 90894
29380 2.5 90919
29390 3.1 90950
29400 3.5 90985
29410 2.5 91010
29420 2.8 91038
29430 2.8 91066
29440 3.7 91103
29450 2.9 91132
29460 2.8 91160
29470 2.7 91187
29480 2.8 91215
29490 3.6 91251
29500 3.3 91284
29510 2.5 91309
29520 3.1 91340
29530 3.1 91371
29540 3.5 91406
29550 2.9 91435
29560 3.4 91469
29570 4 91509
29580 2.7 91536
29590 3.6 91572
29600 3.1 91603
29610 3.6 91639
29620 3.8 91677
29630 3.2 91709
29640 2.9 91738
29650 3 91768
29660 3.1 91799
29670 3.3 91832
29680 3.4 91866
29690 3.4 91900
29700 2.8 91928
29710 3 91958
29720 3 91988
29730 3.3 92021
29740 3.2 92053
29750 2.7 92080
29760 2.8 92108
29770 3 92138
29780 2.8 92166
29790 3.2 92198
29800 3 92228
29810 3.2 92260
29820 3 92290
29830 3 92320
29840 3.3 92353
29850 2.6 92379
29860 3.4 92413
29870 2.7 92440
29880 2.7 92467
29890 2.6 92493
29900 3.2 92525
29910 3.5 92560
29920 3.1 92591
29930 4.1 92632
29940 3 92662
29950 3.5 92697
29960 3.3 92730
29970 2.8 92758
29980 3.2 92790
29990 4 92830
30000 3.3 92863
30010 3.2 92895
30020 3.6 92931
30030 3.8 92969
30040 3.1 93000
30050 2.5 93025
30060 4 93065
30070 3.2 93097
30080 3.2 93129
30090 3.1 93160
30100 3.4 93194
30110 2.8 93222
30120 3.3 93255
30130 2.3 93278
30140 2.4 93302
30150 2.3 93325
30160 3.2 93357
30170 3.2 93389
30180 3.4 93423
30190 2.8 93451
30200 3.2 93483
30210 2.6 93509
30220 3.3 93542
30230 3.1 93573
30240 2.9 93602
30250 3 93632
30260 3.5 93667
30270 3.3 93700
30280 2.6 93726
30290 3.3 93759
30300 2.9 93788
30310 3 93818
30320 3.2 93850
30330 3.1 93881
30340 3.2 93913
30350 2.8 93941
30360 2.6 93967
30370 4.1 94008
30380 3.3 94041
30390 3.1 94072
30400 3.2 94104
30410 3 94134
30420 3.4 94168
30430 3.5 94203
30440 3.1 94234
30450 3.3 94267
30460 4 94307
30470 3.3 94340
30480 3.2 94372
30490 3.6 94408
30500 2.8 94436
30510 2.9 94465
30520 2.8 94493
30530 3 94523
30540 2.8 94551
30550 2.9 94580
30560 2.6 94606
30570 3.2 94638
30580 3.1 94669
30590 3.2 94701
30600 2.9 94730
30610 3.3 94763
30620 2.6 94789
30630 3.1 94820
30640 3 94850
30650 3.2 94882
30660 3.3 94915
30670 3.5 94950
30680 3 94980
30690 3.4 95014
30700 3.2 95046
30710 3.5 95081
30720 3.5 95116
30730 3.4 95150
30740 3.6 95186
30750 3.2 95218
30760 3.7 95255
30770 3 95285
30780 3.3 95318
30790 3.1 95349
30800 2.9 95378
30810 3 95408
30820 2.9 95437
30830 2.8 95465
30840 3.7 95502
30850 2.6 95528
30860 2.6 95554
30870 3.2 95586
30880 3.6 95622
30890 3.1 95653
30900 2.3 95676
30910 3.2 95708
30920 2.6 95734
30930 3.1 95765
30940 2.5 95790
30950 3.1 95821
30960 3.4 95855
30970 2.6 95881
30980 3.5 95916
30990 2.7 95943
31000 3.5 95978
31010 3.1 96009
31020 3.1 96040
31030 3.4 96074
31040 3 96104
31050 3.1 96135
31060 2.9 96164
31070 3.1 96195
31080 3.9 96234
31090 3.4 96268
31100 3.2 96300
31110 3.6 96336
31120 2.2 96358
31130 3.8 96396
31140 2.9 96425
31150 2.7 96452
31160 2.6 96478
31170 4.4 96522
31180 3.1 96553
31190 2.8 96581
31200 3.5 96616
31210 2.6 96642
31220 3 96672
31230 3 96702
31240 3.4 96736
31250 2.9 96765
31260 3.5 96800
31270 3.1 96831
31280 3.9 96870
31290 2.7 96897
31300 2.6 96923
31310 3.2 96955
31320 3 96985
31330 2.9 97014
31340 2.9 97043
31350 3.4 97077
31360 2.8 97105
31370 3.1 97136
31380 3 97166
31390 3 97196
31400 3.2 97228
31410 3.1 97259
31420 3.5 97294
31430 2.8 97322
31440 3.6 97358
31450 2.8 97386
31460 3.4 97420
31470 3.3 97453
31480 3.6 97489
31490 3.2 97521
31500 3.5 97556
31510 3.4 97590
31520 2.5 97615
31530 3.3 97648
31540 2.5 97673
31550 3 97703
31560 3.6 97739
31570 2.5 97764
31580 3.1 97795
31590 3.3 97828
31600 2.9 97857
31610 3.2 97889
31620 2.3 97912
31630 3.9 97951
31640 2.8 97979
31650 3.3 98012
31660 3.4 98046
31670 3.2 98078
31680 3.1 98109
31690 3.2 98141
31700 3.6 98177
31710 3.3 98210
31720 3.4 98244
31730 3.4 98278
31740 3.3 98311
31750 3.4 98345
31760 2.7 98372
31770 3.2 98404
31780 2.5 98429
31790 3.5 98464
31800 3.2 98496
31810 2.7 98523
31820 2.2 98545
31830 3 98575
31840 2.5 98600
31850 3 98630
31860 3.6 98666
31870 2.6 98692
31880 3.1 98723
31890 2.5 98748
31900 3.4 98782
31910 2.5 98807
31920 2.9 98836
31930 3 98866
31940 2.9 98895
31950 3.6 98931
31960 4 98971
31970 3.5 99006
31980 2.8 99034
31990 3.4 99068
32000 3.1 99099
32010 3 99129
32020 3.2 99161
32030 2.8 99189
32040 3.2 99221
32050 2.7 99248
32060 3.6 99284
32070 2.9 99313
32080 3 99343
32090 3 99373
32100 2.3 99396
32110 2.8 99424
32120 3.1 99455
32130 2.5 99480
32140 2.7 99507
32150 2.9 99536
32160 3.6 99572
32170 3 99602
32180 3.7 99639
32190 3.1 99670
32200 2.8 99698
32210 4.4 99742
32220 3.4 99776
32230 3.6 99812
32240 3 99842
32250 3.9 99881
32260 4.4 99925
32270 2.2 99947
32280 3.8 99985
32290 4 100025
32300 3.6 100061
32310 3.5 100096
32320 2.4 100120
32330 3.9 100159
32340 3.3 100192
32350 2.3 100215
32360 2.5 100240
32370 2.8 100268
32380 2.7 100295
32390 3.1 100326
32400 3.1 100357
32410 3.5 100392
32420 2.9 100421
32430 2.6 100447
32440 3.9 100486
32450 3.5 100521
32460 2.8 100549
32470 3.2 100581
32480 2.6 100607
32490 3.5 100642
32500 3 100672
32510 3.7 100709
32520 3.2 100741
32530 3.1 100772
32540 2.9 100801
32550 3 100831
32560 3.3 100864
32570 2.2 100886
32580 3.7 100923
32590 3 100953
32600 3.1 100984
32610 2.8 101012
32620 2.9 101041
32630 3.3 101074
32640 3 101104
32650 3.1 101135
32660 2.4 101159
32670 3.3 101192
32680 4 101232
32690 2.4 101256
32700 3.3 101289
32710 2.9 101318
32720 2.4 101342
32730 3.1 101373
32740 3 101403
32750 3 101433
32760 2.9 101462
32770 3.7 101499
32780 3.1 101530
32790 3.2 101562
32800 3.2 101594
32810 2.9 101623
32820 3 101653
32830 3.6 101689
32840 2.9 101718
32850 2.7 101745
32860 3.8 101783
32870 2.7 101810
32880 3 101840
32890 2.8 101868
32900 2.7 101895
32910 3.4 101929
32920 2.6 101955
32930 3.1 101986
32940 3.4 102020
32950 3.2 102052
32960 3.3 102085
32970 2.9 102114
32980 3.3 102147
32990 3.7 102184
33000 3 102214
33010 4.4 102258
33020 2.7 102285
33030 3.3 102318
33040 3.6 102354
33050 3.5 102389
33060 3.2 102421
33070 2.9 102450
33080 3.6 102486
33090 3.9 102525
33100 3.9 102564
33110 3 102594
33120 3.8 102632
33130 3.2 102664
33140 3.5 102699
33150 2.8 102727
33160 3.8 102765
33170 3.4 102799
33180 3.3 102832
33190 2.2 102854
33200 3.3 102887
33210 3.2 102919
33220 3.1 102950
33230 3.5 102985
33240 3.5 103020
33250 2.6 103046
33260 3 103076
33270 3.4 103110
33280 2.9 103139
33290 3 103169
33300 3.6 103205
33310 3 103235
33320 2.7 103262
33330 3 103292
33340 4.2 103334
33350 3.1 103365
33360 3.1 103396
33370 3.2 103428
33380 3.3 103461
33390 3.4 103495
33400 3 103525
33410 3.4 103559
33420 2.3 103582
33430 2.8 103610
33440 3.2 103642
33450 2.7 103669
33460 2.8 103697
33470 2.5 103722
33480 3.3 103755
33490 2.9 103784
33500 2.4 103808
33510 4 103848
33520 2.3 103871
33530 3 103901
33540 3.3 103934
33550 3 103964
33560 2.5 103989
33570 3.4 104023
33580 2.2 104045
33590 2.8 104073
33600 3.9 104112
33610 2.7 104139
33620 2.7 104166
33630 3.1 104197
33640 4.1 104238
33650 3.7 104275
33660 2.9 104304
33670 3.4 104338
33680 3 104368
33690 4 104408
33700 3.2 104440
33710 2.6 104466
33720 3.9 104505
33730 3.2 104537
33740 2.6 104563
33750 2.4 104587
33760 3.2 104619
33770 3.8 104657
33780 3 104687
33790 2.4 104711
33800 3.6 104747
33810 3.7 104784
33820 3.2 104816
33830 2.3 104839
33840 3.2 104871
33850 2.7 104898
33860 3 104928
33870 3.5 104963
33880 3.7 105000
33890 3.4 105034
33900 2.8 105062
33910 3.1 105093
33920 3.1 105124
33930 2.8 105152
33940 4.4 105196
33950 1.9 105215
33960 2 105235
33970 4.2 105277
33980 3.2 105309
33990 3.2 105341
34000 2.8 105369
34010 3.1 105400
34020 3.5 105435
34030 3.7 105472
34040 3.8 105510
34050 3.3 105543
34060 3.1 105574
34070 2.8 105602
34080 3.2 105634
34090 2.7 105661
34100 3.3 105694
34110 2.3 105717
34120 3.2 105749
34130 3.6 105785
34140 3.4 105819
34150 3.4 105853
34160 2.3 105876
34170 3.3 105909
34180 3.1 105940
34190 3.3 105973
34200 3.8 106011
34210 3.1 106042
34220 4.1 106083
34230 3 106113
34240 3 106143
34250 2.7 106170
34260 3.4 106204
34270 3.5 106239
34280 2.6 106265
34290 2.7 106292
34300 3.1 106323
34310 2.7 106350
34320 2.3 106373
34330 2.7 106400
34340 2.2 106422
34350 2.5 106447
34360 3.2 106479
34370 3.2 106511
34380 2.7 106538
34390 3.2 106570
34400 3.1 106601
34410 3.2 106633
34420 3.3 106666
34430 3.1 106697
34440 2.9 106726
34450 3.7 106763
34460 3 106793
34470 3.6 106829
34480 3.6 106865
34490 3.2 106897
34500 3.9 106936
34510 3.6 106972
34520 3 107002
34530 3.6 107038
34540 3.7 107075
34550 3.1 107106
34560 3.6 107142
34570 3.1 107173
34580 2.8 107201
34590 3.7 107238
34600 2.8 107266
34610 2.8 107294
34620 3.4 107328
34630 3.5 107363
34640 2.6 107389
34650 2.8 107417
34660 3 107447
34670 3.2 107479
34680 2.7 107506
34690 2.7 107533
34700 3 107563
34710 3.9 107602
34720 2.5 107627
34730 2.9 107656
34740 3 107686
34750 3.3 107719
34760 2.8 107747
34770 2.7 107774
34780 3.1 107805
34790 3.5 107840
34800 2.8 107868
34810 3.2 107900
34820 3.2 107932
34830 3.1 107963
34840 2.4 107987
34850 2.9 108016
34860 3.2 108048
34870 3.6 108084
34880 2.3 108107
34890 3.8 108145
34900 3.1 108176
34910 3.5 108211
34920 2.4 108235
34930 2.6 108261
34940 1.8 108279
34950 3 108309
34960 2.9 108338
34970 3.1 108369
34980 3.5 108404
34990 3.5 108439
35000 3.3 108472
35010 3.9 108511
35020 2.5 108536
35030 1.8 108554
35040 4.2 108596
35050 3.3 108629
35060 2.9 108658
35070 3.3 108691
35080 2.8 108719
35090 3 108749
35100 3 108779
35110 2.2 108801
35120 3.5 108836
35130 3.4 108870
35140 3.5 108905
35150 2.4 108929
35160 2.8 108957
35170 2.9 108986
35180 2.7 109013
35190 3.1 109044
35200 3.4 109078
35210 2.7 109105
35220 3.2 109137
35230 3.2 109169
35240 2.5 109194
35250 3.8 109232
35260 3.1 109263
35270 3.6 109299
35280 3.4 109333
35290 3 109363
35300 3.3 109396
35310 4.1 109437
35320 3.3 109470
35330 4.5 109515
35340 2.8 109543
35350 3.3 109576
35360 3.3 109609
35370 3.1 109640
35380 3.7 109677
35390 3.4 109711
35400 4 109751
35410 4 109791
35420 3 109821
35430 3.7 109858
35440 2.7 109885
35450 3.7 109922
35460 2.8 109950
35470 3.6 109986
35480 2.3 110009
35490 3.4 110043
35500 3 110073
35510 2.9 110102
35520 3.5 110137
35530 3.3 110170
35540 3.3 110203
35550 3.1 110234
35560 3.8 110272
35570 3.2 110304
35580 3.2 110336
35590 2.6 110362
35600 2.5 110387
35610 2.7 110414
35620 3.8 110452
35630 3.2 110484
35640 3.5 110519
35650 2.8 110547
35660 3.4 110581
35670 3 110611
35680 2.8 110639
35690 2.5 110664
35700 3.7 110701
35710 2.3 110724
35720 3 110754
35730 2.5 110779
35740 3.4 110813
35750 2.8 110841
35760 3.4 110875
35770 3.4 110909
35780 2.7 110936
35790 2.8 110964
35800 2.7 110991
35810 3.1 111022
35820 3 111052
35830 3.5 111087
35840 2.3 111110
35850 3.2 111142
35860 3.3 111175
35870 3.2 111207
35880 3.2 111239
35890 3.5 111274
35900 2.7 111301
35910 4 111341
35920 2.8 111369
35930 3.2 111401
35940 3.7 111438
35950 3.5 111473
35960 3.8 111511
35970 3.2 111543
35980 3.5 111578
35990 4 111618
36000 3.1 111649
36010 3.5 111684
36020 3 111714
36030 4.1 111755
36040 3.1 111786
36050 2.6 111812
36060 2.7 111839
36070 3.7 111876
36080 2.5 111901
36090 2.4 111925
36100 2.6 111951
36110 2.6 111977
36120 2.8 112005
36130 2.7 112032
36140 2.8 112060
36150 2.2 112082
36160 3.6 112118
36170 3.2 112150
36180 3.8 112188
36190 2.9 112217
36200 3.8 112255
36210 3.5 112290
36220 3.9 112329
36230 2.6 112355
36240 3.7 112392
36250 2.8 112420
36260 3.1 112451
36270 3 112481
36280 2.8 112509
36290 3.2 112541
36300 2.7 112568
36310 3 112598
36320 2.4 112622
36330 3.9 112661
36340 3.2 112693
36350 2.1 112714
36360 3.4 112748
36370 2.9 112777
36380 3.2 112809
36390 3.4 112843
36400 2.6 112869
36410 3.9 112908
36420 3 112938
36430 2.6 112964
36440 2.8 112992
36450 3.7 113029
36460 3.3 113062
36470 2 113082
36480 3.1 113113
36490 3.3 113146
36500 2.5 113171
36510 2.8 113199
36520 3.1 113230
36530 3 113260
36540 2.9 113289
36550 3.4 113323
36560 2.7 113350
36570 3.2 113382
36580 3.3 113415
36590 2.9 113444
36600 3 113474
36610 2.9 113503
36620 2.5 113528
36630 2.7 113555
36640 3.3 113588
36650 2.4 113612
36660 3.1 113643
36670 3.3 113676
36680 2.7 113703
36690 3.5 113738
36700 3.6 113774
36710 2.7 113801
36720 2.8 113829
36730 2.4 113853
36740 3.3 113886
36750 3.4 113920
36760 3.1 113951
36770 2.6 113977
36780 3.1 114008
36790 3 114038
36800 2.3 114061
36810 2.1 114082
36820 3.1 114113
36830 3 114143
36840 3.1 114174
36850 2.8 114202
36860 3.2 114234
36870 2.8 114262
36880 2.6 114288
36890 3.1 114319
36900 3.2 114351
36910 3.4 114385
36920 2.5 114410
36930 3.6 114446
36940 3.4 114480
36950 2.9 114509
36960 3.8 114547
36970 2.4 114571
36980 3.4 114605
36990 2.7 114632
37000 3.6 114668
37010 3.1 114699
37020 2 114719
37030 3.5 114754
37040 3.2 114786
37050 1.9 114805
37060 3 114835
37070 3.4 114869
37080 2.9 114898
37090 2.8 114926
37100 3.7 114963
37110 2.5 114988
37120 3.7 115025
37130 2.9 115054
37140 3.4 115088
37150 3.1 115119
37160 3.1 115150
37170 3 115180
37180 3.3 115213
37190 3.2 115245
37200 3.5 115280
37210 2.4 115304
37220 2.9 115333
37230 3.2 115365
37240 3.3 115398
37250 2.5 115423
37260 3.2 115455
37270 2.4 115479
37280 2.5 115504
37290 2.4 115528
37300 2.6 115554
37310 3.1 115585
37320 3.1 115616
37330 2.7 115643
37340 2.5 115668
37350 2.8 115696
37360 3.3 115729
37370 2.9 115758
37380 3.1 115789
37390 3 115819
37400 2.9 115848
37410 2.4 115872
37420 3.3 115905
37430 3.5 115940
37440 2.5 115965
37450 2.7 115992
37460 3 116022
37470 3.4 116056
37480 2.4 116080
37490 3 116110
37500 3.5 116145
37510 2.9 116174
37520 3 116204
37530 3.6 116240
37540 3 116270
37550 2.9 116299
37560 2.9 116328
37570 2.4 116352
37580 3.6 116388
37590 2.8 116416
37600 2.7 116443
37610 3.1 116474
37620 3 116504
37630 2.7 116531
37640 2.9 116560
37650 3.3 116593
37660 2.9 116622
37670 3.6 116658
37680 2.9 116687
37690 2.7 116714
37700 3.1 116745
37710 3.2 116777
37720 2 116797
37730 3.2 116829
37740 2.8 116857
37750 3 116887
37760 2.9 116916
37770 3.2 116948
37780 2.8 116976
37790 2.8 117004
37800 3.2 117036
37810 2.8 117064
37820 3.2 117096
37830 3.6 117132
37840 2.7 117159
37850 2.1 117180
37860 2.4 117204
37870 2.6 117230
37880 2.4 117254
37890 2.3 117277
37900 2.8 117305
37910 2.2 117327
37920 2.9 117356
37930 2.6 117382
37940 3.1 117413
37950 3 117443
37960 3.2 117475
37970 2.7 117502
37980 3.4 117536
37990 3.3 117569
38000 2 117589
38010 3 117619
38020 2.6 117645
38030 3.2 117677
38040 2.7 117704
38050 3.6 117740
38060 2.4 117764
38070 3.1 117795
38080 3.2 117827
38090 2.8 117855
38100 3 117885
38110 2.7 117912
38120 2.6 117938
38130 2.8 117966
38140 2.4 117990
38150 2 118010
38160 2.9 118039
38170 2.9 118068
38180 2.8 118096
38190 2.8 118124
38200 2.5 118149
38210 2.7 118176
38220 3 118206
38230 3 118236
38240 2.9 118265
38250 3.2 118297
38260 2.8 118325
38270 2.7 118352
38280 2.9 118381
38290 2.6 118407
38300 2.6 118433
38310 3.5 118468
38320 2.8 118496
38330 2.9 118525
38340 2.9 118554
38350 2.6 118580
38360 3.1 118611
38370 2.8 118639
38380 2.8 118667
38390 3.7 118704
38400 3.2 118736
38410 3.2 118768
38420 2.9 118797
38430 2.6 118823
38440 2.9 118852
38450 2.6 118878
38460 3 118908
38470 2.2 118930
38480 3.1 118961
38490 2.2 118983
38500 3.6 119019
38510 3.1 119050
38520 2.6 119076
38530 3.2 119108
38540 3 119138
38550 2.5 119163
38560 2.8 119191
38570 2.9 119220
38580 2.1 119241
38590 2.8 119269
38600 3.2 119301
38610 3 119331
38620 3.7 119368
38630 3.3 119401
38640 2.6 119427
38650 2.4 119451
38660 2.9 119480
38670 3.1 119511
38680 1.9 119530
38690 3.7 119567
38700 2.2 119589
38710 3.2 119621
38720 2.5 119646
38730 2.2 119668
38740 2.8 119696
38750 2.5 119721
38760 2.7 119748
38770 2.8 119776
38780 2.1 119797
38790 2.4 119821
38800 2.5 119846
38810 2.8 119874
38820 2.6 119900
38830 2.5 119925
38840 2.8 119953
38850 2.5 119978
38860 3.4 120012
38870 2 120032
38880 3 120062
38890 2 120082
38900 1.9 120101
38910 2.2 120123
38920 2.8 120151
38930 2.5 120176
38940 2 120196
38950 2.6 120222
38960 2.2 120244
38970 2.4 120268
38980 3.3 120301
38990 2.5 120326
39000 2.1 120347
39010 2.2 120369
39020 2.3 120392
39030 2.2 120414
39040 2.8 120442
39050 2.2 120464
39060 2.9 120493
39070 1.6 120509
39080 2 120529
39090 3 120559
39100 3.1 120590
39110 2.4 120614
39120 1.4 120628
39130 3 120658
39140 1.6 120674
39150 2.3 120697
39160 1.7 120714
39170 2.4 120738
39180 2.8 120766
39190 1.9 120785
39200 2.2 120807
39210 2.1 120828
39220 2.9 120857
39230 2.4 120881
39240 1.9 120900
39250 2 120920
39260 1.7 120937
39270 2.5 120962
39280 2.1 120983
39290 2.6 121009
39300 3.1 121040
39310 2.1 121061
39320 2.9 121090
39330 2 121110
39340 1.9 121129
39350 2.1 121150
39360 2.2 121172
39370 2.1 121193
39380 2.1 121214
39390 2 121234
39400 2.9 121263
39410 2.4 121287
39420 1.9 121306
39430 2.3 121329
39440 2.6 121355
39450 2.3 121378
39460 2.3 121401
39470 2.3 121424
39480 2 121444
39490 2.2 121466
39500 2.3 121489
39510 2.1 121510
39520 2.6 121536
39530 1.8 121554
39540 1.9 121573
39550 2 121593
39560 2 121613
39570 2.2 121635
39580 2.3 121658
39590 1.9 121677
39600 2.6 121703
39610 2.4 121727
39620 2.1 121748
39630 2.4 121772
39640 2.7 121799
39650 2.4 121823
39660 3.1 121854
39670 1.9 121873
39680 2.4 121897
39690 3 121927
39700 2.7 121954
39710 2.9 121983
39720 1.5 121998
39730 1.7 122015
39740 2.2 122037
39750 1.7 122054
39760 2.3 122077
39770 2.8 122105
39780 2.7 122132
39790 1.7 122149
39800 2.3 122172
39810 2.3 122195
39820 2.3 122218
39830 2.1 122239
39840 2.7 122266
39850 1.9 122285
39860 1.7 122302
39870 1.8 122320
39880 2.8 122348
39890 2.8 122376
39900 2.6 122402
39910 1.7 122419
39920 2.6 122445
39930 2.7 122472
39940 1.8 122490
39950 1.8 122508
39960 2.2 122530
39970 2.2 122552
39980 2.5 122577
39990 1.8 122595
40000 2.2 122617
40010 2 122637
40020 1.9 122656
40030 2.2 122678
40040 2.9 122707
40050 2.4 122731
40060 2.2 122753
40070 2.7 122780
40080 2 122800
40090 2.9 122829
40100 2.3 122852
40110 1.2 122864
40120 1.7 122881
40130 2.6 122907
40140 2 122927
40150 2.5 122952
40160 2.3 122975
40170 1.6 122991
40180 1.8 123009
40190 2.6 123035
40200 1.7 123052
40210 2.1 123073
40220 2.4 123097
40230 1.9 123116
40240 2.2 123138
40250 2.2 123160
40260 2.1 123181
40270 1.7 123198
40280 1.8 123216
40290 2.6 123242
40300 1.7 123259
40310 1.8 123277
40320 1.4 123291
40330 2.4 123315
40340 1.8 123333
40350 2.5 123358
40360 2.4 123382
40370 1.6 123398
40380 1.9 123417
40390 3 123447
40400 2.5 123472
40410 1.5 123487
40420 2 123507
40430 2 123527
40440 1.8 123545
40450 2.1 123566
40460 2.1 123587
40470 2 123607
40480 1.7 123624
40490 2.3 123647
40500 1.4 123661
40510 2 123681
40520 2 123701
40530 1.8 123719
40540 1.1 123730
40550 1.5 123745
40560 0.8 123753
40570 1.8 123771
40580 1.5 123786
40590 1.6 123802
40600 1.7 123819
40610 1.2 123831
40620 1.4 123845
40630 2.2 123867
40640 1.3 123880
40650 1.9 123899
40660 1.8 123917
40670 1.8 123935
40680 1.9 123954
40690 1.5 123969
40700 1.6 123985
40710 1.7 124002
40720 1.8 124020
40730 1.3 124033
40740 1.6 124049
40750 2.3 124072
40760 2 124092
40770 2.1 124113
40780 1.6 124129
40790 2.3 124152
40800 1.6 124168
40810 1.7 124185
40820 2.1 124206
40830 2.3 124229
40840 1.6 124245
40850 1.8 124263
40860 2 124283
40870 1.2 124295
40880 1.4 124309
40890 2.2 124331
40900 2.1 124352
40910 1.6 124368
40920 1.8 124386
40930 1.8 124404
40940 1.7 124421
40950 1.8 124439
40960 1.7 124456
40970 1.6 124472
40980 1.9 124491
40990 1.7 124508
41000 1.4 124522
41010 1.6 124538
41020 1 124548
41030 1 124558
41040 1.5 124573
41050 1.1 124584
41060 1.1 124595
41070 1.6 124611
41080 1.6 124627
41090 1.4 124641
41100 1.2 124653
41110 1.6 124669
41120 1.3 124682
41130 1.6 124698
41140 1.3 124711
41150 1.2 124723
41160 1.5 124738
41170 1.5 124753
41180 2.1 124774
41190 1.7 124791
41200 1.4 124805
41210 1.4 124819
41220 1.2 124831
41230 2.1 124852
41240 1.5 124867
41250 1.5 124882
41260 1.1 124893
41270 1.6 124909
41280 1.7 124926
41290 1.6 124942
41300 1.7 124959
41310 2.1 124980
41320 1.4 124994
41330 1.7 125011
41340 2.1 125032
41350 2 125052
41360 0.9 125061
41370 1.6 125077
41380 1.5 125092
41390 1.5 125107
41400 1.4 125121
41410 1.2 125133
41420 1.8 125151
41430 1.7 125168
41440 1.8 125186
41450 1.7 125203
41460 1.3 125216
41470 0.8 125224
41480 1.9 125243
41490 1.4 125257
41500 2.3 125280
41510 1.4 125294
41520 1.8 125312
41530 1.3 125325
41540 1 125335
41550 1.4 125349
41560 1.4 125363
41570 1.6 125379
41580 1.4 125393
41590 1 125403
41600 1.2 125415
41610 1.4 125429
41620 1.6 125445
41630 1 125455
41640 2.4 125479
41650 1.6 125495
41660 1.2 125507
41670 1.7 125524
41680 0.9 125533
41690 1.8 125551
41700 1.7 125568
41710 1.3 125581
41720 1.6 125597
41730 1.6 125613
41740 1.6 125629
41750 1.2 125641
41760 1.1 125652
41770 1.6 125668
41780 1.6 125684
41790 1 125694
41800 1.4 125708
41810 1.7 125725
41820 1.9 125744
41830 1.4 125758
41840 1 125768
41850 1.9 125787
41860 1.5 125802
41870 1.3 125815
41880 1.2 125827
41890 1.8 125845
41900 1.4 125859
41910 1.5 125874
41920 1.1 125885
41930 1.2 125897
41940 1.2 125909
41950 1.1 125920
41960 1.3 125933
41970 1.7 125950
41980 1 125960
41990 1.6 125976
42000 1.3 125989
42010 1.5 126004
42020 1 126014
42030 1.1 126025
42040 1.1 126036
42050 1.2 126048
42060 1.4 126062
42070 1.4 126076
42080 1.4 126090
42090 1.5 126105
42100 1.3 126118
42110 1.5 126133
42120 1.3 126146
42130 1.5 126161
42140 1.1 126172
42150 1.8 126190
42160 1.3 126203
42170 1.1 126214
42180 0.9 126223
42190 1.3 126236
42200 1.4 126250
42210 1.1 126261
42220 2.3 126284
42230 3 126314
42240 2.8 126342
42250 2.8 126370
42260 4.5 126415
42270 4.8 126463
42280 1 126473
42290 0.3 126476
42300 0 126476
42310 0 126476
42320 0 126476
42330 0 126476
42340 0 126476
42350 0 126476
42360 0 126476
42370 0 126476
42380 0 126476
42390 0 126476
42400 0 126476
42410 0 126476
42420 0 126476
42430 0 126476
42440 0 126476
42450 0 126476
42460 0 126476
42470 0 126476
42480 0 126476
42490 0 126476
42500 0 126476
42510 0 126476
42520 0 126476
42530 0 126476
42540 0 126476
42550 0 126476
42560 0 126476
42570 0 126476
42580 0 126476
42590 0 126476
42600 0 126476
42610 0 126476
42620 0 126476
42630 0 126476
42640 0 126476
42650 0 126476
42660 0 126476
42670 0 126476
42680 0 126476
42690 0 126476
42700 0 126476
42710 0 126476
42720 0 126476
42730 0 126476
42740 0 126476
42750 0 126476
42760 0 126476
42770 0 126476
42780 0 126476
42790 0 126476
42800 0 126476
42810 0 126476
42820 0 126476
42830 0 126476
42840 0 126476
42850 0 126476
42860 0 126476
42870 0 126476
42880 0 126476
42890 0 126476
42900 0 126476
42910 0 126476
42920 0 126476
42930 0 126476
42940 0 126476
42950 0 126476
42960 0 126476
42970 0 126476
42980 0 126476
42990 0 126476
43000 0 126476
43010 0 126476
43020 0 126476
43030 0 126476
43040 0 126476
43050 0 126476
43060 0 126476
43070 0 126476
43080 0 126476
43090 0 126476
43100 0 126476
43110 0 126476
43120 0 126476
43130 0 126476
43140 0 126476
43150 0 126476
43160 0 126476
43170 0 126476
43180 0 126476
43190 0 126476
43200 0 126476
43210 0 126476
43220 0 126476
43230 0 126476
43240 0 126476
43250 0 126476
43260 0 126476
43270 0 126476
43280 0 126476
43290 0 126476
43300 0 126476
43310 0 126476
43320 0 126476
43330 0 126476
43340 0 126476
43350 0 126476
43360 0 126476
43370 0 126476
43380 0 126476
43390 0 126476
43400 0 126476
43410 0 126476
43420 0 126476
43430 0 126476
43440 0 126476
43450 0 126476
43460 0 126476
43470 0 126476
43480 0 126476
43490 0 126476
43500 0 126476
43510 0 126476
43520 0 126476
43530 0 126476
43540 0 126476
43550 0 126476
43560 0 126476
43570 0 126476
43580 0 126476
43590 0 126476
43600 0 126476
43610 0 126476
43620 0 126476
43630 0 126476
43640 0 126476
43650 0 126476
43660 0 126476
43670 0 126476
43680 0 126476
43690 0 126476
43700 0 126476
43710 0 126476
43720 0 126476
43730 0 126476
43740 0 126476
43750 0 126476
43760 0 126476
43770 0 126476
43780 0 126476
43790 0 126476
43800 0 126476
43810 0 126476
43820 0 126476
43830 0 126476
43840 0 126476
43850 0 126476
43860 0 126476
43870 0 126476
43880 0 126476
43890 0 126476
43900 0 126476
43910 0 126476
43920 0 126476
43930 0 126476
43940 0 126476
43950 0 126476
43960 0 126476
43970 0 126476
43980 0 126476
43990 0 126476
44000 0 126476
44010 0 126476
44020 0 126476
44030 0 126476
44040 0 126476
44050 0 126476
44060 0 126476
44070 0 126476
44080 0 126476
44090 0 126476
44100 0 126476
44110 0 126476
44120 0 126476
44130 0 126476
44140 0 126476
44150 0 126476
44160 0 126476
44170 0 126476
44180 0 126476
44190 0 126476
44200 0 126476
44210 0 126476
44220 0 126476
44230 0 126476
44240 0 126476
44250 0 126476
44260 0 126476
44270 0 126476
44280 0 126476
44290 0 126476
44300 0 126476
44310 0 126476
44320 0 126476
44330 0 126476
44340 0 126476
44350 0 126476
44360 0 126476
44370 0 126476
44380 0 126476
44390 0 126476
44400 0 126476
44410 0 126476
44420 0 126476
44430 0 126476
44440 0 126476
44450 0 126476
44460 0 126476
44470 0 126476
44480 0 126476
44490 0 126476
44500 0 126476
44510 0 126476
44520 0 126476
44530 0 126476
44540 0 126476
44550 0 126476
44560 0 126476
44570 0 126476
44580 0 126476
44590 0 126476
44600 0 126476
44610 0 126476
44620 0 126476
44630 0 126476
44640 0 126476
44650 0 126476
44660 0 126476
44670 0 126476
44680 0 126476
44690 0 126476
44700 0 126476
44710 0 126476
44720 0 126476
44730 0 126476
44740 0 126476
44750 0 126476
44760 0 126476
44770 0 126476
44780 0 126476
44790 0 126476
44800 0 126476
44810 0 126476
44820 0 126476
44830 0 126476
44840 0 126476
44850 0 126476
44860 0 126476
44870 0 126476
44880 0 126476
44890 0 126476
44900 0 126476
44910 0 126476
44920 0 126476
44930 0 126476
44940 0 126476
44950 0 126476
44960 0 126476
44970 0 126476
44980 0 126476
44990 0 126476
45000 0 126476
45010 0 126476
45020 0 126476
45030 0 126476
45040 0 126476
45050 0 126476
45060 0 126476
45070 0 126476
45080 0 126476
45090 0 126476
45100 0 126476
45110 0 126476
45120 0 126476
45130 0 126476
45140 0 126476
45150 0 126476
45160 0 126476
45170 0 126476
45180 0 126476
45190 0 126476
45200 0 126476
45210 0 126476
45220 0 126476
45230 0 126476
45240 0 126476
45250 0 126476
45260 0 126476
45270 0 126476
45280 0 126476
45290 0 126476
45300 0 126476
45310 0 126476
45320 0 126476
45330 0 126476
45340 0 126476
45350 0 126476
45360 0 126476
45370 0 126476
45380 0 126476
45390 0 126476
45400 0 126476
45410 0 126476
45420 0 126476
45430 0 126476
45440 0 126476
45450 0 126476
45460 0 126476
45470 0 126476
45480 0 126476
45490 0 126476
45500 0 126476
45510 0 126476
45520 0 126476
45530 0 126476
45540 0 126476
45550 0 126476
45560 0 126476
45570 0 126476
45580 0 126476
45590 0 126476
45600 0 126476
45610 0 126476
45620 0 126476
45630 0 126476
45640 0 126476
45650 0 126476
45660 0 126476
45670 0 126476
45680 0 126476
45690 0 126476
45700 0 126476
45710 0 126476
45720 0 126476
45730 0 126476
45740 0 126476
45750 0 126476
45760 0 126476
45770 0 126476
45780 0 126476
45790 0 126476
45800 0 126476
45810 0 126476
45820 0 126476
45830 0 126476
45840 0 126476
45850 0 126476
45860 0 126476
45870 0 126476
45880 0 126476
45890 0 126476
45900 0 126476
45910 0 126476
45920 0 126476
45930 0 126476
45940 0 126476
45950 0 126476
45960 0 126476
45970 0 126476
45980 0 126476
45990 0 126476
46000 0 126476
46010 0 126476
46020 0 126476
46030 0 126476
46040 0 126476
46050 0 126476
46060 0 126476
46070 0 126476
46080 0 126476
46090 0 126476
46100 0 126476
46110 0 126476
46120 0 126476
46130 0 126476
46140 0 126476
46150 0 126476
46160 0 126476
46170 0 126476
46180 0 126476
46190 0 126476
46200 0 126476
46210 0 126476
46220 0 126476
46230 0 126476
46240 0 126476
46250 0 126476
46260 0 126476
46270 0 126476
46280 0 126476
46290 0 126476
46300 0 126476
46310 0 126476
46320 0 126476
46330 0 126476
46340 0 126476
46350 0 126476
46360 0 126476
46370 0 126476
46380 0 126476
46390 0 126476
46400 0 126476
46410 0 126476
46420 0 126476
46430 0 126476
46440 0 126476
46450 0 126476
46460 0 126476
46470 0 126476
46480 0 126476
46490 0 126476
46500 0 126476
46510 0 126476
46520 0 126476
46530 0 126476
46540 0 126476
46550 0 126476
46560 0 126476
46570 0 126476
46580 0 126476
46590 0 126476
46600 0 126476
46610 0 126476
46620 0 126476
46630 0 126476
46640 0 126476
46650 0 126476
46660 0 126476
46670 0 126476
46680 0 126476
46690 0 126476
46700 0 126476
46710 0 126476
46720 0 126476
46730 0 126476
46740 0 126476
46750 0 126476
46760 0 126476
46770 0 126476
46780 0 126476
46790 0 126476
46800 0 126476
46810 0 126476
46820 0 126476
46830 0 126476
46840 0 126476
46850 0 126476
46860 0 126476
46870 0 126476
46880 0 126476
46890 0 126476
46900 0 126476
46910 0 126476
46920 0 126476
46930 0 126476
46940 0 126476
46950 0 126476
46960 0 126476
46970 0 126476
46980 0 126476
46990 0 126476
47000 0 126476
47010 0 126476
47020 0 126476
47030 0 126476
47040 0 126476
47050 0 126476
47060 0 126476
47070 0 126476
47080 0 126476
47090 0 126476
47100 0 126476
47110 0 126476
47120 0 126476
47130 0 126476
47140 0 126476
47150 0 126476
47160 0 126476
47170 0 126476
47180 0 126476
47190 0 126476
47200 0 126476
47210 0 126476
47220 0 126476
47230 0 126476
47240 0 126476
47250 0 126476
47260 0 126476
47270 0 126476
47280 0 126476
47290 0 126476
47300 0 126476
47310 0 126476
47320 0 126476
47330 0 126476
47340 0 126476
47350 0 126476
47360 0 126476
47370 0 126476
47380 0 126476
47390 0 126476
47400 0 126476
47410 0 126476
47420 0 126476
47430 0 126476
47440 0 126476
47450 0 126476
47460 0 126476
47470 0 126476
47480 0 126476
47490 0 126476
47500 0 126476
47510 0 126476
47520 0 126476
47530 0 126476
47540 0 126476
47550 0 126476
47560 0 126476
47570 0 126476
47580 0 126476
47590 0 126476
47600 0 126476
47610 0 126476
47620 0 126476
47630 0 126476
47640 0 126476
47650 0 126476
47660 0.9 126485
47670 0.8 126493
47680 1.1 126504
47690 0.9 126513
47700 1.3 126526
47710 1.4 126540
47720 1.3 126553
47730 1.1 126564
47740 1.2 126576
47750 1.4 126590
47760 1.4 126604
47770 0.9 126613
47780 0.9 126622
47790 1 126632
47800 1.1 126643
47810 1 126653
47820 0.7 126660
47830 1.5 126675
47840 0.8 126683
47850 1.3 126696
47860 0.8 126704
47870 0.9 126713
47880 0.9 126722
47890 1.2 126734
47900 0.8 126742
47910 0.8 126750
47920 1.2 126762
47930 0.7 126769
47940 1 126779
47950 1 126789
47960 1 126799
47970 0.9 126808
47980 1.1 126819
47990 0.9 126828
48000 0.8 126836
48010 1 126846
48020 0.4 126850
48030 1.3 126863
48040 1 126873
48050 0.8 126881
48060 1.1 126892
48070 0.9 126901
48080 0.8 126909
48090 1.1 126920
48100 0.8 126928
48110 1.2 126940
48120 1.4 126954
48130 1 126964
48140 1 126974
48150 1.1 126985
48160 1 126995
48170 1.2 127007
48180 1.5 127022
48190 1.3 127035
48200 1.3 127048
48210 1.3 127061
48220 1.4 127075
48230 2 127095
48240 0.8 127103
48250 1.5 127118
48260 1.1 127129
48270 1.3 127142
48280 1.1 127153
48290 0.7 127160
48300 1.4 127174
48310 1.3 127187
48320 0.7 127194
48330 1.4 127208
48340 1.1 127219
48350 0.9 127228
48360 0.9 127237
48370 1.5 127252
48380 1.1 127263
48390 1.2 127275
48400 0.8 127283
48410 1 127293
48420 0.9 127302
48430 0.7 127309
48440 1.1 127320
48450 0.9 127329
48460 0.9 127338
48470 1.1 127349
48480 1.1 127360
48490 1.5 127375
48500 1.4 127389
48510 1.1 127400
48520 1.1 127411
48530 0.8 127419
48540 1.6 127435
48550 0.8 127443
48560 1 127453
48570 1.2 127465
48580 1.7 127482
48590 1.1 127493
48600 1.3 127506
48610 1.7 127523
48620 0.6 127529
48630 1.5 127544
48640 0.9 127553
48650 1.3 127566
48660 1.7 127583
48670 1.1 127594
48680 1.1 127605
48690 1.1 127616
48700 1.6 127632
48710 0.9 127641
48720 1.8 127659
48730 1.6 127675
48740 1.7 127692
48750 1.4 127706
48760 1.6 127722
48770 2.8 127750
48780 4 127790
48790 2.1 127811
48800 1.3 127824
48810 0.8 127832
48820 0.1 127833
48830 0 127833
48840 0.1 127834
48850 0.1 127835
48860 0 127835
48870 0 127835
48880 0 127835
48890 0 127835
48900 0 127835
48910 0 127835
48920 0 127835
48930 0 127835
48940 0 127835
48950 0 127835
48960 0 127835
48970 0 127835
48980 0 127835
48990 0 127835
49000 0 127835
49010 0 127835
49020 0 127835
49030 0 127835
49040 0 127835
49050 0 127835
49060 0 127835
49070 0 127835
49080 0 127835
49090 0 127835
49100 0 127835
49110 0 127835
49120 0 127835
49130 0 127835
49140 0 127835
49150 0 127835
49160 0 127835
49170 0 127835
49180 0 127835
49190 0 127835
49200 0 127835
49210 0 127835
49220 0 127835
49230 0 127835
49240 0 127835
49250 0 127835
49260 0 127835
49270 0 127835
49280 0 127835
49290 0 127835
49300 0 127835
49310 0 127835
49320 0 127835
49330 0 127835
49340 0 127835
49350 0 127835
49360 0 127835
49370 0 127835
49380 0 127835
49390 0 127835
49400 0.2 127837
49410 1.8 127855
49420 1.1 127866
49430 1.7 127883
49440 1.1 127894
49450 1.3 127907
49460 1.6 127923
49470 1.7 127940
49480 1.1 127951
49490 1.1 127962
49500 0.5 127967
49510 0.9 127976
49520 0.9 127985
49530 1.3 127998
49540 0.9 128007
49550 1.1 128018
49560 0.8 128026
49570 1.1 128037
49580 1.2 128049
49590 0.8 128057
49600 1 128067
49610 1.4 128081
49620 0.7 128088
49630 0.6 128094
49640 1.5 128109
49650 0.9 128118
49660 1.6 128134
49670 0.7 128141
49680 1.2 128153
49690 1 128163
49700 1 128173
49710 1.2 128185
49720 0.9 128194
49730 1.2 128206
49740 1.5 128221
49750 0.8 128229
49760 1.3 128242
49770 1.2 128254
49780 0.8 128262
49790 0.9 128271
49800 1 128281
49810 0.8 128289
49820 1 128299
49830 1.2 128311
49840 1.2 128323
49850 1.2 128335
49860 1.1 128346
49870 1 128356
49880 0.9 128365
49890 1.1 128376
49900 1.4 128390
49910 1.3 128403
49920 0.8 128411
49930 0.9 128420
49940 1.2 128432
49950 0.6 128438
49960 0.8 128446
49970 1 128456
49980 0.7 128463
49990 1.3 128476
50000 1.1 128487
50010 1.1 128498
50020 0.7 128505
50030 1.3 128518
50040 1.2 128530
50050 1.3 128543
50060 0.7 128550
50070 0.7 128557
50080 0.8 128565
50090 1 128575
50100 1 128585
50110 1.4 128599
50120 0.9 128608
50130 1.2 128620
50140 1.2 128632
50150 1 128642
50160 1.2 128654
50170 0.6 128660
50180 1.2 128672
50190 1.4 128686
50200 1.2 128698
50210 1 128708
50220 0.9 128717
50230 1.3 128730
50240 0.7 128737
50250 1.1 128748
50260 1.5 128763
50270 1 128773
50280 1.2 128785
50290 0.8 128793
50300 1.1 128804
50310 0.7 128811
50320 1.4 128825
50330 1.1 128836
50340 1 128846
50350 1.1 128857
50360 1.2 128869
50370 1.3 128882
50380 0.5 128887
50390 1.1 128898
50400 1 128908
50410 1.2 128920
50420 1.2 128932
50430 1 128942
50440 1.3 128955
50450 0.8 128963
50460 1.3 128976
50470 0.8 128984
50480 0.9 128993
50490 1.3 129006
50500 1.1 129017
50510 1.1 129028
50520 0.8 129036
50530 1.1 129047
50540 0.5 129052
50550 1.3 129065
50560 1.1 129076
50570 0.9 129085
50580 0.8 129093
50590 0.9 129102
50600 1.4 129116
50610 0.7 129123
50620 1 129133
50630 1.6 129149
50640 1.2 129161
50650 1.1 129172
50660 1.1 129183
50670 1.1 129194
50680 0.9 129203
50690 0.8 129211
50700 0.9 129220
50710 0.9 129229
50720 1.1 129240
50730 1.3 129253
50740 0.9 129262
50750 1.3 129275
50760 0.7 129282
50770 1.1 129293
50780 1.2 129305
50790 1.4 129319
50800 0.6 129325
50810 1.3 129338
50820 0.8 129346
50830 0.8 129354
50840 0.9 129363
50850 1.6 129379
50860 0.9 129388
50870 0.9 129397
50880 1.5 129412
50890 1 129422
50900 0.9 129431
50910 1.2 129443
50920 0.7 129450
50930 0.8 129458
50940 0.9 129467
50950 0.8 129475
50960 0.9 129484
50970 0.7 129491
50980 0.7 129498
50990 0.8 129506
51000 1.1 129517
51010 1.2 129529
51020 1.1 129540
51030 0.7 129547
51040 1.4 129561
51050 0.8 129569
51060 1 129579
51070 1.3 129592
51080 1.2 129604
51090 1.4 129618
51100 1.8 129636
51110 1.1 129647
51120 0.7 129654
51130 1.5 129669
51140 1.6 129685
51150 1.4 129699
51160 0.9 129708
51170 1 129718
51180 1 129728
51190 1.8 129746
51200 1.3 129759
51210 1.9 129778
51220 1.6 129794
51230 2.8 129822
51240 3.5 129857
51250 1.3 129870
51260 0.7 129877
51270 0.2 129879
51280 0 129879
51290 0 129879
51300 0.1 129880
51310 0 129880
51320 0 129880
51330 0 129880
51340 0 129880
51350 0 129880
51360 0 129880
51370 0 129880
51380 0 129880
51390 0 129880
51400 0 129880
51410 0 129880
51420 0 129880
51430 0 129880
51440 0 129880
51450 0 129880
51460 0 129880
51470 0 129880
51480 0 129880
51490 0 129880
51500 0 129880
51510 0 129880
51520 0 129880
51530 0 129880
51540 0 129880
51550 0 129880
51560 0 129880
51570 0 129880
51580 0 129880
51590 0 129880
51600 0 129880
51610 0 129880
51620 0 129880
51630 0 129880
51640 0 129880
51650 0 129880
51660 0 129880
51670 0 129880
51680 0 129880
51690 0 129880
51700 0 129880
51710 0 129880
51720 0 129880
51730 0 129880
51740 0 129880
51750 0 129880
51760 0 129880
51770 0 129880
51780 0 129880
51790 0 129880
51800 0 129880
51810 0 129880
51820 0 129880
51830 0 129880
51840 0 129880
51850 0 129880
51860 0 129880
51870 0 129880
51880 0 129880
51890 0 129880
51900 0 129880
51910 0 129880
51920 0 129880
51930 0 129880
51940 0 129880
51950 0 129880
51960 0 129880
51970 0 129880
51980 0 129880
51990 0 129880
52000 0 129880
52010 0 129880
52020 0 129880
52030 0 129880
52040 0 129880
52050 0 129880
52060 0 129880
52070 0 129880
52080 0 129880
52090 0 129880
52100 0 129880
52110 0 129880
52120 0 129880
52130 0 129880
52140 0 129880
52150 0 129880
52160 0 129880
52170 0 129880
52180 0 129880
52190 0 129880
52200 0 129880
52210 0 129880
52220 0 129880
52230 0 129880
52240 0 129880
52250 0 129880
52260 0 129880
52270 0 129880
52280 0 129880
52290 0 129880
52300 0 129880
52310 0 129880
52320 0 129880
52330 0 129880
52340 0 129880
52350 0 129880
52360 0 129880
52370 0 129880
52380 0 129880
52390 0 129880
52400 0 129880
52410 0 129880
52420 0 129880
52430 0 129880
52440 0 129880
52450 0 129880
52460 0 129880
52470 0 129880
52480 0 129880
52490 0 129880
52500 0 129880
52510 0 129880
52520 0 129880
52530 0 129880
52540 0 129880
52550 0 129880
52560 0 129880
52570 0 129880
52580 0 129880
52590 0 129880
52600 0 129880
52610 0 129880
52620 0 129880
52630 0 129880
52640 0 129880
52650 0 129880
52660 0 129880
52670 0 129880
52680 0 129880
52690 0 129880
52700 0 129880
52710 0 129880
52720 0 129880
52730 0 129880
52740 0 129880
52750 0 129880
52760 0 129880
52770 0 129880
52780 0 129880
52790 0 129880
52800 0 129880
52810 0 129880
52820 0 129880
52830 0 129880
52840 0 129880
52850 0 129880
52860 0 129880
52870 0 129880
52880 0 129880
52890 0 129880
52900 0 129880
52910 0 129880
52920 0 129880
52930 0 129880
52940 0 129880
