42150 1.2 12
42160 5.6 68
42170 2.9 97
42180 6 157
42190 3.1 188
42200 0.2 190
42210 0 190
42220 0 190
42230 0.3 193
42240 0.7 200
42250 0 200
42260 0 200
42270 0 200
42280 0 200
42290 0 200
42300 0 200
42310 0 200
42320 0 200
42330 0 200
42340 0 200
42350 0 200
42360 0 200
42370 0 200
42380 0 200
42390 0 200
42400 0 200
42410 0 200
42420 0 200
42430 0 200
42440 0 200
42450 0 200
42460 0 200
42470 0 200
42480 0 200
42490 0 200
42500 0 200
42510 0 200
42520 0 200
42530 0 200
42540 0 200
42550 0 200
42560 0 200
42570 0 200
42580 0 200
42590 0 200
42600 0 200
42610 0 200
42620 0 200
42630 0 200
42640 0 200
42650 0 200
42660 0 200
42670 0 200
42680 0 200
42690 0 200
42700 0 200
42710 0 200
42720 0 200
42730 0 200
42740 0 200
42750 0 200
42760 0 200
42770 0 200
42780 0 200
42790 0 200
42800 0 200
42810 0 200
42820 0 200
42830 0 200
42840 0 200
42850 0 200
42860 0 200
42870 0 200
42880 0 200
42890 0 200
42900 0 200
42910 0 200
42920 0 200
42930 0 200
42940 0 200
42950 0 200
42960 0 200
42970 0 200
42980 0 200
42990 0 200
43000 0 200
43010 0 200
43020 0 200
43030 0 200
43040 0 200
43050 0 200
43060 0 200
43070 0 200
43080 0 200
43090 0 200
43100 0 200
43110 0 200
43120 0 200
43130 0 200
43140 0 200
43150 0 200
43160 0 200
43170 0 200
43180 0 200
43190 0 200
43200 0 200
43210 0 200
43220 0 200
43230 0 200
43240 0 200
43250 0 200
43260 0 200
43270 0 200
43280 0 200
43290 0 200
43300 0 200
43310 0 200
43320 0 200
43330 0 200
43340 0 200
43350 0 200
43360 0 200
43370 0 200
43380 0 200
43390 0 200
43400 0 200
43410 0 200
43420 0 200
43430 0 200
43440 0 200
43450 0 200
43460 0 200
43470 0 200
43480 0 200
43490 0 200
43500 0 200
43510 0 200
43520 0 200
43530 0 200
43540 0 200
43550 0 200
43560 0 200
43570 0 200
43580 0 200
43590 0 200
43600 0 200
43610 0 200
43620 0 200
43630 0 200
43640 0 200
43650 0 200
43660 0 200
43670 0 200
43680 0 200
43690 0 200
43700 0 200
43710 0 200
43720 0 200
43730 0 200
43740 0 200
43750 0 200
43760 0 200
43770 0 200
43780 0 200
43790 0 200
43800 0 200
43810 0 200
43820 0 200
43830 0 200
43840 0 200
43850 0 200
43860 0 200
43870 0 200
43880 0 200
43890 0 200
43900 0 200
43910 0 200
43920 0 200
43930 0 200
43940 0 200
43950 0 200
43960 0 200
43970 0 200
43980 0 200
43990 0 200
44000 0 200
44010 0 200
44020 0 200
44030 0 200
44040 0 200
44050 0 200
44060 0 200
44070 0 200
44080 0 200
44090 0 200
44100 0 200
44110 0 200
44120 0 200
44130 0 200
44140 0 200
44150 0 200
44160 0 200
44170 0 200
44180 0 200
44190 0 200
44200 0 200
44210 0 200
44220 0 200
44230 0 200
44240 0 200
44250 0 200
44260 0 200
44270 0 200
44280 0 200
44290 0 200
44300 0 200
44310 0 200
44320 0 200
44330 0 200
44340 0 200
44350 0 200
44360 0 200
44370 0 200
44380 0 200
44390 0 200
44400 0 200
44410 0 200
44420 0 200
44430 0 200
44440 0 200
44450 0 200
44460 0 200
44470 0 200
44480 0 200
44490 0 200
44500 0 200
44510 0 200
44520 0 200
44530 0 200
44540 0 200
44550 0 200
44560 0 200
44570 0 200
44580 0 200
44590 0 200
44600 0 200
44610 0 200
44620 0 200
44630 0 200
44640 0 200
44650 0 200
44660 0 200
44670 0 200
44680 0 200
44690 0 200
44700 0 200
44710 0 200
44720 0 200
44730 0 200
44740 0 200
44750 0 200
44760 0 200
44770 0 200
44780 0 200
44790 0 200
44800 0 200
44810 0 200
44820 0 200
44830 0 200
44840 0 200
44850 0 200
44860 0 200
44870 0 200
44880 0 200
44890 0 200
44900 0 200
44910 0 200
44920 0 200
44930 0 200
44940 0 200
44950 0 200
44960 0 200
44970 0 200
44980 0 200
44990 0 200
45000 0 200
45010 0 200
45020 0 200
45030 0 200
45040 0 200
45050 0 200
45060 0 200
45070 0 200
45080 0 200
45090 0 200
45100 0 200
45110 0 200
45120 0 200
45130 0 200
45140 0 200
45150 0 200
45160 0 200
45170 0 200
45180 0 200
45190 0 200
45200 0 200
45210 0 200
45220 0 200
45230 0 200
45240 0 200
45250 0 200
45260 0 200
45270 0 200
45280 0 200
45290 0 200
45300 0 200
45310 0 200
45320 0 200
45330 0 200
45340 0 200
45350 0 200
45360 0 200
45370 0 200
45380 0 200
45390 0 200
45400 0 200
45410 0 200
45420 0 200
45430 0 200
45440 0 200
45450 0 200
45460 0 200
45470 0 200
45480 0 200
45490 0 200
45500 0 200
45510 0 200
45520 0 200
45530 0 200
45540 0 200
45550 0 200
45560 0 200
45570 0 200
45580 0 200
45590 0 200
45600 0 200
45610 0 200
45620 0 200
45630 0 200
45640 0 200
45650 0 200
45660 0 200
45670 0 200
45680 0 200
45690 0 200
45700 0 200
45710 0 200
45720 0 200
45730 0 200
45740 0 200
45750 0 200
45760 0 200
45770 0 200
45780 0 200
45790 0 200
45800 0 200
45810 0 200
45820 0 200
45830 0 200
45840 0 200
45850 0 200
45860 0 200
45870 0 200
45880 0 200
45890 0 200
45900 0 200
45910 0 200
45920 0 200
45930 0 200
45940 0 200
45950 0 200
45960 0 200
45970 0 200
45980 0 200
45990 0 200
46000 0 200
46010 0 200
46020 0 200
46030 0 200
46040 0 200
46050 0 200
46060 0 200
46070 0 200
46080 0 200
46090 0 200
46100 0 200
46110 0 200
46120 0 200
46130 0 200
46140 0 200
46150 0 200
46160 0 200
46170 0 200
46180 0 200
46190 0 200
46200 0 200
46210 0 200
46220 0 200
46230 0 200
46240 0 200
46250 0 200
46260 0 200
46270 0 200
46280 0 200
46290 0 200
46300 0 200
46310 0 200
46320 0 200
46330 0 200
46340 0 200
46350 0 200
46360 0 200
46370 0 200
46380 0 200
46390 0 200
46400 0 200
46410 0 200
46420 0 200
46430 0 200
46440 0 200
46450 0 200
46460 0 200
46470 0 200
46480 0 200
46490 0 200
46500 0 200
46510 0 200
46520 0 200
46530 0 200
46540 0 200
46550 0 200
46560 0 200
46570 0 200
46580 0 200
46590 0 200
46600 0 200
46610 0 200
46620 0 200
46630 0 200
46640 0 200
46650 0 200
46660 0 200
46670 0 200
46680 0 200
46690 0 200
46700 0 200
46710 0 200
46720 0 200
46730 0 200
46740 0 200
46750 0 200
46760 0 200
46770 0 200
46780 0 200
46790 0 200
46800 0 200
46810 0 200
46820 0 200
46830 0 200
46840 0 200
46850 0 200
46860 0 200
46870 0 200
46880 0 200
46890 0 200
46900 0 200
46910 0 200
46920 0 200
46930 0 200
46940 0 200
46950 0 200
46960 0 200
46970 0 200
46980 0 200
46990 0 200
47000 0 200
47010 0 200
47020 0 200
47030 0 200
47040 0 200
47050 0 200
47060 0 200
47070 0 200
47080 0 200
47090 0 200
47100 0 200
47110 0 200
47120 0 200
47130 0 200
47140 0 200
47150 0 200
47160 0 200
47170 0 200
47180 0 200
47190 0 200
47200 0 200
47210 0 200
47220 0 200
47230 0 200
47240 0 200
47250 0 200
47260 0 200
47270 0 200
47280 0 200
47290 0 200
47300 0 200
47310 0 200
47320 0 200
47330 0 200
47340 0 200
47350 0 200
47360 0 200
47370 0 200
47380 0 200
47390 0 200
47400 0 200
47410 0 200
47420 0 200
47430 0 200
47440 0 200
47450 0 200
47460 0 200
47470 0 200
47480 0 200
47490 0 200
47500 0 200
47510 0 200
47520 0 200
47530 0 200
47540 0 200
47550 0 200
47560 0 200
47570 0 200
47580 0 200
47590 0 200
47600 0 200
47610 0 200
47620 0 200
47630 0 200
47640 0 200
47650 0 200
47660 4.2 242
47670 5.2 294
47680 9.1 385
47690 5.6 441
47700 10.7 548
47710 7.7 625
47720 5.4 679
47730 5.6 735
47740 6 795
47750 3.8 833
47760 8.1 914
47770 8 994
47780 0.6 1000
47790 0 1000
47800 0 1000
47810 0 1000
47820 0 1000
47830 0 1000
47840 0 1000
47850 0 1000
47860 0 1000
47870 0 1000
47880 0 1000
47890 0 1000
47900 0 1000
47910 0 1000
47920 0 1000
47930 0 1000
47940 0 1000
47950 0 1000
47960 0 1000
47970 0 1000
47980 0 1000
47990 0 1000
48000 0 1000
48010 0 1000
48020 0 1000
48030 0 1000
48040 0 1000
48050 0 1000
48060 0 1000
48070 0 1000
48080 2.1 1021
48090 6.3 1084
48100 6.5 1149
48110 5.2 1201
48120 7.9 1280
48130 5.8 1338
48140 6.2 1400
48150 5.9 1459
48160 6.1 1520
48170 7.7 1597
48180 6.3 1660
48190 6.8 1728
48200 6.5 1793
48210 5.8 1851
48220 4.2 1893
48230 6.3 1956
48240 7.9 2035
48250 7.8 2113
48260 5.4 2167
48270 4 2207
48280 6.3 2270
48290 5.5 2325
48300 3.5 2360
48310 7 2430
48320 7.6 2506
48330 6.5 2571
48340 4.2 2613
48350 6.7 2680
48360 7.6 2756
48370 3.5 2791
48380 8.4 2875
48390 8.3 2958
48400 5.6 3014
48410 7.9 3093
48420 5.5 3148
48430 7.6 3224
48440 8.1 3305
48450 6.2 3367
48460 7.4 3441
48470 5.2 3493
48480 7.9 3572
48490 7.6 3648
48500 3.7 3685
48510 6 3745
48520 7.7 3822
48530 6.6 3888
48540 6.1 3949
48550 7.2 4021
48560 6.5 4086
48570 4.2 4128
48580 5.6 4184
48590 6.3 4247
48600 6 4307
48610 4.8 4355
48620 7.4 4429
48630 6.7 4496
48640 6.5 4561
48650 7.8 4639
48660 5 4689
48670 5 4739
48680 4 4779
48690 5.9 4838
48700 7.2 4910
48710 5.8 4968
48720 5.9 5027
48730 7.2 5099
48740 3.9 5138
48750 3 5168
48760 1 5178
48770 0 5178
48780 0 5178
48790 0.2 5180
48800 0 5180
48810 0 5180
48820 0 5180
48830 0 5180
48840 0 5180
48850 0 5180
48860 0 5180
48870 0 5180
48880 0 5180
48890 0 5180
48900 0 5180
48910 0 5180
48920 0 5180
48930 0 5180
48940 0 5180
48950 0 5180
48960 0 5180
48970 0 5180
48980 0 5180
48990 0 5180
49000 0 5180
49010 0 5180
49020 0 5180
49030 0 5180
49040 0 5180
49050 0 5180
49060 0 5180
49070 0 5180
49080 0 5180
49090 0 5180
49100 0 5180
49110 0 5180
49120 0 5180
49130 0 5180
49140 0 5180
49150 0 5180
49160 0 5180
49170 0 5180
49180 0 5180
49190 0 5180
49200 0 5180
49210 0 5180
49220 0 5180
49230 0 5180
49240 0 5180
49250 0 5180
49260 0 5180
49270 0 5180
49280 0 5180
49290 0 5180
49300 0 5180
49310 0 5180
49320 0 5180
49330 0 5180
49340 0 5180
49350 0 5180
49360 0 5180
49370 0 5180
49380 0 5180
49390 0 5180
49400 2.3 5203
49410 1.2 5215
49420 3.7 5252
49430 5.9 5311
49440 1.9 5330
49450 3.3 5363
49460 7.3 5436
49470 8.3 5519
49480 6.7 5586
49490 8.2 5668
49500 4 5708
49510 6.3 5771
49520 5.6 5827
49530 4.8 5875
49540 8 5955
49550 6.2 6017
49560 6.7 6084
49570 4.7 6131
49580 2.9 6160
49590 6.7 6227
49600 7 6297
49610 9.1 6388
49620 6.9 6457
49630 7.4 6531
49640 8.4 6615
49650 6.3 6678
49660 7.4 6752
49670 6.2 6814
49680 3.3 6847
49690 6.6 6913
49700 8.9 7002
49710 5.7 7059
49720 7.4 7133
49730 6.1 7194
49740 7.7 7271
49750 6.9 7340
49760 5.9 7399
49770 6.4 7463
49780 6.4 7527
49790 6.8 7595
49800 6.4 7659
49810 5.2 7711
49820 6.7 7778
49830 7.3 7851
49840 5.3 7904
49850 6.5 7969
49860 5.4 8023
49870 4.4 8067
49880 7.7 8144
49890 6.1 8205
49900 4.2 8247
49910 6.8 8315
49920 5.9 8374
49930 6.9 8443
49940 4.8 8491
49950 5 8541
49960 5.1 8592
49970 3.5 8627
49980 10.3 8730
49990 3.7 8767
50000 5.1 8818
50010 7.4 8892
50020 5.1 8943
50030 6.4 9007
50040 6.1 9068
50050 3.9 9107
50060 6 9167
50070 5.8 9225
50080 4.7 9272
50090 4.9 9321
50100 6.6 9387
50110 7.2 9459
50120 7 9529
50130 4.4 9573
50140 5.4 9627
50150 6.8 9695
50160 6.2 9757
50170 6.2 9819
50180 6.1 9880
50190 7.9 9959
50200 4.4 10003
50210 5.1 10054
50220 3.5 10089
50230 6.4 10153
50240 6.9 10222
50250 4.5 10267
50260 5.9 10326
50270 8.4 10410
50280 6.4 10474
50290 7.3 10547
50300 3.7 10584
50310 6.5 10649
50320 8.4 10733
50330 5.7 10790
50340 6.5 10855
50350 6.5 10920
50360 6.5 10985
50370 5.9 11044
50380 6.4 11108
50390 5.1 11159
50400 4.5 11204
50410 5.5 11259
50420 5.2 11311
50430 6.8 11379
50440 6.8 11447
50450 6.7 11514
50460 6.1 11575
50470 6.5 11640
50480 7.2 11712
50490 3.8 11750
50500 4.4 11794
50510 5.5 11849
50520 7.1 11920
50530 7 11990
50540 5.5 12045
50550 6 12105
50560 5.5 12160
50570 6.6 12226
50580 5.9 12285
50590 6.6 12351
50600 4.5 12396
50610 6.8 12464
50620 4.9 12513
50630 7.3 12586
50640 7.7 12663
50650 6.3 12726
50660 5.6 12782
50670 7.2 12854
50680 6.4 12918
50690 7.4 12992
50700 5.4 13046
50710 6.3 13109
50720 6.1 13170
50730 6.7 13237
50740 4.6 13283
50750 5.7 13340
50760 6.4 13404
50770 5.8 13462
50780 4.5 13507
50790 7 13577
50800 6.7 13644
50810 5.4 13698
50820 7.1 13769
50830 7.6 13845
50840 3.6 13881
50850 7.1 13952
50860 6.4 14016
50870 5.6 14072
50880 5.4 14126
50890 6 14186
50900 3.9 14225
50910 5 14275
50920 6.8 14343
50930 4.9 14392
50940 6.8 14460
50950 3.9 14499
50960 5.8 14557
50970 5.7 14614
50980 8.4 14698
50990 5.6 14754
51000 7.6 14830
51010 5.3 14883
51020 7.9 14962
51030 7.1 15033
51040 4.3 15076
51050 7.5 15151
51060 7.6 15227
51070 6.1 15288
51080 5.2 15340
51090 6.4 15404
51100 6.2 15466
51110 4.8 15514
51120 7.7 15591
51130 5.7 15648
51140 4.3 15691
51150 7.4 15765
51160 6 15825
51170 4.4 15869
51180 4.8 15917
51190 4.6 15963
51200 3.3 15996
51210 1.2 16008
51220 1.6 16024
51230 0 16024
51240 0 16024
51250 0 16024
51260 0 16024
51270 0 16024
51280 0 16024
51290 0 16024
51300 0 16024
51310 0 16024
51320 0 16024
51330 0 16024
51340 0 16024
51350 0 16024
51360 0 16024
51370 0 16024
51380 0 16024
51390 0 16024
51400 0 16024
51410 0 16024
51420 0 16024
51430 0 16024
51440 0 16024
51450 0 16024
51460 0 16024
51470 0 16024
51480 0 16024
51490 0 16024
51500 0 16024
51510 0 16024
51520 0 16024
51530 0 16024
51540 0 16024
51550 0 16024
51560 0 16024
51570 0 16024
51580 0 16024
51590 0 16024
51600 0 16024
51610 0 16024
51620 0 16024
51630 0 16024
51640 0 16024
51650 0 16024
51660 0 16024
51670 0 16024
51680 0 16024
51690 0 16024
51700 0 16024
51710 0 16024
51720 0 16024
51730 0 16024
51740 0 16024
51750 0 16024
51760 0 16024
51770 0 16024
51780 0 16024
51790 0 16024
51800 0 16024
51810 0 16024
51820 0 16024
51830 0 16024
51840 0 16024
51850 0 16024
51860 0 16024
51870 0 16024
51880 0 16024
51890 0 16024
51900 0 16024
51910 0 16024
51920 0 16024
51930 0 16024
51940 0 16024
51950 0 16024
51960 0 16024
51970 0 16024
51980 0 16024
51990 0 16024
52000 0 16024
52010 0 16024
52020 0 16024
52030 0 16024
52040 0 16024
52050 0 16024
52060 0 16024
52070 0 16024
52080 0 16024
52090 0 16024
52100 0 16024
52110 0 16024
52120 0 16024
52130 0 16024
52140 0 16024
52150 0 16024
52160 0 16024
52170 0 16024
52180 0 16024
52190 0 16024
52200 0 16024
52210 0 16024
52220 0 16024
52230 0 16024
52240 0 16024
52250 0 16024
52260 0 16024
52270 0 16024
52280 0 16024
52290 0 16024
52300 0 16024
52310 0 16024
52320 0 16024
52330 0 16024
52340 0 16024
52350 0 16024
52360 0 16024
52370 0 16024
52380 0 16024
52390 0 16024
52400 0 16024
52410 0 16024
52420 0 16024
52430 0 16024
52440 0 16024
52450 0 16024
52460 0 16024
52470 0 16024
52480 0 16024
52490 0 16024
52500 0 16024
52510 0 16024
52520 0 16024
52530 0 16024
52540 0 16024
52550 0 16024
52560 0 16024
52570 0 16024
52580 0 16024
52590 0 16024
52600 0 16024
52610 0 16024
52620 0 16024
52630 0 16024
52640 0 16024
52650 0 16024
52660 0 16024
52670 0 16024
52680 0 16024
52690 0 16024
52700 0 16024
52710 0 16024
52720 0 16024
52730 0 16024
52740 0 16024
52750 0 16024
52760 0 16024
52770 0 16024
52780 0 16024
52790 0 16024
52800 0 16024
52810 0 16024
52820 0 16024
52830 0 16024
52840 0 16024
52850 0 16024
52860 0 16024
52870 0 16024
52880 0 16024
52890 0 16024
52900 0 16024
52910 0 16024
52920 0 16024
52930 0 16024
52940 0 16024
