2440 0.1 1
2450 0 1
2460 0 1
2470 0 1
2480 0 1
2490 0 1
2500 0 1
2510 0.7 8
2520 0 8
2530 0 8
2540 0 8
2550 0 8
2560 0 8
2570 0 8
2580 0 8
2590 0 8
2600 0 8
2610 0 8
2620 0.1 9
2630 0 9
2640 0 9
2650 0 9
2660 0.1 10
2670 0.5 15
2680 0 15
2690 0 15
2700 0 15
2710 0.2 17
2720 0 17
2730 0 17
2740 0.5 22
2750 0 22
2760 0 22
2770 0.5 27
2780 0.9 36
2790 0 36
2800 0 36
2810 0 36
2820 0 36
2830 0 36
2840 0 36
2850 0 36
2860 0 36
2870 0 36
2880 0 36
2890 0 36
2900 0 36
2910 0 36
2920 0 36
2930 0 36
2940 0 36
2950 0 36
2960 0 36
2970 0.6 42
2980 0 42
2990 0 42
3000 0 42
3010 0 42
3020 0 42
3030 0 42
3040 0 42
3050 0 42
3060 0 42
3070 0 42
3080 0 42
3090 0 42
3100 0 42
3110 0 42
3120 0 42
3130 0 42
3140 0 42
3150 0 42
3160 0 42
3170 0 42
3180 0 42
3190 0 42
3200 0 42
3210 0 42
3220 0 42
3230 0 42
3240 0 42
3250 0 42
3260 0 42
3270 0 42
3280 0 42
3290 0 42
3300 0 42
3310 0 42
3320 0 42
3330 0 42
3340 0 42
3350 0 42
3360 0 42
3370 0 42
3380 0 42
3390 0 42
3400 0.4 46
3410 0 46
3420 0.9 55
3430 0.2 57
3440 0.6 63
3450 0 63
3460 0 63
3470 0 63
3480 0 63
3490 0 63
3500 0.4 67
3510 0 67
3520 0 67
3530 0 67
3540 0 67
3550 0 67
3560 0 67
3570 0 67
3580 0.6 73
3590 0 73
3600 0 73
3610 0 73
3620 0 73
3630 0 73
3640 0 73
3650 0 73
3660 0 73
3670 0.6 79
3680 0 79
3690 0 79
3700 0 79
3710 0 79
3720 0.7 86
3730 0 86
3740 0 86
3750 1.3 99
3760 0 99
3770 0 99
3780 0 99
3790 0 99
3800 0 99
3810 0 99
3820 0.1 100
3830 0 100
3840 0 100
3850 0 100
3860 0 100
3870 0.4 104
3880 0 104
3890 0 104
3900 0 104
3910 0 104
3920 0 104
3930 0 104
3940 0 104
3950 0 104
3960 0 104
3970 0 104
3980 0.7 111
3990 0 111
4000 0 111
4010 0 111
4020 0 111
4030 0 111
4040 0 111
4050 0 111
4060 0 111
4070 0 111
4080 0 111
4090 0 111
4100 0 111
4110 0 111
4120 0 111
4130 0 111
4140 0 111
4150 0 111
4160 0 111
4170 0 111
4180 0 111
4190 0 111
4200 0.2 113
4210 0 113
4220 0 113
4230 0 113
4240 0 113
4250 0 113
4260 0 113
4270 0 113
4280 0 113
4290 0 113
4300 0 113
4310 0 113
4320 0 113
4330 0 113
4340 0 113
4350 0 113
4360 0 113
4370 0 113
4380 0 113
4390 0 113
4400 0 113
4410 0 113
4420 0 113
4430 0 113
4440 0 113
4450 0 113
4460 0 113
4470 0 113
4480 0 113
4490 0 113
4500 0 113
4510 0 113
4520 0 113
4530 0 113
4540 0 113
4550 0 113
4560 0 113
4570 0.2 115
4580 0 115
4590 0 115
4600 0 115
4610 0.2 117
4620 0 117
4630 0 117
4640 0 117
4650 0 117
4660 0 117
4670 0.4 121
4680 0 121
4690 0 121
4700 0 121
4710 1 131
4720 0 131
4730 0 131
4740 0 131
4750 0 131
4760 0.2 133
4770 0.4 137
4780 0 137
4790 0 137
4800 0.1 138
4810 0.3 141
4820 0.1 142
4830 0 142
4840 0 142
4850 0 142
4860 0 142
4870 0 142
4880 0.6 148
4890 0 148
4900 0 148
4910 0 148
4920 0 148
4930 0 148
4940 0 148
4950 0 148
4960 0 148
4970 0 148
4980 0 148
4990 0 148
5000 0 148
5010 0 148
5020 0 148
5030 1.3 161
5040 1 171
5050 0.2 173
5060 0 173
5070 0 173
5080 0 173
5090 0 173
5100 0 173
5110 0 173
5120 0 173
5130 0 173
5140 0 173
5150 0 173
5160 0 173
5170 0 173
5180 0 173
5190 0 173
5200 0 173
5210 0 173
5220 0 173
5230 0 173
5240 0 173
5250 0 173
5260 0 173
5270 0 173
5280 0 173
5290 0 173
5300 0 173
5310 0 173
5320 0.2 175
5330 0 175
5340 0 175
5350 0 175
5360 0 175
5370 0 175
5380 0 175
5390 0 175
5400 0 175
5410 0 175
5420 0 175
5430 0 175
5440 0 175
5450 0 175
5460 0 175
5470 0 175
5480 0 175
5490 0 175
5500 0 175
5510 0 175
5520 0 175
5530 0 175
5540 0 175
5550 0 175
5560 0 175
5570 0 175
5580 0 175
5590 0 175
5600 0 175
5610 0 175
5620 0 175
5630 0 175
5640 0 175
5650 0 175
5660 0 175
5670 0 175
5680 0 175
5690 0 175
5700 0 175
5710 0 175
5720 0 175
5730 0 175
5740 0 175
5750 0.9 184
5760 0 184
5770 0 184
5780 0.1 185
5790 0.2 187
5800 0 187
5810 0 187
5820 0 187
5830 0.4 191
5840 1.3 204
5850 0 204
5860 0 204
5870 0 204
5880 0 204
5890 0 204
5900 0 204
5910 0 204
5920 0.8 212
5930 0.2 214
5940 0 214
5950 0 214
5960 0.5 219
5970 0 219
5980 0 219
5990 0 219
6000 0 219
6010 0 219
6020 0 219
6030 0.6 225
6040 0 225
6050 0 225
6060 0 225
6070 0 225
6080 0 225
6090 0 225
6100 0 225
6110 0 225
6120 0 225
6130 0 225
6140 0 225
6150 0 225
6160 0 225
6170 0 225
6180 0 225
6190 0 225
6200 0 225
6210 0 225
6220 0 225
6230 0 225
6240 0 225
6250 0 225
6260 0.1 226
6270 0 226
6280 0 226
6290 0 226
6300 0 226
6310 0.9 235
6320 0 235
6330 0 235
6340 0 235
6350 0 235
6360 0 235
6370 0 235
6380 0 235
6390 0 235
6400 0 235
6410 0.2 237
6420 0 237
6430 0 237
6440 1.5 252
6450 0 252
6460 0 252
6470 0 252
6480 0 252
6490 0 252
6500 0 252
6510 0.3 255
6520 0 255
6530 0 255
6540 0 255
6550 0 255
6560 0 255
6570 0.4 259
6580 0 259
6590 0 259
6600 0 259
6610 0 259
6620 0 259
6630 0 259
6640 0 259
6650 0 259
6660 0 259
6670 0 259
6680 0.1 260
6690 0.8 268
6700 0 268
6710 0 268
6720 0.3 271
6730 0 271
6740 0.2 273
6750 0 273
6760 0 273
6770 0 273
6780 0 273
6790 0 273
6800 0 273
6810 0 273
6820 0 273
6830 0 273
6840 0 273
6850 0 273
6860 0.3 276
6870 0 276
6880 0 276
6890 0 276
6900 0 276
6910 0 276
6920 0 276
6930 0 276
6940 0 276
6950 0 276
6960 0 276
6970 0 276
6980 0.3 279
6990 0.7 286
7000 0.1 287
7010 0.7 294
7020 0.7 301
7030 0.3 304
7040 0 304
7050 0 304
7060 0 304
7070 0 304
7080 0 304
7090 0 304
7100 0 304
7110 0 304
7120 0 304
7130 0 304
7140 0 304
7150 0 304
7160 0 304
7170 0 304
7180 0 304
7190 0.2 306
7200 0 306
7210 0 306
7220 0 306
7230 0.1 307
7240 1 317
7250 0 317
7260 0 317
7270 0.8 325
7280 0.6 331
7290 0 331
7300 0 331
7310 0 331
7320 0.3 334
7330 0 334
7340 0 334
7350 0 334
7360 0 334
7370 0 334
7380 0 334
7390 0 334
7400 0 334
7410 0 334
7420 0 334
7430 0 334
7440 0 334
7450 0 334
7460 0 334
7470 0 334
7480 0 334
7490 0 334
7500 0 334
7510 0 334
7520 0 334
7530 0 334
7540 0 334
7550 0 334
7560 0 334
7570 0 334
7580 0.3 337
7590 0 337
7600 0 337
7610 0 337
7620 0 337
7630 0 337
7640 0 337
7650 0 337
7660 0.2 339
7670 0 339
7680 0 339
7690 0 339
7700 0 339
7710 0 339
7720 0.6 345
7730 0 345
7740 0 345
7750 0 345
7760 0 345
7770 0 345
7780 0.4 349
7790 0 349
7800 0 349
7810 0.4 353
7820 0 353
7830 0.6 359
7840 0.6 365
7850 0 365
7860 0 365
7870 0.3 368
7880 0 368
7890 0 368
7900 0 368
7910 0 368
7920 0 368
7930 0 368
7940 0 368
7950 0 368
7960 0 368
7970 0 368
7980 0 368
7990 0 368
8000 0 368
8010 0 368
8020 0 368
8030 0 368
8040 0 368
8050 0 368
8060 0.5 373
8070 0 373
8080 0 373
8090 0 373
8100 0 373
8110 0 373
8120 0 373
8130 0 373
8140 0 373
8150 0 373
8160 0 373
8170 0 373
8180 0 373
8190 0 373
8200 0.5 378
8210 0 378
8220 0 378
8230 0 378
8240 0 378
8250 0 378
8260 0 378
8270 0 378
8280 0 378
8290 0 378
8300 0 378
8310 0.6 384
8320 0 384
8330 0 384
8340 0 384
8350 0 384
8360 0 384
8370 0 384
8380 0 384
8390 0 384
8400 0 384
8410 0 384
8420 0 384
8430 0 384
8440 0 384
8450 0 384
8460 0 384
8470 0 384
8480 0 384
8490 0 384
8500 0 384
8510 0 384
8520 0 384
8530 0 384
8540 0 384
8550 0 384
8560 0 384
8570 0 384
8580 0 384
8590 0 384
8600 0 384
8610 0 384
8620 0 384
8630 0 384
8640 0 384
8650 0 384
8660 0 384
8670 0 384
8680 0 384
8690 0 384
8700 0 384
8710 0 384
8720 0 384
8730 0 384
8740 0 384
8750 0 384
8760 0 384
8770 0 384
8780 0 384
8790 0 384
8800 0 384
8810 0 384
8820 0 384
8830 0.1 385
8840 0 385
8850 0 385
8860 0 385
8870 0 385
8880 0 385
8890 0 385
8900 0 385
8910 0 385
8920 0 385
8930 0 385
8940 0 385
8950 0 385
8960 0 385
8970 0 385
8980 0 385
8990 0 385
9000 0 385
9010 0 385
9020 0.2 387
9030 0 387
9040 0 387
9050 0 387
9060 0 387
9070 0 387
9080 0 387
9090 0 387
9100 0 387
9110 0 387
9120 0 387
9130 0 387
9140 0 387
9150 0 387
9160 0 387
9170 0 387
9180 0.3 390
9190 0 390
9200 0 390
9210 0.3 393
9220 0 393
9230 0.5 398
9240 0 398
9250 0 398
9260 0 398
9270 0 398
9280 0 398
9290 0 398
9300 0 398
9310 0 398
9320 0 398
9330 0 398
9340 0 398
9350 0 398
9360 0 398
9370 0 398
9380 0 398
9390 0 398
9400 0 398
9410 0 398
9420 0 398
9430 0 398
9440 0 398
9450 0 398
9460 0.2 400
9470 0.9 409
9480 0.6 415
9490 0.3 418
9500 0.1 419
9510 0.4 423
9520 0.5 428
9530 0.3 431
9540 0.4 435
9550 0.7 442
9560 0 442
9570 0.2 444
9580 0 444
9590 0 444
9600 0 444
9610 0 444
9620 0 444
9630 0 444
9640 0 444
9650 0 444
9660 0 444
9670 0 444
9680 0 444
9690 0 444
9700 0 444
9710 0 444
9720 0 444
9730 0 444
9740 0 444
9750 0 444
9760 0 444
9770 0 444
9780 0 444
9790 0 444
9800 0.3 447
9810 0 447
9820 0 447
9830 0 447
9840 0 447
9850 0 447
9860 0.3 450
9870 0 450
9880 0 450
9890 0 450
9900 0 450
9910 0 450
9920 0 450
9930 0 450
9940 0 450
9950 0 450
9960 0.3 453
9970 0.5 458
9980 0.2 460
9990 0 460
10000 0 460
10010 0 460
10020 0 460
10030 0 460
10040 0 460
10050 0 460
10060 0.9 469
10070 0 469
10080 0 469
10090 0 469
10100 0 469
10110 0.2 471
10120 0 471
10130 0.8 479
10140 0.2 481
10150 0.1 482
10160 0 482
10170 0 482
10180 0 482
10190 0 482
10200 0 482
10210 0 482
10220 0 482
10230 0 482
10240 0 482
10250 0 482
10260 0 482
10270 0 482
10280 0 482
10290 0 482
10300 0 482
10310 0 482
10320 0 482
10330 0 482
10340 0.1 483
10350 0 483
10360 0 483
10370 0 483
10380 0 483
10390 0 483
10400 0 483
10410 0 483
10420 0 483
10430 0 483
10440 0 483
10450 0 483
10460 0 483
10470 0 483
10480 0 483
10490 0 483
10500 0 483
10510 0 483
10520 0.7 490
10530 1.5 505
10540 0 505
10550 0 505
10560 0 505
10570 0 505
10580 0 505
10590 0 505
10600 0 505
10610 0 505
10620 0 505
10630 0 505
10640 0 505
10650 0 505
10660 0 505
10670 0 505
10680 0 505
10690 0 505
10700 0 505
10710 0 505
10720 0 505
10730 0 505
10740 0 505
10750 0 505
10760 0 505
10770 0 505
10780 0 505
10790 0 505
10800 0 505
10810 0 505
10820 0 505
10830 0 505
10840 0 505
10850 0.3 508
10860 0 508
10870 0 508
10880 0 508
10890 0.4 512
10900 0.5 517
10910 0 517
10920 0.7 524
10930 0.6 530
10940 0 530
10950 0 530
10960 0 530
10970 0 530
10980 0 530
10990 0 530
11000 0 530
11010 0 530
11020 0 530
11030 0 530
11040 0 530
11050 0 530
11060 0 530
11070 0 530
11080 0 530
11090 0 530
11100 0 530
11110 0 530
11120 0 530
11130 0 530
11140 0 530
11150 0 530
11160 0 530
11170 0 530
11180 0 530
11190 0 530
11200 0 530
11210 0.9 539
11220 0 539
11230 0 539
11240 0 539
11250 0 539
11260 0 539
11270 0 539
11280 0 539
11290 0 539
11300 0 539
11310 0 539
11320 0 539
11330 1.2 551
11340 0.5 556
11350 0 556
11360 0 556
11370 0 556
11380 0 556
11390 0 556
11400 0.2 558
11410 0 558
11420 0.1 559
11430 0 559
11440 0 559
11450 0 559
11460 0 559
11470 0.4 563
11480 0 563
11490 0 563
11500 0 563
11510 0 563
11520 0 563
11530 0 563
11540 0 563
11550 0 563
11560 0.2 565
11570 0 565
11580 0 565
11590 0 565
11600 0.1 566
11610 0.8 574
11620 0 574
11630 0 574
11640 0 574
11650 0 574
11660 0 574
11670 0 574
11680 0 574
11690 0 574
11700 0 574
11710 0 574
11720 0 574
11730 0 574
11740 0 574
11750 0 574
11760 0 574
11770 0 574
11780 0 574
11790 0 574
11800 0 574
11810 0 574
11820 0 574
11830 0 574
11840 0 574
11850 0 574
11860 0 574
11870 0 574
11880 0 574
11890 0 574
11900 0 574
11910 0 574
11920 0 574
11930 0 574
11940 0 574
11950 0 574
11960 0 574
11970 0 574
11980 0 574
11990 0 574
12000 0 574
12010 0 574
12020 0 574
12030 0 574
12040 0 574
12050 0 574
12060 0 574
12070 0 574
12080 0 574
12090 0 574
12100 0 574
12110 0 574
12120 0 574
12130 0 574
12140 0 574
12150 0 574
12160 0 574
12170 0 574
12180 0 574
12190 0 574
12200 0 574
12210 0 574
12220 0 574
12230 0 574
12240 0 574
12250 0.5 579
12260 1.1 590
12270 0 590
12280 0 590
12290 0 590
12300 0 590
12310 0 590
12320 0 590
12330 0 590
12340 0 590
12350 0 590
12360 0 590
12370 0 590
12380 0 590
12390 0.5 595
12400 0 595
12410 0.1 596
12420 0.2 598
12430 0 598
12440 0 598
12450 0 598
12460 0 598
12470 0 598
12480 0 598
12490 0 598
12500 0 598
12510 0 598
12520 0 598
12530 0 598
12540 0 598
12550 0 598
12560 1 608
12570 0 608
12580 0 608
12590 0 608
12600 0.6 614
12610 0.4 618
12620 0 618
12630 0.1 619
12640 0 619
12650 0.1 620
12660 0.6 626
12670 0.8 634
12680 0.1 635
12690 0 635
12700 0.1 636
12710 0 636
12720 0.3 639
12730 0 639
12740 0 639
12750 1 649
12760 0 649
12770 0 649
12780 0.4 653
12790 0 653
12800 1.4 667
12810 0 667
12820 0 667
12830 0 667
12840 0 667
12850 0 667
12860 0 667
12870 0.9 676
12880 0.1 677
12890 0 677
12900 1 687
12910 0 687
12920 0 687
12930 0 687
12940 0 687
12950 0 687
12960 0 687
12970 0 687
12980 0 687
12990 0 687
13000 0 687
13010 0 687
13020 0.1 688
13030 0 688
13040 0 688
13050 0.6 694
13060 0 694
13070 0.1 695
13080 0 695
13090 0.3 698
13100 0.9 707
13110 0 707
13120 0 707
13130 0 707
13140 0 707
13150 0 707
13160 0 707
13170 0 707
13180 0 707
13190 0 707
13200 0 707
13210 0 707
13220 0 707
13230 0.2 709
13240 0.7 716
13250 0.4 720
13260 0 720
13270 1.8 738
13280 0.2 740
13290 0 740
13300 0 740
13310 0 740
13320 0.4 744
13330 0 744
13340 0 744
13350 0.4 748
13360 0.1 749
13370 0 749
13380 0 749
13390 0.1 750
13400 1 760
13410 0 760
13420 0 760
13430 0 760
13440 0.5 765
13450 0 765
13460 0 765
13470 0 765
13480 0 765
13490 0 765
13500 0 765
13510 0 765
13520 0 765
13530 0 765
13540 0 765
13550 0 765
13560 0 765
13570 0 765
13580 0 765
13590 0.5 770
13600 0.6 776
13610 0 776
13620 1.8 794
13630 0 794
13640 0 794
13650 0 794
13660 0 794
13670 0 794
13680 0 794
13690 0 794
13700 0 794
13710 0 794
13720 0 794
13730 0 794
13740 0 794
13750 0 794
13760 0 794
13770 0 794
13780 0 794
13790 0 794
13800 0.8 802
13810 0 802
13820 0 802
13830 0 802
13840 0 802
13850 0 802
13860 0 802
13870 0 802
13880 0.6 808
13890 0 808
13900 0 808
13910 0 808
13920 0 808
13930 0 808
13940 0 808
13950 0 808
13960 0 808
13970 0.5 813
13980 0 813
13990 0 813
14000 1.5 828
14010 0.1 829
14020 0 829
14030 0 829
14040 0 829
14050 0 829
14060 0 829
14070 0 829
14080 0 829
14090 0 829
14100 0 829
14110 0 829
14120 0 829
14130 0 829
14140 0 829
14150 0.2 831
14160 0 831
14170 0.5 836
14180 0.2 838
14190 0 838
14200 0.4 842
14210 0 842
14220 0 842
14230 0 842
14240 0 842
14250 0 842
14260 0 842
14270 0 842
14280 0 842
14290 0 842
14300 0 842
14310 0 842
14320 0 842
14330 0 842
14340 0 842
14350 0 842
14360 0 842
14370 0 842
14380 0 842
14390 0 842
14400 0 842
14410 0 842
14420 0.5 847
14430 0 847
14440 0.3 850
14450 0.9 859
14460 0 859
14470 0 859
14480 0 859
14490 0 859
14500 0 859
14510 0 859
14520 0 859
14530 0 859
14540 0.4 863
14550 0.1 864
14560 0.5 869
14570 0 869
14580 0 869
14590 0 869
14600 0 869
14610 0.7 876
14620 0 876
14630 0 876
14640 0 876
14650 0 876
14660 0 876
14670 0 876
14680 0 876
14690 0 876
14700 0 876
14710 0 876
14720 0 876
14730 0 876
14740 0 876
14750 0.9 885
14760 0 885
14770 0 885
14780 0 885
14790 0 885
14800 0 885
14810 0 885
14820 0 885
14830 0 885
14840 0 885
14850 0 885
14860 0 885
14870 0 885
14880 0.5 890
14890 1.1 901
14900 0 901
14910 0 901
14920 0 901
14930 0 901
14940 0.9 910
14950 0.2 912
14960 0 912
14970 0 912
14980 0 912
14990 0 912
15000 0.2 914
15010 0 914
15020 0.7 921
15030 0.4 925
15040 0 925
15050 0 925
15060 0 925
15070 0.4 929
15080 0 929
15090 0 929
15100 0 929
15110 0 929
15120 0.2 931
15130 0.6 937
15140 0.4 941
15150 0 941
15160 0 941
15170 0 941
15180 0 941
15190 0 941
15200 0 941
15210 0 941
15220 0 941
15230 0 941
15240 0 941
15250 0 941
15260 0 941
15270 0 941
15280 0 941
15290 0 941
15300 0 941
15310 0 941
15320 0 941
15330 0.3 944
15340 0 944
15350 0 944
15360 0 944
15370 0 944
15380 0 944
15390 0.7 951
15400 0 951
15410 0 951
15420 0 951
15430 0 951
15440 0 951
15450 0 951
15460 0 951
15470 0 951
15480 0 951
15490 0 951
15500 0 951
15510 0 951
15520 0 951
15530 0 951
15540 0 951
15550 0 951
15560 0 951
15570 0 951
15580 0 951
15590 0 951
15600 0 951
15610 0 951
15620 0 951
15630 0 951
15640 0 951
15650 0 951
15660 0 951
15670 0 951
15680 0.8 959
15690 0 959
15700 0 959
15710 0 959
15720 0 959
15730 0.7 966
15740 0 966
15750 0 966
15760 0 966
15770 0 966
15780 0 966
15790 0.5 971
15800 0 971
15810 0 971
15820 0 971
15830 0 971
15840 0 971
15850 0 971
15860 0 971
15870 0 971
15880 0 971
15890 0 971
15900 0 971
15910 0 971
15920 0 971
15930 0 971
15940 0 971
15950 0 971
15960 0 971
15970 0 971
15980 0 971
15990 0 971
16000 0 971
16010 0 971
16020 0 971
16030 0 971
16040 0 971
16050 0 971
16060 0 971
16070 0 971
16080 0 971
16090 0 971
16100 0 971
16110 0.4 975
16120 0 975
16130 0 975
16140 0 975
16150 0 975
16160 0 975
16170 0 975
16180 0 975
16190 0 975
16200 0 975
16210 0 975
16220 0 975
16230 0 975
16240 0 975
16250 0 975
16260 0 975
16270 0 975
16280 0 975
16290 0 975
16300 0 975
16310 0 975
16320 0 975
16330 0 975
16340 0 975
16350 0 975
16360 0 975
16370 0 975
16380 0.3 978
16390 1 988
16400 0 988
16410 0 988
16420 0 988
16430 0 988
16440 0 988
16450 0 988
16460 0 988
16470 0 988
16480 0 988
16490 0 988
16500 0 988
16510 0.9 997
16520 0.4 1001
16530 0 1001
16540 0.7 1008
16550 0 1008
16560 0 1008
16570 0 1008
16580 0 1008
16590 0 1008
16600 0 1008
16610 0 1008
16620 0 1008
16630 0 1008
16640 0 1008
16650 0 1008
16660 0 1008
16670 0 1008
16680 0 1008
16690 0 1008
16700 0 1008
16710 0 1008
16720 0 1008
16730 0 1008
16740 0 1008
16750 0 1008
16760 0 1008
16770 0 1008
16780 0 1008
16790 0.2 1010
16800 0 1010
16810 0 1010
16820 0 1010
16830 0.4 1014
16840 0.1 1015
16850 0 1015
16860 0 1015
16870 0 1015
16880 1.1 1026
16890 0 1026
16900 0 1026
16910 0 1026
16920 0 1026
16930 0 1026
16940 0 1026
16950 0 1026
16960 0 1026
16970 0 1026
16980 0 1026
16990 0 1026
17000 0 1026
17010 1.1 1037
17020 0 1037
17030 0 1037
17040 1.1 1048
17050 0 1048
17060 0 1048
17070 0 1048
17080 0 1048
17090 0 1048
17100 0 1048
17110 0 1048
17120 0 1048
17130 0 1048
17140 0 1048
17150 0 1048
17160 0 1048
17170 0 1048
17180 0 1048
17190 0 1048
17200 0 1048
17210 0 1048
17220 0 1048
17230 0 1048
17240 0 1048
17250 0 1048
17260 0 1048
17270 0 1048
17280 0 1048
17290 0.2 1050
17300 0.4 1054
17310 0 1054
17320 0 1054
17330 0 1054
17340 0.2 1056
17350 0 1056
17360 1.3 1069
17370 1.3 1082
17380 0 1082
17390 0 1082
17400 0 1082
17410 0 1082
17420 0 1082
17430 0 1082
17440 0 1082
17450 0 1082
17460 0 1082
17470 0 1082
17480 0 1082
17490 0 1082
17500 0 1082
17510 0 1082
17520 0 1082
17530 0 1082
17540 0 1082
17550 0 1082
17560 0 1082
17570 0 1082
17580 0 1082
17590 0 1082
17600 0 1082
17610 0 1082
17620 0 1082
17630 0 1082
17640 0.1 1083
17650 0 1083
17660 0 1083
17670 0 1083
17680 0 1083
17690 0 1083
17700 0 1083
17710 0 1083
17720 0 1083
17730 0 1083
17740 0 1083
17750 0.1 1084
17760 1.4 1098
17770 0.2 1100
17780 0 1100
17790 0 1100
17800 0 1100
17810 0.5 1105
17820 0 1105
17830 0 1105
17840 0 1105
17850 0 1105
17860 0 1105
17870 0 1105
17880 0 1105
17890 0 1105
17900 0.2 1107
17910 0 1107
17920 0 1107
17930 0 1107
17940 0 1107
17950 0 1107
17960 0 1107
17970 0 1107
17980 0 1107
17990 0 1107
18000 0 1107
18010 0 1107
18020 0.2 1109
18030 0 1109
18040 0.5 1114
18050 0 1114
18060 0 1114
18070 0 1114
18080 0.9 1123
18090 0 1123
18100 0.1 1124
18110 0 1124
18120 0.1 1125
18130 0 1125
18140 1.8 1143
18150 0 1143
18160 0 1143
18170 0 1143
18180 0 1143
18190 0 1143
18200 0 1143
18210 0 1143
18220 0 1143
18230 0 1143
18240 0 1143
18250 0 1143
18260 0 1143
18270 0 1143
18280 0.5 1148
18290 0.1 1149
18300 0 1149
18310 0 1149
18320 0.5 1154
18330 0 1154
18340 0 1154
18350 0 1154
18360 0 1154
18370 0 1154
18380 0.2 1156
18390 0.2 1158
18400 0 1158
18410 0 1158
18420 0 1158
18430 0 1158
18440 0 1158
18450 0 1158
18460 0 1158
18470 0 1158
18480 0.1 1159
18490 0.6 1165
18500 0 1165
18510 0 1165
18520 0 1165
18530 0.6 1171
18540 0.2 1173
18550 0.2 1175
18560 0.3 1178
18570 0.1 1179
18580 0.2 1181
18590 0.3 1184
18600 0 1184
18610 1.1 1195
18620 0.1 1196
18630 0 1196
18640 0 1196
18650 0 1196
18660 0 1196
18670 0 1196
18680 0.4 1200
18690 0.8 1208
18700 0.1 1209
18710 0 1209
18720 0 1209
18730 0 1209
18740 0 1209
18750 0 1209
18760 0 1209
18770 0 1209
18780 0 1209
18790 0.2 1211
18800 0.1 1212
18810 0 1212
18820 0.3 1215
18830 0.3 1218
18840 0 1218
18850 0.6 1224
18860 0 1224
18870 0 1224
18880 0.1 1225
18890 0.5 1230
18900 0.1 1231
18910 0 1231
18920 0.5 1236
18930 0 1236
18940 0 1236
18950 0 1236
18960 0.3 1239
18970 0 1239
18980 0 1239
18990 0 1239
19000 0 1239
19010 0 1239
19020 0 1239
19030 0 1239
19040 0 1239
19050 0 1239
19060 0 1239
19070 0 1239
19080 0 1239
19090 0 1239
19100 0 1239
19110 0 1239
19120 0 1239
19130 0 1239
19140 0 1239
19150 0 1239
19160 0 1239
19170 0 1239
19180 0 1239
19190 0 1239
19200 0 1239
19210 0 1239
19220 0 1239
19230 0 1239
19240 0 1239
19250 0 1239
19260 0 1239
19270 0 1239
19280 0 1239
19290 0 1239
19300 0 1239
19310 0 1239
19320 0.2 1241
19330 0 1241
19340 0 1241
19350 0 1241
19360 0.3 1244
19370 0.1 1245
19380 0.9 1254
19390 0.2 1256
19400 0.1 1257
19410 0 1257
19420 0 1257
19430 0 1257
19440 0 1257
19450 0 1257
19460 0 1257
19470 0 1257
19480 0 1257
19490 0 1257
19500 0 1257
19510 0 1257
19520 0 1257
19530 0 1257
19540 0 1257
19550 0 1257
19560 0 1257
19570 0 1257
19580 0 1257
19590 0 1257
19600 0 1257
19610 0 1257
19620 0.4 1261
19630 0 1261
19640 0 1261
19650 0 1261
19660 0 1261
19670 0 1261
19680 1.3 1274
19690 0 1274
19700 0 1274
19710 0 1274
19720 0 1274
19730 0.4 1278
19740 0 1278
19750 0 1278
19760 0 1278
19770 0 1278
19780 0 1278
19790 0 1278
19800 0 1278
19810 0 1278
19820 0 1278
19830 0 1278
19840 0 1278
19850 0 1278
19860 0 1278
19870 0 1278
19880 0 1278
19890 0 1278
19900 0 1278
19910 0 1278
19920 0 1278
19930 0 1278
19940 0 1278
19950 0 1278
19960 0 1278
19970 0 1278
19980 0 1278
19990 0 1278
20000 0 1278
20010 0 1278
20020 0 1278
20030 0 1278
20040 0 1278
20050 0 1278
20060 0 1278
20070 0 1278
20080 0 1278
20090 0 1278
20100 0 1278
20110 0 1278
20120 0.8 1286
20130 0 1286
20140 0.4 1290
20150 0 1290
20160 0.3 1293
20170 0 1293
20180 0 1293
20190 0 1293
20200 0 1293
20210 0 1293
20220 0 1293
20230 0 1293
20240 0 1293
20250 0 1293
20260 0 1293
20270 0 1293
20280 0 1293
20290 0.2 1295
20300 0 1295
20310 0 1295
20320 0 1295
20330 0.1 1296
20340 0 1296
20350 0 1296
20360 0 1296
20370 0 1296
20380 0 1296
20390 0 1296
20400 0.5 1301
20410 0 1301
20420 0 1301
20430 0 1301
20440 0 1301
20450 0 1301
20460 0 1301
20470 0 1301
20480 0 1301
20490 0 1301
20500 0 1301
20510 0 1301
20520 0 1301
20530 0 1301
20540 0 1301
20550 0 1301
20560 0.9 1310
20570 0 1310
20580 0 1310
20590 0 1310
20600 0.2 1312
20610 0 1312
20620 0 1312
20630 0 1312
20640 0 1312
20650 0 1312
20660 0.6 1318
20670 0.3 1321
20680 0 1321
20690 0 1321
20700 0 1321
20710 0.3 1324
20720 0.6 1330
20730 0 1330
20740 0 1330
20750 0 1330
20760 0 1330
20770 0 1330
20780 0 1330
20790 0 1330
20800 0 1330
20810 0 1330
20820 0 1330
20830 0 1330
20840 0 1330
20850 0 1330
20860 0 1330
20870 0 1330
20880 0 1330
20890 0.2 1332
20900 0 1332
20910 0 1332
20920 0 1332
20930 0 1332
20940 0.3 1335
20950 0 1335
20960 0 1335
20970 0.7 1342
20980 0 1342
20990 0 1342
21000 0 1342
21010 1.1 1353
21020 0.3 1356
21030 0 1356
21040 0 1356
21050 0 1356
21060 0 1356
21070 0 1356
21080 0 1356
21090 0 1356
21100 0.1 1357
21110 0 1357
21120 0 1357
21130 0 1357
21140 0 1357
21150 0 1357
21160 0 1357
21170 0 1357
21180 0 1357
21190 0 1357
21200 0.3 1360
21210 0 1360
21220 0 1360
21230 0.2 1362
21240 0.3 1365
21250 1 1375
21260 0.4 1379
21270 0 1379
21280 0 1379
21290 0 1379
21300 0 1379
21310 0 1379
21320 0 1379
21330 0 1379
21340 0 1379
21350 0 1379
21360 0 1379
21370 0 1379
21380 0 1379
21390 0 1379
21400 0 1379
21410 0 1379
21420 0 1379
21430 0 1379
21440 0 1379
21450 0 1379
21460 0 1379
21470 0 1379
21480 0 1379
21490 0 1379
21500 0 1379
21510 0 1379
21520 0 1379
21530 0 1379
21540 0 1379
21550 0 1379
21560 0 1379
21570 0 1379
21580 0 1379
21590 0 1379
21600 0 1379
21610 0.3 1382
21620 0.7 1389
21630 0 1389
21640 0 1389
21650 0 1389
21660 0.3 1392
21670 0 1392
21680 0 1392
21690 0 1392
21700 0 1392
21710 0 1392
21720 0 1392
21730 1.4 1406
21740 0 1406
21750 0 1406
21760 0 1406
21770 0 1406
21780 0 1406
21790 0 1406
21800 0 1406
21810 0 1406
21820 0 1406
21830 0.1 1407
21840 0 1407
21850 0 1407
21860 0 1407
21870 0 1407
21880 0 1407
21890 0 1407
21900 0 1407
21910 0 1407
21920 0.4 1411
21930 0 1411
21940 0 1411
21950 0 1411
21960 0 1411
21970 0 1411
21980 0 1411
21990 0 1411
22000 0 1411
22010 0 1411
22020 0 1411
22030 0 1411
22040 0 1411
22050 0 1411
22060 0 1411
22070 0 1411
22080 0 1411
22090 0 1411
22100 0 1411
22110 0 1411
22120 0 1411
22130 1 1421
22140 0 1421
22150 0 1421
22160 0 1421
22170 0.2 1423
22180 0 1423
22190 0 1423
22200 0 1423
22210 0 1423
22220 0.2 1425
22230 0.2 1427
22240 0 1427
22250 0 1427
22260 0 1427
22270 0 1427
22280 0.3 1430
22290 0 1430
22300 0 1430
22310 0.6 1436
22320 0.2 1438
22330 0 1438
22340 0 1438
22350 0 1438
22360 0.3 1441
22370 0.1 1442
22380 0.1 1443
22390 0 1443
22400 0 1443
22410 0 1443
22420 0 1443
22430 0 1443
22440 0 1443
22450 0 1443
22460 0.2 1445
22470 0 1445
22480 0 1445
22490 0 1445
22500 1.8 1463
22510 0 1463
22520 0 1463
22530 0 1463
22540 0 1463
22550 0 1463
22560 0 1463
22570 0 1463
22580 0 1463
22590 0 1463
22600 0 1463
22610 0 1463
22620 0 1463
22630 0 1463
22640 0 1463
22650 0 1463
22660 0 1463
22670 0 1463
22680 0 1463
22690 0 1463
22700 0 1463
22710 0 1463
22720 0 1463
22730 0 1463
22740 0 1463
22750 0 1463
22760 0 1463
22770 0 1463
22780 0 1463
22790 0 1463
22800 0 1463
22810 0 1463
22820 0 1463
22830 0 1463
22840 0 1463
22850 0 1463
22860 0.3 1466
22870 0 1466
22880 0 1466
22890 0 1466
22900 0 1466
22910 0 1466
22920 0 1466
22930 0 1466
22940 0.3 1469
22950 0 1469
22960 0.2 1471
22970 0 1471
22980 0 1471
22990 0.1 1472
23000 0.4 1476
23010 0 1476
23020 0 1476
23030 0 1476
23040 0 1476
23050 0 1476
23060 0 1476
23070 0 1476
23080 0 1476
23090 0 1476
23100 0 1476
23110 0 1476
23120 0 1476
23130 0 1476
23140 0 1476
23150 0 1476
23160 0 1476
23170 0 1476
23180 0.7 1483
23190 0.4 1487
23200 0 1487
23210 0 1487
23220 0 1487
23230 0 1487
23240 0 1487
23250 0 1487
23260 0 1487
23270 0 1487
23280 0.9 1496
23290 0.2 1498
23300 0 1498
23310 0 1498
23320 0 1498
23330 0.6 1504
23340 0 1504
23350 0 1504
23360 0 1504
23370 0 1504
23380 0 1504
23390 0 1504
23400 0 1504
23410 0 1504
23420 0 1504
23430 0 1504
23440 0 1504
23450 0 1504
23460 0 1504
23470 0 1504
23480 0 1504
23490 0 1504
23500 0 1504
23510 0 1504
23520 0 1504
23530 0 1504
23540 0 1504
23550 0 1504
23560 0 1504
23570 0 1504
23580 0 1504
23590 0 1504
23600 0 1504
23610 0 1504
23620 0 1504
23630 0 1504
23640 0 1504
23650 0 1504
23660 0 1504
23670 0 1504
23680 0 1504
23690 0 1504
23700 0 1504
23710 0 1504
23720 0 1504
23730 0 1504
23740 0 1504
23750 0 1504
23760 0 1504
23770 0 1504
23780 0.2 1506
23790 0.1 1507
23800 0.1 1508
23810 0 1508
23820 0 1508
23830 0 1508
23840 0 1508
23850 0.7 1515
23860 0 1515
23870 0 1515
23880 0 1515
23890 0 1515
23900 0 1515
23910 0.7 1522
23920 0 1522
23930 0 1522
23940 0 1522
23950 0 1522
23960 0 1522
23970 0 1522
23980 0 1522
23990 0 1522
24000 0 1522
24010 0 1522
24020 0 1522
24030 0.1 1523
24040 0 1523
24050 0 1523
24060 0.6 1529
24070 1.1 1540
24080 0.2 1542
24090 0 1542
24100 0 1542
24110 0.3 1545
24120 0.7 1552
24130 1.1 1563
24140 0 1563
24150 0 1563
24160 0 1563
24170 0 1563
24180 1 1573
24190 0 1573
24200 0 1573
24210 0 1573
24220 0 1573
24230 0 1573
24240 0 1573
24250 0 1573
24260 0 1573
24270 0 1573
24280 0.3 1576
24290 0 1576
24300 0.2 1578
24310 0 1578
24320 0 1578
24330 0.2 1580
24340 0 1580
24350 0 1580
24360 0 1580
24370 0 1580
24380 0 1580
24390 0 1580
24400 0 1580
24410 0 1580
24420 0 1580
24430 0 1580
24440 0.4 1584
24450 0 1584
24460 0 1584
24470 0 1584
24480 0.4 1588
24490 1.6 1604
24500 0 1604
24510 0 1604
24520 0 1604
24530 0 1604
24540 0.7 1611
24550 0.4 1615
24560 0 1615
24570 0 1615
24580 0 1615
24590 0 1615
24600 0 1615
24610 0 1615
24620 0 1615
24630 0.4 1619
24640 0.8 1627
24650 0 1627
24660 0 1627
24670 0 1627
24680 0 1627
24690 0 1627
24700 0 1627
24710 0 1627
24720 0 1627
24730 0 1627
24740 0 1627
24750 0 1627
24760 0 1627
24770 0 1627
24780 0 1627
24790 0 1627
24800 0 1627
24810 0 1627
24820 0 1627
24830 0 1627
24840 0 1627
24850 0 1627
24860 0 1627
24870 0 1627
24880 0 1627
24890 0 1627
24900 0 1627
24910 0 1627
24920 0 1627
24930 0.5 1632
24940 0.7 1639
24950 0 1639
24960 0 1639
24970 0 1639
24980 0 1639
24990 0.4 1643
25000 0 1643
25010 0 1643
25020 0 1643
25030 0.4 1647
25040 1.7 1664
25050 0 1664
25060 0 1664
25070 0.2 1666
25080 0 1666
25090 0 1666
25100 0 1666
25110 0 1666
25120 0 1666
25130 0 1666
25140 0 1666
25150 0 1666
25160 0 1666
25170 0.8 1674
25180 0 1674
25190 0 1674
25200 0 1674
25210 0 1674
25220 0 1674
25230 0 1674
25240 0 1674
25250 1.1 1685
25260 0.7 1692
25270 0.2 1694
25280 0 1694
25290 0 1694
25300 0 1694
25310 0 1694
25320 0 1694
25330 0.8 1702
25340 0 1702
25350 0 1702
25360 0 1702
25370 0 1702
25380 0 1702
25390 0 1702
25400 0 1702
25410 0 1702
25420 0 1702
25430 0 1702
25440 0 1702
25450 0 1702
25460 0 1702
25470 0 1702
25480 0 1702
25490 0 1702
25500 0 1702
25510 0.4 1706
25520 0.6 1712
25530 0.4 1716
25540 0 1716
25550 0 1716
25560 0 1716
25570 0 1716
25580 0 1716
25590 0.2 1718
25600 0.6 1724
25610 0 1724
25620 0.2 1726
25630 0.6 1732
25640 0 1732
25650 0.9 1741
25660 0.5 1746
25670 0 1746
25680 0 1746
25690 0.5 1751
25700 0 1751
25710 0 1751
25720 0 1751
25730 0 1751
25740 0 1751
25750 0 1751
25760 0 1751
25770 0.4 1755
25780 0.9 1764
25790 0.1 1765
25800 0 1765
25810 0 1765
25820 0 1765
25830 0 1765
25840 0 1765
25850 0.6 1771
25860 0.7 1778
25870 0.3 1781
25880 0 1781
25890 0 1781
25900 0 1781
25910 0 1781
25920 0 1781
25930 0.4 1785
25940 0 1785
25950 0 1785
25960 0 1785
25970 0 1785
25980 0 1785
25990 0 1785
26000 0 1785
26010 0 1785
26020 0 1785
26030 0 1785
26040 0 1785
26050 0.1 1786
26060 0.1 1787
26070 0 1787
26080 0.2 1789
26090 0 1789
26100 0 1789
26110 0 1789
26120 0.2 1791
26130 0 1791
26140 0 1791
26150 0 1791
26160 0 1791
26170 0.1 1792
26180 0 1792
26190 0 1792
26200 0 1792
26210 0 1792
26220 0 1792
26230 0 1792
26240 0 1792
26250 0 1792
26260 0 1792
26270 0 1792
26280 0 1792
26290 0 1792
26300 0 1792
26310 0.8 1800
26320 0 1800
26330 0 1800
26340 0 1800
26350 0.6 1806
26360 0 1806
26370 0.4 1810
26380 0 1810
26390 0 1810
26400 0 1810
26410 0 1810
26420 0 1810
26430 0 1810
26440 0 1810
26450 0 1810
26460 0 1810
26470 0 1810
26480 0 1810
26490 0.5 1815
26500 0 1815
26510 0 1815
26520 0 1815
26530 0 1815
26540 0 1815
26550 0 1815
26560 0 1815
26570 0 1815
26580 0 1815
26590 0 1815
26600 0 1815
26610 0 1815
26620 0 1815
26630 0.3 1818
26640 0 1818
26650 0 1818
26660 0 1818
26670 0 1818
26680 0 1818
26690 0 1818
26700 0 1818
26710 0 1818
26720 0 1818
26730 0 1818
26740 0 1818
26750 0 1818
26760 0 1818
26770 0 1818
26780 0 1818
26790 0 1818
26800 0 1818
26810 0 1818
26820 0 1818
26830 0 1818
26840 0 1818
26850 0.1 1819
26860 0.4 1823
26870 0 1823
26880 0.6 1829
26890 0.7 1836
26900 0 1836
26910 0 1836
26920 0 1836
26930 0 1836
26940 0 1836
26950 0 1836
26960 0 1836
26970 0 1836
26980 0 1836
26990 0 1836
27000 0 1836
27010 0 1836
27020 0 1836
27030 0 1836
27040 0 1836
27050 0 1836
27060 0 1836
27070 0 1836
27080 0.1 1837
27090 0 1837
27100 0 1837
27110 0 1837
27120 0 1837
27130 0 1837
27140 1.2 1849
27150 0 1849
27160 0 1849
27170 0 1849
27180 0 1849
27190 0 1849
27200 0 1849
27210 0 1849
27220 0 1849
27230 0 1849
27240 0 1849
27250 0 1849
27260 0 1849
27270 0 1849
27280 0 1849
27290 1.1 1860
27300 0.1 1861
27310 0.2 1863
27320 0 1863
27330 0.6 1869
27340 0 1869
27350 0 1869
27360 0 1869
27370 0.2 1871
27380 0 1871
27390 0 1871
27400 0.4 1875
27410 0 1875
27420 0 1875
27430 0 1875
27440 0.6 1881
27450 0 1881
27460 0 1881
27470 0.1 1882
27480 0 1882
27490 0 1882
27500 0 1882
27510 0 1882
27520 0.4 1886
27530 0 1886
27540 0 1886
27550 0 1886
27560 0.2 1888
27570 0 1888
27580 0 1888
27590 0 1888
27600 0 1888
27610 0 1888
27620 0 1888
27630 0 1888
27640 0 1888
27650 0 1888
27660 0 1888
27670 0 1888
27680 1.1 1899
27690 0 1899
27700 0 1899
27710 0.5 1904
27720 0 1904
27730 0 1904
27740 0 1904
27750 0 1904
27760 0 1904
27770 0 1904
27780 0.5 1909
27790 1.1 1920
27800 1.2 1932
27810 0 1932
27820 0 1932
27830 0 1932
27840 0 1932
27850 0 1932
27860 0 1932
27870 0 1932
27880 0.1 1933
27890 0 1933
27900 0 1933
27910 0 1933
27920 0 1933
27930 0.6 1939
27940 0 1939
27950 0 1939
27960 0 1939
27970 0 1939
27980 0 1939
27990 0 1939
28000 0 1939
28010 0 1939
28020 0 1939
28030 1 1949
28040 1.4 1963
28050 0 1963
28060 0 1963
28070 0 1963
28080 0 1963
28090 0.8 1971
28100 0 1971
28110 0 1971
28120 0 1971
28130 0.9 1980
28140 0 1980
28150 0 1980
28160 0 1980
28170 0 1980
28180 0 1980
28190 0 1980
28200 0 1980
28210 0 1980
28220 0 1980
28230 0 1980
28240 0 1980
28250 0 1980
28260 0 1980
28270 0 1980
28280 0 1980
28290 0 1980
28300 0 1980
28310 0 1980
28320 0 1980
28330 0.1 1981
28340 0 1981
28350 0 1981
28360 0 1981
28370 0 1981
28380 0 1981
28390 1 1991
28400 0 1991
28410 0 1991
28420 0 1991
28430 0.9 2000
28440 0 2000
28450 0 2000
28460 0 2000
28470 0 2000
28480 0.3 2003
28490 0 2003
28500 0 2003
28510 0 2003
28520 0 2003
28530 0 2003
28540 0 2003
28550 0 2003
28560 1.2 2015
28570 0.1 2016
28580 0 2016
28590 0 2016
28600 0 2016
28610 0 2016
28620 0 2016
28630 0 2016
28640 0.2 2018
28650 0.2 2020
28660 0 2020
28670 0 2020
28680 0.2 2022
28690 0.5 2027
28700 0.7 2034
28710 0 2034
28720 0 2034
28730 0 2034
28740 0 2034
28750 0 2034
28760 0 2034
28770 0 2034
28780 0 2034
28790 0 2034
28800 0 2034
28810 0.1 2035
28820 0 2035
28830 0 2035
28840 0 2035
28850 0 2035
28860 0 2035
28870 0 2035
28880 0 2035
28890 0 2035
28900 0 2035
28910 0 2035
28920 0 2035
28930 0 2035
28940 0 2035
28950 0 2035
28960 0 2035
28970 0 2035
28980 0 2035
28990 0 2035
29000 0.7 2042
29010 0 2042
29020 0 2042
29030 0 2042
29040 0.2 2044
29050 0.1 2045
29060 0.1 2046
29070 0 2046
29080 0 2046
29090 0.4 2050
29100 1 2060
29110 0 2060
29120 0 2060
29130 0.6 2066
29140 0 2066
29150 0.2 2068
29160 0 2068
29170 0 2068
29180 0 2068
29190 0 2068
29200 0 2068
29210 0 2068
29220 0 2068
29230 0 2068
29240 0 2068
29250 0.2 2070
29260 0 2070
29270 0 2070
29280 0 2070
29290 1.3 2083
29300 0 2083
29310 0 2083
29320 0 2083
29330 0 2083
29340 0 2083
29350 0.2 2085
29360 0 2085
29370 0 2085
29380 0 2085
29390 0 2085
29400 0 2085
29410 0 2085
29420 0 2085
29430 1.1 2096
29440 1 2106
29450 0 2106
29460 0 2106
29470 0 2106
29480 0 2106
29490 0.1 2107
29500 0 2107
29510 0 2107
29520 0 2107
29530 0 2107
29540 0 2107
29550 0 2107
29560 0 2107
29570 0 2107
29580 0 2107
29590 0 2107
29600 0 2107
29610 0 2107
29620 0 2107
29630 0 2107
29640 0 2107
29650 0 2107
29660 0 2107
29670 0 2107
29680 0.1 2108
29690 0 2108
29700 0 2108
29710 0 2108
29720 0 2108
29730 0 2108
29740 0 2108
29750 0.5 2113
29760 0.7 2120
29770 0 2120
29780 0 2120
29790 0 2120
29800 0 2120
29810 0 2120
29820 0 2120
29830 0 2120
29840 0.9 2129
29850 0 2129
29860 0 2129
29870 0.5 2134
29880 0 2134
29890 0.9 2143
29900 0 2143
29910 0 2143
29920 0 2143
29930 0 2143
29940 0 2143
29950 0 2143
29960 0.4 2147
29970 0 2147
29980 0 2147
29990 0.1 2148
30000 0.5 2153
30010 0.8 2161
30020 0 2161
30030 0 2161
30040 0 2161
30050 0 2161
30060 0 2161
30070 0 2161
30080 0 2161
30090 0.9 2170
30100 0.2 2172
30110 0 2172
30120 0 2172
30130 0 2172
30140 0 2172
30150 0 2172
30160 0 2172
30170 0 2172
30180 0 2172
30190 0 2172
30200 0 2172
30210 0 2172
30220 0 2172
30230 0 2172
30240 0 2172
30250 0 2172
30260 0 2172
30270 0 2172
30280 0 2172
30290 0.5 2177
30300 0.1 2178
30310 0 2178
30320 0.3 2181
30330 0 2181
30340 0.3 2184
30350 0 2184
30360 0 2184
30370 0 2184
30380 0.4 2188
30390 0.4 2192
30400 0 2192
30410 0.1 2193
30420 0 2193
30430 0 2193
30440 0 2193
30450 0 2193
30460 0.1 2194
30470 0 2194
30480 0 2194
30490 0 2194
30500 0.2 2196
30510 0 2196
30520 0.2 2198
30530 0.8 2206
30540 0 2206
30550 0 2206
30560 0 2206
30570 0.8 2214
30580 0.7 2221
30590 0 2221
30600 0 2221
30610 0 2221
30620 0 2221
30630 0 2221
30640 0.8 2229
30650 0 2229
30660 0.4 2233
30670 0.7 2240
30680 0.3 2243
30690 0 2243
30700 0 2243
30710 0 2243
30720 0 2243
30730 0 2243
30740 0 2243
30750 0 2243
30760 0 2243
30770 0 2243
30780 0 2243
30790 0 2243
30800 0 2243
30810 0 2243
30820 0 2243
30830 0 2243
30840 0 2243
30850 0 2243
30860 0 2243
30870 0 2243
30880 0 2243
30890 0 2243
30900 0 2243
30910 0 2243
30920 0 2243
30930 0 2243
30940 0 2243
30950 1.4 2257
30960 0 2257
30970 0.8 2265
30980 0 2265
30990 0 2265
31000 0 2265
31010 1.1 2276
31020 0 2276
31030 0 2276
31040 0 2276
31050 0 2276
31060 0 2276
31070 0 2276
31080 0 2276
31090 0 2276
31100 1 2286
31110 0 2286
31120 0 2286
31130 0 2286
31140 0 2286
31150 0.9 2295
31160 0 2295
31170 0 2295
31180 0 2295
31190 0 2295
31200 0 2295
31210 0 2295
31220 0 2295
31230 0 2295
31240 0 2295
31250 0 2295
31260 0 2295
31270 0 2295
31280 0 2295
31290 0.4 2299
31300 0 2299
31310 0 2299
31320 0 2299
31330 0 2299
31340 0 2299
31350 0 2299
31360 0 2299
31370 0 2299
31380 0 2299
31390 0.6 2305
31400 0.3 2308
31410 0 2308
31420 0 2308
31430 0 2308
31440 0 2308
31450 0 2308
31460 0 2308
31470 0 2308
31480 0 2308
31490 0 2308
31500 0 2308
31510 0 2308
31520 0.2 2310
31530 0.1 2311
31540 0.8 2319
31550 0.3 2322
31560 0 2322
31570 0 2322
31580 0 2322
31590 0 2322
31600 0.8 2330
31610 0 2330
31620 0 2330
31630 0 2330
31640 0 2330
31650 0.4 2334
31660 0.2 2336
31670 0 2336
31680 0 2336
31690 0 2336
31700 0 2336
31710 0 2336
31720 0 2336
31730 0 2336
31740 0 2336
31750 0 2336
31760 0 2336
31770 0 2336
31780 0 2336
31790 0.1 2337
31800 0 2337
31810 0 2337
31820 0 2337
31830 0 2337
31840 0 2337
31850 0.4 2341
31860 0 2341
31870 0 2341
31880 0 2341
31890 0 2341
31900 0 2341
31910 0 2341
31920 0 2341
31930 1 2351
31940 0 2351
31950 0.1 2352
31960 0 2352
31970 0 2352
31980 0.1 2353
31990 1.3 2366
32000 0 2366
32010 0 2366
32020 0 2366
32030 0 2366
32040 0 2366
32050 0 2366
32060 0 2366
32070 0 2366
32080 0 2366
32090 0 2366
32100 0.3 2369
32110 0 2369
32120 0.4 2373
32130 0 2373
32140 0.8 2381
32150 0.2 2383
32160 0 2383
32170 0 2383
32180 1.1 2394
32190 0.5 2399
32200 0 2399
32210 0 2399
32220 0 2399
32230 0 2399
32240 0 2399
32250 0 2399
32260 0 2399
32270 0 2399
32280 0 2399
32290 0 2399
32300 0 2399
32310 0 2399
32320 0 2399
32330 0.1 2400
32340 0 2400
32350 0 2400
32360 0 2400
32370 0 2400
32380 0.1 2401
32390 0.3 2404
32400 0.3 2407
32410 0 2407
32420 0 2407
32430 0.5 2412
32440 0 2412
32450 0 2412
32460 0 2412
32470 0.3 2415
32480 1.6 2431
32490 0 2431
32500 0 2431
32510 0 2431
32520 0 2431
32530 0 2431
32540 0 2431
32550 0 2431
32560 0 2431
32570 0 2431
32580 0 2431
32590 0 2431
32600 0 2431
32610 0 2431
32620 0 2431
32630 0 2431
32640 0 2431
32650 0 2431
32660 0 2431
32670 0 2431
32680 0.7 2438
32690 0 2438
32700 0 2438
32710 0 2438
32720 0.1 2439
32730 0.2 2441
32740 0.4 2445
32750 0 2445
32760 0 2445
32770 0 2445
32780 0 2445
32790 0 2445
32800 0 2445
32810 0 2445
32820 0 2445
32830 0 2445
32840 0 2445
32850 0 2445
32860 0 2445
32870 0 2445
32880 0 2445
32890 0 2445
32900 0.8 2453
32910 0 2453
32920 0 2453
32930 0 2453
32940 0 2453
32950 0 2453
32960 0 2453
32970 0 2453
32980 0 2453
32990 0 2453
33000 0 2453
33010 0 2453
33020 0.8 2461
33030 0.4 2465
33040 0 2465
33050 0 2465
33060 0 2465
33070 0 2465
33080 0 2465
33090 0 2465
33100 0 2465
33110 0 2465
33120 0 2465
33130 0 2465
33140 0 2465
33150 0.2 2467
33160 0 2467
33170 0 2467
33180 0 2467
33190 0 2467
33200 0 2467
33210 0 2467
33220 0 2467
33230 0 2467
33240 0 2467
33250 0 2467
33260 0.4 2471
33270 0 2471
33280 0 2471
33290 1.4 2485
33300 0 2485
33310 0 2485
33320 0 2485
33330 0 2485
33340 0 2485
33350 0 2485
33360 0 2485
33370 0 2485
33380 0 2485
33390 0 2485
33400 0 2485
33410 0 2485
33420 0 2485
33430 0 2485
33440 0 2485
33450 0 2485
33460 0 2485
33470 0 2485
33480 0 2485
33490 0.7 2492
33500 0 2492
33510 0 2492
33520 0.4 2496
33530 0.7 2503
33540 0 2503
33550 0 2503
33560 0 2503
33570 0 2503
33580 0 2503
33590 0 2503
33600 0 2503
33610 0 2503
33620 0.1 2504
33630 0 2504
33640 0 2504
33650 0.3 2507
33660 0 2507
33670 0 2507
33680 0 2507
33690 0 2507
33700 0 2507
33710 0 2507
33720 0.1 2508
33730 0.6 2514
33740 0.3 2517
33750 0 2517
33760 0 2517
33770 0 2517
33780 0 2517
33790 1.9 2536
33800 0 2536
33810 0 2536
33820 0 2536
33830 0 2536
33840 0 2536
33850 0 2536
33860 0 2536
33870 0 2536
33880 0 2536
33890 0 2536
33900 0 2536
33910 0 2536
33920 0 2536
33930 0 2536
33940 0 2536
33950 0 2536
33960 0 2536
33970 0 2536
33980 0 2536
33990 0 2536
34000 0 2536
34010 0 2536
34020 0 2536
34030 0 2536
34040 0 2536
34050 0 2536
34060 0 2536
34070 0 2536
34080 0 2536
34090 0 2536
34100 0 2536
34110 0 2536
34120 0.2 2538
34130 0 2538
34140 0 2538
34150 0 2538
34160 0 2538
34170 0 2538
34180 0 2538
34190 0 2538
34200 0.1 2539
34210 0.7 2546
34220 0 2546
34230 0 2546
34240 0 2546
34250 0 2546
34260 0 2546
34270 0 2546
34280 0 2546
34290 0 2546
34300 0 2546
34310 0 2546
34320 0 2546
34330 0.1 2547
34340 1.3 2560
34350 0 2560
34360 0.3 2563
34370 0.1 2564
34380 0.4 2568
34390 0 2568
34400 0.5 2573
34410 0 2573
34420 0 2573
34430 0.3 2576
34440 0 2576
34450 0 2576
34460 0 2576
34470 0 2576
34480 0 2576
34490 0 2576
34500 0 2576
34510 0 2576
34520 0 2576
34530 0 2576
34540 0 2576
34550 0.3 2579
34560 0 2579
34570 0 2579
34580 0 2579
34590 0 2579
34600 0 2579
34610 0 2579
34620 0 2579
34630 0 2579
34640 0 2579
34650 0 2579
34660 0 2579
34670 0 2579
34680 0 2579
34690 0 2579
34700 0 2579
34710 0 2579
34720 0 2579
34730 0 2579
34740 0 2579
34750 0 2579
34760 0 2579
34770 0 2579
34780 0 2579
34790 0.3 2582
34800 0.4 2586
34810 0.3 2589
34820 0 2589
34830 0 2589
34840 0 2589
34850 0 2589
34860 0 2589
34870 0 2589
34880 0 2589
34890 0 2589
34900 0.2 2591
34910 0 2591
34920 0.6 2597
34930 0 2597
34940 0.1 2598
34950 0.3 2601
34960 0 2601
34970 0 2601
34980 0 2601
34990 0 2601
35000 0 2601
35010 0 2601
35020 0 2601
35030 0.3 2604
35040 0 2604
35050 0 2604
35060 0 2604
35070 0 2604
35080 0 2604
35090 0 2604
35100 0 2604
35110 0 2604
35120 0 2604
35130 0 2604
35140 0 2604
35150 0 2604
35160 0 2604
35170 0 2604
35180 0 2604
35190 0 2604
35200 0 2604
35210 0 2604
35220 0 2604
35230 0.2 2606
35240 0 2606
35250 0.2 2608
35260 0 2608
35270 0 2608
35280 0 2608
35290 0 2608
35300 0 2608
35310 0 2608
35320 0.8 2616
35330 0.3 2619
35340 0 2619
35350 0 2619
35360 0 2619
35370 0 2619
35380 0 2619
35390 0 2619
35400 0 2619
35410 0 2619
35420 0 2619
35430 0 2619
35440 0 2619
35450 0 2619
35460 0 2619
35470 0 2619
35480 0 2619
35490 0 2619
35500 0 2619
35510 0 2619
35520 0 2619
35530 0 2619
35540 0 2619
35550 0 2619
35560 0 2619
35570 0 2619
35580 0 2619
35590 0 2619
35600 0 2619
35610 0 2619
35620 0 2619
35630 0 2619
35640 0 2619
35650 0 2619
35660 0 2619
35670 0 2619
35680 0 2619
35690 0 2619
35700 0 2619
35710 0 2619
35720 0 2619
35730 0 2619
35740 0 2619
35750 0 2619
35760 0 2619
35770 0 2619
35780 0 2619
35790 0 2619
35800 0.6 2625
35810 0 2625
35820 0 2625
35830 0 2625
35840 0.4 2629
35850 0.4 2633
35860 0 2633
35870 0 2633
35880 0 2633
35890 0.3 2636
35900 0 2636
35910 0 2636
35920 0 2636
35930 0 2636
35940 0.4 2640
35950 0 2640
35960 0 2640
35970 0 2640
35980 0 2640
35990 0 2640
36000 0 2640
36010 0 2640
36020 0 2640
36030 0 2640
36040 0 2640
36050 0.6 2646
36060 0.4 2650
36070 1.1 2661
36080 0.3 2664
36090 1.3 2677
36100 2.3 2700
36110 1.9 2719
36120 0 2719
36130 0 2719
36140 2.4 2743
36150 0 2743
36160 0 2743
36170 0.6 2749
36180 0 2749
36190 0.9 2758
36200 0.6 2764
36210 0 2764
36220 0 2764
36230 0.1 2765
36240 1.1 2776
36250 0.1 2777
36260 0.7 2784
36270 0.9 2793
36280 0 2793
36290 0.5 2798
36300 0.6 2804
36310 0.9 2813
36320 2 2833
36330 0 2833
36340 0 2833
36350 0.6 2839
36360 0 2839
36370 0.3 2842
36380 2.1 2863
36390 1.4 2877
36400 0.6 2883
36410 0.1 2884
36420 0 2884
36430 0.2 2886
36440 0 2886
36450 1.3 2899
36460 0 2899
36470 0 2899
36480 0 2899
36490 0.4 2903
36500 0.7 2910
36510 0.6 2916
36520 1.3 2929
36530 0 2929
36540 0 2929
36550 0 2929
36560 0 2929
36570 0 2929
36580 0.5 2934
36590 1.8 2952
36600 0.5 2957
36610 0 2957
36620 2.1 2978
36630 0.1 2979
36640 1.6 2995
36650 2.6 3021
36660 1.6 3037
36670 0 3037
36680 0.8 3045
36690 0.9 3054
36700 0.1 3055
36710 1.5 3070
36720 0.4 3074
36730 0.2 3076
36740 1.3 3089
36750 1.9 3108
36760 1.7 3125
36770 1 3135
36780 1.1 3146
36790 0.5 3151
36800 1.7 3168
36810 1.5 3183
36820 0.6 3189
36830 2.7 3216
36840 0.7 3223
36850 1.7 3240
36860 1.3 3253
36870 1.1 3264
36880 1.8 3282
36890 2.2 3304
36900 1.2 3316
36910 1 3326
36920 0.8 3334
36930 0 3334
36940 1.4 3348
36950 3.2 3380
36960 0.2 3382
36970 0 3382
36980 0.4 3386
36990 0.5 3391
37000 0.4 3395
37010 2 3415
37020 2.2 3437
37030 0 3437
37040 0 3437
37050 2.5 3462
37060 0.5 3467
37070 0.4 3471
37080 2 3491
37090 0.5 3496
37100 1.4 3510
37110 0.1 3511
37120 1.5 3526
37130 1.4 3540
37140 0 3540
37150 0.2 3542
37160 1.1 3553
37170 1.4 3567
37180 0.3 3570
37190 0.3 3573
37200 2.1 3594
37210 1.7 3611
37220 2.6 3637
37230 1.9 3656
37240 3.2 3688
37250 1.1 3699
37260 2.3 3722
37270 0.9 3731
37280 1.5 3746
37290 1.2 3758
37300 1 3768
37310 3.3 3801
37320 0.9 3810
37330 2.7 3837
37340 3.2 3869
37350 0 3869
37360 2.2 3891
37370 1.3 3904
37380 0.6 3910
37390 1.8 3928
37400 0.9 3937
37410 1.9 3956
37420 0.9 3965
37430 2.9 3994
37440 3.2 4026
37450 0.7 4033
37460 5.2 4085
37470 0 4085
37480 0.6 4091
37490 1.1 4102
37500 2 4122
37510 2 4142
37520 2.8 4170
37530 0.5 4175
37540 1.3 4188
37550 1.2 4200
37560 0.2 4202
37570 2.6 4228
37580 2.2 4250
37590 1.4 4264
37600 0 4264
37610 1.7 4281
37620 2.2 4303
37630 2.9 4332
37640 2.4 4356
37650 1.8 4374
37660 0 4374
37670 2.3 4397
37680 0.5 4402
37690 0.3 4405
37700 2.8 4433
37710 0.9 4442
37720 0 4442
37730 0 4442
37740 1.2 4454
37750 2.6 4480
37760 2.2 4502
37770 1.5 4517
37780 1 4527
37790 0 4527
37800 0 4527
37810 1.8 4545
37820 0.5 4550
37830 0.5 4555
37840 3.7 4592
37850 2.4 4616
37860 2.2 4638
37870 3.2 4670
37880 4.5 4715
37890 3.3 4748
37900 0 4748
37910 4.9 4797
37920 0.8 4805
37930 2.1 4826
37940 4.7 4873
37950 0.8 4881
37960 0 4881
37970 2.3 4904
37980 1.2 4916
37990 5.1 4967
38000 0.9 4976
38010 1.6 4992
38020 2.6 5018
38030 1.3 5031
38040 5.6 5087
38050 2.2 5109
38060 1.7 5126
38070 2.2 5148
38080 0.9 5157
38090 2.5 5182
38100 2.6 5208
38110 3.7 5245
38120 1.6 5261
38130 1.6 5277
38140 3 5307
38150 0.8 5315
38160 3.1 5346
38170 3.8 5384
38180 2.2 5406
38190 0.1 5407
38200 1.1 5418
38210 4.9 5467
38220 0.2 5469
38230 4.2 5511
38240 2 5531
38250 0.8 5539
38260 0 5539
38270 4.6 5585
38280 0.3 5588
38290 2.8 5616
38300 1.1 5627
38310 1.7 5644
38320 2.1 5665
38330 1.4 5679
38340 0.5 5684
38350 3 5714
38360 3.9 5753
38370 1.9 5772
38380 0.9 5781
38390 2 5801
38400 0.6 5807
38410 2.6 5833
38420 0.9 5842
38430 2 5862
38440 3.8 5900
38450 4.8 5948
38460 2.1 5969
38470 2.8 5997
38480 1.4 6011
38490 2.3 6034
38500 4.3 6077
38510 3.4 6111
38520 3.8 6149
38530 2.8 6177
38540 1.6 6193
38550 3.7 6230
38560 4.5 6275
38570 2.6 6301
38580 3.2 6333
38590 1.2 6345
38600 2.7 6372
38610 2.3 6395
38620 2.6 6421
38630 3.2 6453
38640 2.7 6480
38650 1.8 6498
38660 3 6528
38670 2.2 6550
38680 3.9 6589
38690 0.9 6598
38700 4 6638
38710 0.6 6644
38720 2.5 6669
38730 4.3 6712
38740 0.9 6721
38750 3.1 6752
38760 3.9 6791
38770 1.8 6809
38780 5.1 6860
38790 2.7 6887
38800 2.3 6910
38810 2.6 6936
38820 4.5 6981
38830 1.6 6997
38840 3 7027
38850 2.3 7050
38860 1.5 7065
38870 6.5 7130
38880 1.7 7147
38890 0.6 7153
38900 4.5 7198
38910 3.8 7236
38920 2.1 7257
38930 3.4 7291
38940 3.6 7327
38950 3.3 7360
38960 2.8 7388
38970 3.6 7424
38980 1.7 7441
38990 1.7 7458
39000 5.1 7509
39010 1.4 7523
39020 4.2 7565
39030 1.9 7584
39040 4.9 7633
39050 2.8 7661
39060 0 7661
39070 5.9 7720
39080 4.8 7768
39090 1.2 7780
39100 6.1 7841
39110 2 7861
39120 3.9 7900
39130 2.3 7923
39140 4.9 7972
39150 1.9 7991
39160 6.3 8054
39170 5 8104
39180 1.8 8122
39190 5.2 8174
39200 1.5 8189
39210 4.3 8232
39220 2.2 8254
39230 8.3 8337
39240 0.8 8345
39250 2.9 8374
39260 3.1 8405
39270 5 8455
39280 2.6 8481
39290 4.2 8523
39300 1.4 8537
39310 3.9 8576
39320 0.2 8578
39330 5.4 8632
39340 7.5 8707
39350 0.1 8708
39360 2.6 8734
39370 4.1 8775
39380 5.3 8828
39390 1.9 8847
39400 4.1 8888
39410 2.5 8913
39420 5.1 8964
39430 3.6 9000
39440 0.2 9002
39450 9.3 9095
39460 2.6 9121
39470 1.3 9134
39480 7.4 9208
39490 2.4 9232
39500 1 9242
39510 8.9 9331
39520 3.7 9368
39530 2.1 9389
39540 1.4 9403
39550 7.4 9477
39560 1.3 9490
39570 4.1 9531
39580 3.8 9569
39590 2.1 9590
39600 3.5 9625
39610 2.1 9646
39620 4.3 9689
39630 4.2 9731
39640 2.1 9752
39650 4.5 9797
39660 0 9797
39670 5 9847
39680 5.4 9901
39690 0 9901
39700 6.5 9966
39710 2.8 9994
39720 5.4 10048
39730 4.3 10091
39740 0 10091
39750 5.1 10142
39760 1.2 10154
39770 4.2 10196
39780 5 10246
39790 4 10286
39800 0.7 10293
39810 2.2 10315
39820 1.7 10332
39830 8.9 10421
39840 0 10421
39850 3.6 10457
39860 3.4 10491
39870 0.9 10500
39880 4.3 10543
39890 2.5 10568
39900 1.1 10579
39910 7.6 10655
39920 3.2 10687
39930 0.1 10688
39940 3.4 10722
39950 1.9 10741
39960 7 10811
39970 3.7 10848
39980 3.8 10886
39990 3.2 10918
40000 2.7 10945
40010 2.7 10972
40020 5.7 11029
40030 1.2 11041
40040 3.9 11080
40050 4.4 11124
40060 0 11124
40070 7.2 11196
40080 7.2 11268
40090 1.8 11286
40100 0.6 11292
40110 5.1 11343
40120 3.5 11378
40130 2.7 11405
40140 3.6 11441
40150 3.2 11473
40160 0.7 11480
40170 5.3 11533
40180 2.2 11555
40190 3.1 11586
40200 5.4 11640
40210 5.2 11692
40220 5.7 11749
40230 5 11799
40240 5.8 11857
40250 5.6 11913
40260 3.6 11949
40270 5.1 12000
40280 4 12040
40290 4.3 12083
40300 3.9 12122
40310 5 12172
40320 5.4 12226
40330 2.2 12248
40340 5.3 12301
40350 6.8 12369
40360 2.8 12397
40370 3.3 12430
40380 4.5 12475
40390 2.6 12501
40400 4.3 12544
40410 5.9 12603
40420 5.3 12656
40430 1.7 12673
40440 6 12733
40450 7.2 12805
40460 5.8 12863
40470 5.1 12914
40480 4.8 12962
40490 3.1 12993
40500 7.4 13067
40510 5.2 13119
40520 1.9 13138
40530 7.5 13213
40540 6.4 13277
40550 4.3 13320
40560 6 13380
40570 7.6 13456
40580 6.1 13517
40590 2.9 13546
40600 3.6 13582
40610 5.7 13639
40620 6.2 13701
40630 0 13701
40640 9.3 13794
40650 3.1 13825
40660 4.5 13870
40670 8.6 13956
40680 1.1 13967
40690 8.6 14053
40700 5.3 14106
40710 4.8 14154
40720 5.9 14213
40730 3.4 14247
40740 6 14307
40750 4.3 14350
40760 4.7 14397
40770 5.6 14453
40780 3.1 14484
40790 4.3 14527
40800 8.2 14609
40810 4.7 14656
40820 7.4 14730
40830 3.1 14761
40840 7.8 14839
40850 4.5 14884
40860 6.7 14951
40870 7.5 15026
40880 6.4 15090
40890 3.5 15125
40900 5.7 15182
40910 5 15232
40920 3.1 15263
40930 7 15333
40940 6.8 15401
40950 2.7 15428
40960 5 15478
40970 7.6 15554
40980 5.9 15613
40990 9.8 15711
41000 3.5 15746
41010 6.7 15813
41020 7.5 15888
41030 5.8 15946
41040 5.6 16002
41050 5.7 16059
41060 8 16139
41070 4.5 16184
41080 6.1 16245
41090 7.4 16319
41100 3.4 16353
41110 7.2 16425
41120 7 16495
41130 1.9 16514
41140 8.4 16598
41150 6.7 16665
41160 2.8 16693
41170 5.4 16747
41180 6.7 16814
41190 2.8 16842
41200 4.9 16891
41210 7.2 16963
41220 4.7 17010
41230 7.4 17084
41240 1.4 17098
41250 7.7 17175
41260 6.9 17244
41270 2.1 17265
41280 6.8 17333
41290 9.7 17430
41300 5.9 17489
41310 2.5 17514
41320 6 17574
41330 7 17644
41340 3.5 17679
41350 4.6 17725
41360 8.7 17812
41370 7.5 17887
41380 3.7 17924
41390 4.1 17965
41400 5.5 18020
41410 6 18080
41420 4 18120
41430 8.9 18209
41440 5.5 18264
41450 6.1 18325
41460 3.5 18360
41470 6.5 18425
41480 6.5 18490
41490 4.8 18538
41500 8.6 18624
41510 5 18674
41520 1.7 18691
41530 8.2 18773
41540 6.5 18838
41550 4.9 18887
41560 6.3 18950
41570 2.6 18976
41580 8 19056
41590 4.7 19103
41600 9.1 19194
41610 5.7 19251
41620 3.7 19288
41630 6.1 19349
41640 6.6 19415
41650 3.3 19448
41660 4.7 19495
41670 1.4 19509
41680 10.1 19610
41690 6.2 19672
41700 2.5 19697
41710 8.9 19786
41720 1.4 19800
41730 7.3 19873
41740 3.6 19909
41750 5.2 19961
41760 9.3 20054
41770 6.3 20117
41780 1.7 20134
41790 7.4 20208
41800 5.9 20267
41810 6.9 20336
41820 4.6 20382
41830 7.6 20458
41840 6.5 20523
41850 3.9 20562
41860 6 20622
41870 10 20722
41880 4.9 20771
41890 8 20851
41900 8 20931
41910 2.7 20958
41920 7.8 21036
41930 6.1 21097
41940 8.2 21179
41950 5.7 21236
41960 7.9 21315
41970 3.9 21354
41980 6.6 21420
41990 8.3 21503
42000 6.5 21568
42010 5.8 21626
42020 7.7 21703
42030 4.6 21749
42040 4.6 21795
42050 5.3 21848
42060 6.4 21912
42070 5.6 21968
42080 2.3 21991
42090 7.7 22068
42100 4.5 22113
42110 3.6 22149
42120 6.1 22210
42130 9 22300
42140 5.3 22353
42150 2.8 22381
42160 0.2 22383
42170 4.5 22428
42180 1.3 22441
42190 0 22441
42200 0 22441
42210 0 22441
42220 0 22441
42230 0 22441
42240 0 22441
42250 0 22441
42260 0 22441
42270 0 22441
42280 0 22441
42290 0 22441
42300 0 22441
42310 0 22441
42320 0 22441
42330 0 22441
42340 0 22441
42350 0 22441
42360 0 22441
42370 0 22441
42380 0 22441
42390 0 22441
42400 0 22441
42410 0 22441
42420 0 22441
42430 0 22441
42440 0 22441
42450 0 22441
42460 0 22441
42470 0 22441
42480 0 22441
42490 0 22441
42500 0 22441
42510 0 22441
42520 0 22441
42530 0 22441
42540 0 22441
42550 0 22441
42560 0 22441
42570 0 22441
42580 0 22441
42590 0 22441
42600 0 22441
42610 0 22441
42620 0 22441
42630 0 22441
42640 0 22441
42650 0 22441
42660 0 22441
42670 0 22441
42680 0 22441
42690 0 22441
42700 0 22441
42710 0 22441
42720 0 22441
42730 0 22441
42740 0 22441
42750 0 22441
42760 0 22441
42770 0 22441
42780 0 22441
42790 0 22441
42800 0 22441
42810 0 22441
42820 0 22441
42830 0 22441
42840 0 22441
42850 0 22441
42860 0 22441
42870 0 22441
42880 0 22441
42890 0 22441
42900 0 22441
42910 0 22441
42920 0 22441
42930 0 22441
42940 0 22441
42950 0 22441
42960 0 22441
42970 0 22441
42980 0 22441
42990 0 22441
43000 0 22441
43010 0 22441
43020 0 22441
43030 0 22441
43040 0 22441
43050 0 22441
43060 0 22441
43070 0 22441
43080 0 22441
43090 0 22441
43100 0 22441
43110 0 22441
43120 0 22441
43130 0 22441
43140 0 22441
43150 0 22441
43160 0 22441
43170 0 22441
43180 0 22441
43190 0 22441
43200 0 22441
43210 0 22441
43220 0 22441
43230 0 22441
43240 0 22441
43250 0 22441
43260 0 22441
43270 0 22441
43280 0 22441
43290 0 22441
43300 0 22441
43310 0 22441
43320 0 22441
43330 0 22441
43340 0 22441
43350 0 22441
43360 0 22441
43370 0 22441
43380 0 22441
43390 0 22441
43400 0 22441
43410 0 22441
43420 0 22441
43430 0 22441
43440 0 22441
43450 0 22441
43460 0 22441
43470 0 22441
43480 0 22441
43490 0 22441
43500 0 22441
43510 0 22441
43520 0 22441
43530 0 22441
43540 0 22441
43550 0 22441
43560 0 22441
43570 0 22441
43580 0 22441
43590 0 22441
43600 0 22441
43610 0 22441
43620 0 22441
43630 0 22441
43640 0 22441
43650 0 22441
43660 0 22441
43670 0 22441
43680 0 22441
43690 0 22441
43700 0 22441
43710 0 22441
43720 0 22441
43730 0 22441
43740 0 22441
43750 0 22441
43760 0 22441
43770 0 22441
43780 0 22441
43790 0 22441
43800 0 22441
43810 0 22441
43820 0 22441
43830 0 22441
43840 0 22441
43850 0 22441
43860 0 22441
43870 0 22441
43880 0 22441
43890 0 22441
43900 0 22441
43910 0 22441
43920 0 22441
43930 0 22441
43940 0 22441
43950 0 22441
43960 0 22441
43970 0 22441
43980 0 22441
43990 0 22441
44000 0 22441
44010 0 22441
44020 0 22441
44030 0 22441
44040 0 22441
44050 0 22441
44060 0 22441
44070 0 22441
44080 0 22441
44090 0 22441
44100 0 22441
44110 0 22441
44120 0 22441
44130 0 22441
44140 0 22441
44150 0 22441
44160 0 22441
44170 0 22441
44180 0 22441
44190 0 22441
44200 0 22441
44210 0 22441
44220 0 22441
44230 0 22441
44240 0 22441
44250 0 22441
44260 0 22441
44270 0 22441
44280 0 22441
44290 0 22441
44300 0 22441
44310 0 22441
44320 0 22441
44330 0 22441
44340 0 22441
44350 0 22441
44360 0 22441
44370 0 22441
44380 0 22441
44390 0 22441
44400 0 22441
44410 0 22441
44420 0 22441
44430 0 22441
44440 0 22441
44450 0 22441
44460 0 22441
44470 0 22441
44480 0 22441
44490 0 22441
44500 0 22441
44510 0 22441
44520 0 22441
44530 0 22441
44540 0 22441
44550 0 22441
44560 0 22441
44570 0 22441
44580 0 22441
44590 0 22441
44600 0 22441
44610 0 22441
44620 0 22441
44630 0 22441
44640 0 22441
44650 0 22441
44660 0 22441
44670 0 22441
44680 0 22441
44690 0 22441
44700 0 22441
44710 0 22441
44720 0 22441
44730 0 22441
44740 0 22441
44750 0 22441
44760 0 22441
44770 0 22441
44780 0 22441
44790 0 22441
44800 0 22441
44810 0 22441
44820 0 22441
44830 0 22441
44840 0 22441
44850 0 22441
44860 0 22441
44870 0 22441
44880 0 22441
44890 0 22441
44900 0 22441
44910 0 22441
44920 0 22441
44930 0 22441
44940 0 22441
44950 0 22441
44960 0 22441
44970 0 22441
44980 0 22441
44990 0 22441
45000 0 22441
45010 0 22441
45020 0 22441
45030 0 22441
45040 0 22441
45050 0 22441
45060 0 22441
45070 0 22441
45080 0 22441
45090 0 22441
45100 0 22441
45110 0 22441
45120 0 22441
45130 0 22441
45140 0 22441
45150 0 22441
45160 0 22441
45170 0 22441
45180 0 22441
45190 0 22441
45200 0 22441
45210 0 22441
45220 0 22441
45230 0 22441
45240 0 22441
45250 0 22441
45260 0 22441
45270 0 22441
45280 0 22441
45290 0 22441
45300 0 22441
45310 0 22441
45320 0 22441
45330 0 22441
45340 0 22441
45350 0 22441
45360 0 22441
45370 0 22441
45380 0 22441
45390 0 22441
45400 0 22441
45410 0 22441
45420 0 22441
45430 0 22441
45440 0 22441
45450 0 22441
45460 0 22441
45470 0 22441
45480 0 22441
45490 0 22441
45500 0 22441
45510 0 22441
45520 0 22441
45530 0 22441
45540 0 22441
45550 0 22441
45560 0 22441
45570 0 22441
45580 0 22441
45590 0 22441
45600 0 22441
45610 0 22441
45620 0 22441
45630 0 22441
45640 0 22441
45650 0 22441
45660 0 22441
45670 0 22441
45680 0 22441
45690 0 22441
45700 0 22441
45710 0 22441
45720 0 22441
45730 0 22441
45740 0 22441
45750 0 22441
45760 0 22441
45770 0 22441
45780 0 22441
45790 0 22441
45800 0 22441
45810 0 22441
45820 0 22441
45830 0 22441
45840 0 22441
45850 0 22441
45860 0 22441
45870 0 22441
45880 0 22441
45890 0 22441
45900 0 22441
45910 0 22441
45920 0 22441
45930 0 22441
45940 0 22441
45950 0 22441
45960 0 22441
45970 0 22441
45980 0 22441
45990 0 22441
46000 0 22441
46010 0 22441
46020 0 22441
46030 0 22441
46040 0 22441
46050 0 22441
46060 0 22441
46070 0 22441
46080 0 22441
46090 0 22441
46100 0 22441
46110 0 22441
46120 0 22441
46130 0 22441
46140 0 22441
46150 0 22441
46160 0 22441
46170 0 22441
46180 0 22441
46190 0 22441
46200 0 22441
46210 0 22441
46220 0 22441
46230 0 22441
46240 0 22441
46250 0 22441
46260 0 22441
46270 0 22441
46280 0 22441
46290 0 22441
46300 0 22441
46310 0 22441
46320 0 22441
46330 0 22441
46340 0 22441
46350 0 22441
46360 0 22441
46370 0 22441
46380 0 22441
46390 0 22441
46400 0 22441
46410 0 22441
46420 0 22441
46430 0 22441
46440 0 22441
46450 0 22441
46460 0 22441
46470 0 22441
46480 0 22441
46490 0 22441
46500 0 22441
46510 0 22441
46520 0 22441
46530 0 22441
46540 0 22441
46550 0 22441
46560 0 22441
46570 0 22441
46580 0 22441
46590 0 22441
46600 0 22441
46610 0 22441
46620 0 22441
46630 0 22441
46640 0 22441
46650 0 22441
46660 0 22441
46670 0 22441
46680 0 22441
46690 0 22441
46700 0 22441
46710 0 22441
46720 0 22441
46730 0 22441
46740 0 22441
46750 0 22441
46760 0 22441
46770 0 22441
46780 0 22441
46790 0 22441
46800 0 22441
46810 0 22441
46820 0 22441
46830 0 22441
46840 0 22441
46850 0 22441
46860 0 22441
46870 0 22441
46880 0 22441
46890 0 22441
46900 0 22441
46910 0 22441
46920 0 22441
46930 0 22441
46940 0 22441
46950 0 22441
46960 0 22441
46970 0 22441
46980 0 22441
46990 0 22441
47000 0 22441
47010 0 22441
47020 0 22441
47030 0 22441
47040 0 22441
47050 0 22441
47060 0 22441
47070 0 22441
47080 0 22441
47090 0 22441
47100 0 22441
47110 0 22441
47120 0 22441
47130 0 22441
47140 0 22441
47150 0 22441
47160 0 22441
47170 0 22441
47180 0 22441
47190 0 22441
47200 0 22441
47210 0 22441
47220 0 22441
47230 0 22441
47240 0 22441
47250 0 22441
47260 0 22441
47270 0 22441
47280 0 22441
47290 0 22441
47300 0 22441
47310 0 22441
47320 0 22441
47330 0 22441
47340 0 22441
47350 0 22441
47360 0 22441
47370 0 22441
47380 0 22441
47390 0 22441
47400 0 22441
47410 0 22441
47420 0 22441
47430 0 22441
47440 0 22441
47450 0 22441
47460 0 22441
47470 0 22441
47480 0 22441
47490 0 22441
47500 0 22441
47510 0 22441
47520 0 22441
47530 0 22441
47540 0 22441
47550 0 22441
47560 0 22441
47570 0 22441
47580 0 22441
47590 0 22441
47600 0 22441
47610 0 22441
47620 0 22441
47630 0 22441
47640 0 22441
47650 0 22441
47660 0 22441
47670 0 22441
47680 0 22441
47690 0 22441
47700 0 22441
47710 0 22441
47720 5.6 22497
47730 3.9 22536
47740 3.5 22571
47750 8.8 22659
47760 0 22659
47770 2.3 22682
47780 10.6 22788
47790 8.4 22872
47800 13.4 23006
47810 10.8 23114
47820 6.1 23175
47830 13.3 23308
47840 12.3 23431
47850 3 23461
47860 16.3 23624
47870 11.6 23740
47880 13.7 23877
47890 8.5 23962
47900 10.3 24065
47910 8.3 24148
47920 15.5 24303
47930 6 24363
47940 10.1 24464
47950 8.1 24545
47960 11.8 24663
47970 8.5 24748
47980 7.6 24824
47990 11.9 24943
48000 5.9 25002
48010 7.5 25077
48020 11.5 25192
48030 7.8 25270
48040 7.4 25344
48050 11.6 25460
48060 9.1 25551
48070 6.3 25614
48080 5.6 25670
48090 3.2 25702
48100 1.8 25720
48110 4 25760
48120 0 25760
48130 5.3 25813
48140 3.7 25850
48150 1.6 25866
48160 2.2 25888
48170 2.8 25916
48180 3.9 25955
48190 0 25955
48200 1.5 25970
48210 4 26010
48220 7 26080
48230 0.9 26089
48240 0 26089
48250 0 26089
48260 4.1 26130
48270 4.1 26171
48280 1.1 26182
48290 2.9 26211
48300 7 26281
48310 0.4 26285
48320 0.5 26290
48330 0.5 26295
48340 5.5 26350
48350 2.2 26372
48360 2.3 26395
48370 11 26505
48380 0.4 26509
48390 0 26509
48400 4.3 26552
48410 0 26552
48420 5.2 26604
48430 2.3 26627
48440 2.5 26652
48450 1.4 26666
48460 0 26666
48470 2.1 26687
48480 0 26687
48490 0 26687
48500 9.2 26779
48510 3.6 26815
48520 0 26815
48530 0 26815
48540 3.3 26848
48550 0.9 26857
48560 0 26857
48570 5.3 26910
48580 0 26910
48590 0 26910
48600 3.2 26942
48610 2 26962
48620 0 26962
48630 0 26962
48640 0.3 26965
48650 0 26965
48660 0 26965
48670 0 26965
48680 0 26965
48690 0 26965
48700 0 26965
48710 0 26965
48720 0 26965
48730 0 26965
48740 0 26965
48750 0 26965
48760 0 26965
48770 0 26965
48780 0 26965
48790 0 26965
48800 0 26965
48810 0 26965
48820 0 26965
48830 0 26965
48840 0 26965
48850 0 26965
48860 0 26965
48870 0 26965
48880 0 26965
48890 0 26965
48900 0 26965
48910 0 26965
48920 0 26965
48930 0 26965
48940 0 26965
48950 0 26965
48960 0 26965
48970 0 26965
48980 0 26965
48990 0 26965
49000 0 26965
49010 0 26965
49020 0 26965
49030 0 26965
49040 0 26965
49050 0 26965
49060 0 26965
49070 0 26965
49080 0 26965
49090 0 26965
49100 0 26965
49110 0 26965
49120 0 26965
49130 0 26965
49140 0 26965
49150 0 26965
49160 0 26965
49170 0 26965
49180 0 26965
49190 0 26965
49200 0 26965
49210 0 26965
49220 0 26965
49230 0 26965
49240 0 26965
49250 0 26965
49260 0 26965
49270 0 26965
49280 0 26965
49290 0 26965
49300 0 26965
49310 0 26965
49320 0 26965
49330 0 26965
49340 0 26965
49350 0 26965
49360 0 26965
49370 0 26965
49380 0 26965
49390 0 26965
49400 0 26965
49410 0 26965
49420 0 26965
49430 0 26965
49440 0 26965
49450 0 26965
49460 0 26965
49470 0 26965
49480 0 26965
49490 0.9 26974
49500 7.1 27045
49510 4.1 27086
49520 4.1 27127
49530 5.6 27183
49540 0 27183
49550 1.7 27200
49560 2.4 27224
49570 5.3 27277
49580 8.6 27363
49590 0.7 27370
49600 2.6 27396
49610 0 27396
49620 1.7 27413
49630 0 27413
49640 0 27413
49650 3.3 27446
49660 0 27446
49670 3 27476
49680 7.1 27547
49690 0 27547
49700 0 27547
49710 0.8 27555
49720 0 27555
49730 2.9 27584
49740 0 27584
49750 1.1 27595
49760 1.8 27613
49770 3.8 27651
49780 0.8 27659
49790 1.1 27670
49800 2.4 27694
49810 2.7 27721
49820 1.4 27735
49830 0.8 27743
49840 3.9 27782
49850 1.3 27795
49860 3.5 27830
49870 1.4 27844
49880 1.4 27858
49890 2.4 27882
49900 6.4 27946
49910 0.5 27951
49920 1.9 27970
49930 0.1 27971
49940 2.4 27995
49950 3.7 28032
49960 4.2 28074
49970 5.5 28129
49980 0 28129
49990 6.9 28198
50000 2.7 28225
50010 0 28225
50020 3.5 28260
50030 0 28260
50040 0 28260
50050 3 28290
50060 2.5 28315
50070 4.1 28356
50080 4.2 28398
50090 3.4 28432
50100 3.4 28466
50110 0 28466
50120 1.8 28484
50130 2.2 28506
50140 1.8 28524
50150 4.3 28567
50160 2.6 28593
50170 0.7 28600
50180 1.3 28613
50190 1 28623
50200 2.3 28646
50210 2.6 28672
50220 7.9 28751
50230 0 28751
50240 2.2 28773
50250 5.6 28829
50260 0 28829
50270 0 28829
50280 1.1 28840
50290 0.2 28842
50300 4.9 28891
50310 0 28891
50320 0 28891
50330 3.9 28930
50340 0 28930
50350 0.9 28939
50360 0 28939
50370 2.7 28966
50380 0 28966
50390 4.2 29008
50400 4.6 29054
50410 3.4 29088
50420 3.6 29124
50430 1 29134
50440 0 29134
50450 0 29134
50460 0 29134
50470 0 29134
50480 1.3 29147
50490 6.6 29213
50500 3.7 29250
50510 2.7 29277
50520 3.3 29310
50530 0 29310
50540 4.9 29359
50550 3.4 29393
50560 3.2 29425
50570 4 29465
50580 3.6 29501
50590 2.4 29525
50600 5.9 29584
50610 3.4 29618
50620 3.9 29657
50630 0 29657
50640 0 29657
50650 3.8 29695
50660 3 29725
50670 0 29725
50680 1.4 29739
50690 1.9 29758
50700 5 29808
50710 2 29828
50720 3.7 29865
50730 3.6 29901
50740 5.9 29960
50750 1.5 29975
50760 1.4 29989
50770 6.7 30056
50780 4.8 30104
50790 0 30104
50800 7.3 30177
50810 2.3 30200
50820 1 30210
50830 0.3 30213
50840 7.8 30291
50850 0 30291
50860 0 30291
50870 3.9 30330
50880 4.2 30372
50890 3.7 30409
50900 8.6 30495
50910 0 30495
50920 5.6 30551
50930 3.8 30589
50940 1.8 30607
50950 9.1 30698
50960 3 30728
50970 2.6 30754
50980 0.7 30761
50990 1.2 30773
51000 1.1 30784
51010 1.7 30801
51020 0 30801
51030 0.2 30803
51040 2.2 30825
51050 0 30825
51060 0 30825
51070 0 30825
51080 0 30825
51090 0 30825
51100 0 30825
51110 0 30825
51120 0 30825
51130 0 30825
51140 0 30825
51150 0 30825
51160 0 30825
51170 0 30825
51180 0 30825
51190 0 30825
51200 0 30825
51210 0 30825
51220 0 30825
51230 0 30825
51240 0 30825
51250 0 30825
51260 0 30825
51270 0 30825
51280 0 30825
51290 0 30825
51300 0 30825
51310 0 30825
51320 0 30825
51330 0 30825
51340 0 30825
51350 0 30825
51360 0 30825
51370 0 30825
51380 0 30825
51390 0 30825
51400 0 30825
51410 0 30825
51420 0 30825
51430 0 30825
51440 0 30825
51450 0 30825
51460 0 30825
51470 0 30825
51480 0 30825
51490 0 30825
51500 0 30825
51510 0 30825
51520 0 30825
51530 0 30825
51540 0 30825
51550 0 30825
51560 0 30825
51570 0 30825
51580 0 30825
51590 0 30825
51600 0 30825
51610 0 30825
51620 0 30825
51630 0 30825
51640 0 30825
51650 0 30825
51660 0 30825
51670 0 30825
51680 0 30825
51690 0 30825
51700 0 30825
51710 0 30825
51720 0 30825
51730 0 30825
51740 0 30825
51750 0 30825
51760 0 30825
51770 0 30825
51780 0 30825
51790 0 30825
51800 0 30825
51810 0 30825
51820 0 30825
51830 0 30825
51840 0 30825
51850 0 30825
51860 0 30825
51870 0 30825
51880 0 30825
51890 0 30825
51900 0 30825
51910 0 30825
51920 0 30825
51930 0 30825
51940 0 30825
51950 0 30825
51960 0 30825
51970 0 30825
51980 0 30825
51990 0 30825
52000 0 30825
52010 0 30825
52020 0 30825
52030 0 30825
52040 0 30825
52050 0 30825
52060 0 30825
52070 0 30825
52080 0 30825
52090 0 30825
52100 0 30825
52110 0 30825
52120 0 30825
52130 0 30825
52140 0 30825
52150 0 30825
52160 0 30825
52170 0 30825
52180 0 30825
52190 0 30825
52200 0 30825
52210 0 30825
52220 0 30825
52230 0 30825
52240 0 30825
52250 0 30825
52260 0 30825
52270 0 30825
52280 0 30825
52290 0 30825
52300 0 30825
52310 0 30825
52320 0 30825
52330 0 30825
52340 0 30825
52350 0 30825
52360 0 30825
52370 0 30825
52380 0 30825
52390 0 30825
52400 0 30825
52410 0 30825
52420 0 30825
52430 0 30825
52440 0 30825
52450 0 30825
52460 0 30825
52470 0 30825
52480 0 30825
52490 0 30825
52500 0 30825
52510 0 30825
52520 0 30825
52530 0 30825
52540 0 30825
52550 0 30825
52560 0 30825
52570 0 30825
52580 0 30825
52590 0 30825
52600 0 30825
52610 0 30825
52620 0 30825
52630 0 30825
52640 0 30825
52650 0 30825
52660 0 30825
52670 0 30825
52680 0 30825
52690 0 30825
52700 0 30825
52710 0 30825
52720 0 30825
52730 0 30825
52740 0 30825
52750 0 30825
52760 0 30825
52770 0 30825
52780 0 30825
52790 0 30825
52800 0 30825
52810 0 30825
52820 0 30825
52830 0 30825
52840 0 30825
52850 0 30825
52860 0 30825
52870 0 30825
52880 0 30825
52890 0 30825
52900 0 30825
52910 0 30825
52920 0 30825
52930 0 30825
52940 0 30825
