5090 0.1 1
5100 0.1 2
5110 0 2
5120 0 2
5130 0 2
5140 0 2
5150 0 2
5160 0 2
5170 0 2
5180 0 2
5190 0 2
5200 0 2
5210 0 2
5220 0 2
5230 0 2
5240 0 2
5250 0 2
5260 0 2
5270 0 2
5280 0 2
5290 0 2
5300 0 2
5310 0 2
5320 0 2
5330 0 2
5340 0 2
5350 0 2
5360 0 2
5370 0 2
5380 0 2
5390 0 2
5400 0 2
5410 0 2
5420 0 2
5430 0 2
5440 0 2
5450 0 2
5460 0 2
5470 0 2
5480 0 2
5490 0 2
5500 0 2
5510 0 2
5520 0 2
5530 0 2
5540 0 2
5550 0 2
5560 0 2
5570 0 2
5580 0 2
5590 0 2
5600 0 2
5610 0 2
5620 0 2
5630 0 2
5640 0 2
5650 0 2
5660 0 2
5670 0 2
5680 0 2
5690 0 2
5700 0 2
5710 0 2
5720 0 2
5730 0 2
5740 0 2
5750 0 2
5760 0 2
5770 0 2
5780 0 2
5790 0 2
5800 0 2
5810 0 2
5820 0 2
5830 0 2
5840 0 2
5850 0 2
5860 0 2
5870 0 2
5880 0 2
5890 0 2
5900 0 2
5910 0 2
5920 0 2
5930 0 2
5940 0 2
5950 0 2
5960 0 2
5970 0 2
5980 0 2
5990 0 2
6000 0 2
6010 0 2
6020 0 2
6030 0 2
6040 0 2
6050 0 2
6060 0 2
6070 0 2
6080 0 2
6090 0 2
6100 0 2
6110 0 2
6120 0 2
6130 0 2
6140 0 2
6150 0 2
6160 0 2
6170 0 2
6180 0 2
6190 0 2
6200 0 2
6210 0 2
6220 0 2
6230 0 2
6240 0 2
6250 0 2
6260 0 2
6270 0 2
6280 0 2
6290 0 2
6300 0 2
6310 0 2
6320 0 2
6330 0 2
6340 0 2
6350 0 2
6360 0 2
6370 0 2
6380 0 2
6390 0 2
6400 0 2
6410 0 2
6420 0 2
6430 0 2
6440 0 2
6450 0 2
6460 0 2
6470 0 2
6480 0 2
6490 0 2
6500 0 2
6510 0 2
6520 0 2
6530 0 2
6540 0 2
6550 0 2
6560 0 2
6570 0 2
6580 0 2
6590 0 2
6600 0 2
6610 0 2
6620 0 2
6630 0 2
6640 0 2
6650 0 2
6660 0 2
6670 0 2
6680 0 2
6690 0 2
6700 0 2
6710 0 2
6720 0 2
6730 0 2
6740 0 2
6750 0 2
6760 0 2
6770 0 2
6780 0 2
6790 0 2
6800 0 2
6810 0 2
6820 0 2
6830 0 2
6840 0 2
6850 0 2
6860 0 2
6870 0 2
6880 0 2
6890 0 2
6900 0 2
6910 0 2
6920 0 2
6930 0 2
6940 0 2
6950 0 2
6960 0 2
6970 0 2
6980 0 2
6990 0 2
7000 0 2
7010 0 2
7020 0 2
7030 0 2
7040 0 2
7050 0 2
7060 0 2
7070 0 2
7080 0 2
7090 0 2
7100 0 2
7110 0 2
7120 0 2
7130 0 2
7140 0 2
7150 0 2
7160 0 2
7170 0 2
7180 0 2
7190 0 2
7200 0 2
7210 0 2
7220 0 2
7230 0 2
7240 0 2
7250 0 2
7260 0 2
7270 0 2
7280 0 2
7290 0 2
7300 0 2
7310 0 2
7320 0 2
7330 0 2
7340 0 2
7350 0 2
7360 0 2
7370 0 2
7380 0 2
7390 0 2
7400 0 2
7410 0 2
7420 0 2
7430 0 2
7440 0 2
7450 0 2
7460 0 2
7470 0 2
7480 0 2
7490 0 2
7500 0 2
7510 0 2
7520 0 2
7530 0 2
7540 0 2
7550 0 2
7560 0 2
7570 0 2
7580 0 2
7590 0 2
7600 0 2
7610 0 2
7620 0 2
7630 0 2
7640 0 2
7650 0 2
7660 0 2
7670 0 2
7680 0 2
7690 0 2
7700 0 2
7710 0 2
7720 0 2
7730 0 2
7740 0 2
7750 0 2
7760 0 2
7770 0 2
7780 0 2
7790 0 2
7800 0 2
7810 0 2
7820 0 2
7830 0 2
7840 0 2
7850 0 2
7860 0 2
7870 0 2
7880 0 2
7890 0 2
7900 0 2
7910 0 2
7920 0 2
7930 0 2
7940 0 2
7950 0 2
7960 0 2
7970 0 2
7980 0 2
7990 0 2
8000 0 2
8010 0 2
8020 0 2
8030 0 2
8040 0 2
8050 0 2
8060 0 2
8070 0 2
8080 0 2
8090 0 2
8100 0 2
8110 0 2
8120 0 2
8130 0 2
8140 0 2
8150 0 2
8160 0 2
8170 0 2
8180 0 2
8190 0 2
8200 0 2
8210 0 2
8220 0 2
8230 0 2
8240 0 2
8250 0 2
8260 0 2
8270 0 2
8280 0 2
8290 0 2
8300 0 2
8310 0 2
8320 0 2
8330 0 2
8340 0 2
8350 0 2
8360 0 2
8370 0 2
8380 0 2
8390 0 2
8400 0 2
8410 0 2
8420 0 2
8430 0 2
8440 0 2
8450 0 2
8460 0 2
8470 0 2
8480 0 2
8490 0 2
8500 0 2
8510 0 2
8520 0 2
8530 0 2
8540 0 2
8550 0 2
8560 0 2
8570 0 2
8580 0 2
8590 0 2
8600 0 2
8610 0 2
8620 0 2
8630 0 2
8640 0 2
8650 0 2
8660 0 2
8670 0 2
8680 0 2
8690 0 2
8700 0 2
8710 0 2
8720 0 2
8730 0 2
8740 0 2
8750 0 2
8760 0 2
8770 0 2
8780 0 2
8790 0 2
8800 0 2
8810 0 2
8820 0 2
8830 0 2
8840 0 2
8850 0 2
8860 0 2
8870 0 2
8880 0 2
8890 0 2
8900 0 2
8910 0 2
8920 0 2
8930 0 2
8940 0 2
8950 0 2
8960 0 2
8970 0 2
8980 0 2
8990 0 2
9000 0 2
9010 0 2
9020 0 2
9030 0 2
9040 0 2
9050 0 2
9060 0 2
9070 0 2
9080 0 2
9090 0 2
9100 0 2
9110 0 2
9120 0 2
9130 0 2
9140 0 2
9150 0 2
9160 0 2
9170 0 2
9180 0 2
9190 0 2
9200 0 2
9210 0 2
9220 0 2
9230 0 2
9240 0 2
9250 0 2
9260 0 2
9270 0 2
9280 0 2
9290 0 2
9300 0 2
9310 0 2
9320 0 2
9330 0 2
9340 0 2
9350 0 2
9360 0 2
9370 0 2
9380 0 2
9390 0 2
9400 0 2
9410 0 2
9420 0 2
9430 0 2
9440 0 2
9450 0 2
9460 0 2
9470 0 2
9480 0 2
9490 0 2
9500 0 2
9510 0 2
9520 0 2
9530 0 2
9540 0 2
9550 0 2
9560 0 2
9570 0 2
9580 0 2
9590 0 2
9600 0 2
9610 0 2
9620 0 2
9630 0 2
9640 0 2
9650 0 2
9660 0 2
9670 0 2
9680 0 2
9690 0 2
9700 0 2
9710 0 2
9720 0 2
9730 0 2
9740 0 2
9750 0 2
9760 0 2
9770 0 2
9780 0 2
9790 0 2
9800 0 2
9810 0 2
9820 0 2
9830 0 2
9840 0 2
9850 0 2
9860 0 2
9870 0 2
9880 0 2
9890 0 2
9900 0 2
9910 0 2
9920 0 2
9930 0 2
9940 0 2
9950 0 2
9960 0 2
9970 0 2
9980 0 2
9990 0 2
10000 0 2
10010 0 2
10020 0 2
10030 0 2
10040 0 2
10050 0 2
10060 0 2
10070 0 2
10080 0 2
10090 0 2
10100 0 2
10110 0 2
10120 0 2
10130 0 2
10140 0 2
10150 0 2
10160 0 2
10170 0 2
10180 0 2
10190 0 2
10200 0 2
10210 0 2
10220 0 2
10230 0 2
10240 0 2
10250 0 2
10260 0 2
10270 0 2
10280 0 2
10290 0 2
10300 0 2
10310 0 2
10320 0 2
10330 0 2
10340 0 2
10350 0 2
10360 0 2
10370 0 2
10380 0 2
10390 0 2
10400 0 2
10410 0 2
10420 0 2
10430 0 2
10440 0 2
10450 0 2
10460 0 2
10470 0 2
10480 0 2
10490 0 2
10500 0 2
10510 0 2
10520 0 2
10530 0 2
10540 0 2
10550 0 2
10560 0 2
10570 0.4 6
10580 0.6 12
10590 0 12
10600 0 12
10610 0 12
10620 0 12
10630 0 12
10640 0 12
10650 0 12
10660 0 12
10670 0 12
10680 0 12
10690 0 12
10700 0 12
10710 0 12
10720 0 12
10730 0 12
10740 0 12
10750 0 12
10760 0 12
10770 0 12
10780 0 12
10790 0 12
10800 0 12
10810 0 12
10820 0 12
10830 0 12
10840 0 12
10850 0 12
10860 0 12
10870 0 12
10880 0 12
10890 0 12
10900 0 12
10910 0 12
10920 0 12
10930 0 12
10940 0 12
10950 0 12
10960 0 12
10970 0 12
10980 0 12
10990 0 12
11000 0 12
11010 0 12
11020 0 12
11030 0 12
11040 0 12
11050 0 12
11060 0 12
11070 0 12
11080 0 12
11090 0 12
11100 0 12
11110 0 12
11120 0 12
11130 0 12
11140 0 12
11150 0 12
11160 0 12
11170 0 12
11180 0 12
11190 0 12
11200 0 12
11210 0 12
11220 0 12
11230 0 12
11240 0 12
11250 0 12
11260 0 12
11270 0 12
11280 0 12
11290 0 12
11300 0 12
11310 0 12
11320 0 12
11330 0 12
11340 0 12
11350 0 12
11360 0 12
11370 0 12
11380 0 12
11390 0 12
11400 0 12
11410 0 12
11420 0 12
11430 0 12
11440 0 12
11450 0 12
11460 0 12
11470 0 12
11480 0 12
11490 0 12
11500 0 12
11510 0 12
11520 0 12
11530 0 12
11540 0 12
11550 0 12
11560 0 12
11570 0 12
11580 0 12
11590 0 12
11600 0 12
11610 0 12
11620 0 12
11630 0 12
11640 0 12
11650 0 12
11660 0 12
11670 0 12
11680 0 12
11690 0 12
11700 0 12
11710 0 12
11720 0 12
11730 0 12
11740 0 12
11750 0 12
11760 0 12
11770 0 12
11780 0 12
11790 0 12
11800 0 12
11810 0 12
11820 0 12
11830 0 12
11840 0 12
11850 0 12
11860 0 12
11870 0 12
11880 0 12
11890 0 12
11900 0 12
11910 0 12
11920 0 12
11930 0 12
11940 0 12
11950 0 12
11960 0 12
11970 0 12
11980 0 12
11990 0 12
12000 0 12
12010 0 12
12020 0 12
12030 0 12
12040 0 12
12050 0 12
12060 0 12
12070 0 12
12080 0 12
12090 0 12
12100 0 12
12110 0 12
12120 0 12
12130 0 12
12140 0 12
12150 0 12
12160 0 12
12170 0 12
12180 0 12
12190 0 12
12200 0 12
12210 0 12
12220 0 12
12230 0 12
12240 0 12
12250 0 12
12260 0 12
12270 0 12
12280 0 12
12290 0 12
12300 0 12
12310 0 12
12320 0 12
12330 0 12
12340 0 12
12350 0 12
12360 0 12
12370 0 12
12380 0 12
12390 0 12
12400 0 12
12410 0 12
12420 0 12
12430 0 12
12440 0 12
12450 0 12
12460 0 12
12470 0 12
12480 0 12
12490 0 12
12500 0 12
12510 0 12
12520 0 12
12530 0 12
12540 0 12
12550 0 12
12560 0 12
12570 0 12
12580 0 12
12590 0 12
12600 0 12
12610 0 12
12620 0 12
12630 0 12
12640 0 12
12650 0 12
12660 0 12
12670 0 12
12680 0 12
12690 0 12
12700 0 12
12710 0 12
12720 0 12
12730 0 12
12740 0 12
12750 0 12
12760 0 12
12770 0 12
12780 0 12
12790 0 12
12800 0 12
12810 0 12
12820 0 12
12830 0 12
12840 0 12
12850 0 12
12860 0 12
12870 0 12
12880 0 12
12890 0 12
12900 0 12
12910 0 12
12920 0 12
12930 0 12
12940 0 12
12950 0 12
12960 0 12
12970 0 12
12980 0 12
12990 0 12
13000 0 12
13010 0 12
13020 0 12
13030 0 12
13040 0 12
13050 0 12
13060 0 12
13070 0 12
13080 0 12
13090 0 12
13100 0 12
13110 0 12
13120 0 12
13130 0 12
13140 0 12
13150 0 12
13160 0 12
13170 0 12
13180 0 12
13190 0 12
13200 0 12
13210 0 12
13220 0 12
13230 0 12
13240 0 12
13250 0 12
13260 0 12
13270 0 12
13280 0 12
13290 0 12
13300 0 12
13310 0 12
13320 0 12
13330 0 12
13340 0 12
13350 0 12
13360 0 12
13370 0 12
13380 0 12
13390 0 12
13400 0 12
13410 0 12
13420 0 12
13430 0 12
13440 0 12
13450 0 12
13460 0 12
13470 0 12
13480 0 12
13490 0 12
13500 0 12
13510 0 12
13520 0 12
13530 0 12
13540 0 12
13550 0 12
13560 0 12
13570 0 12
13580 0 12
13590 0 12
13600 0 12
13610 0 12
13620 0 12
13630 0 12
13640 0 12
13650 0 12
13660 0 12
13670 0 12
13680 0 12
13690 0 12
13700 0 12
13710 0 12
13720 0 12
13730 0 12
13740 0 12
13750 0 12
13760 0 12
13770 0 12
13780 0 12
13790 0 12
13800 0 12
13810 0 12
13820 0 12
13830 0 12
13840 0 12
13850 0 12
13860 0 12
13870 0 12
13880 0 12
13890 0 12
13900 0 12
13910 0 12
13920 0 12
13930 0 12
13940 0 12
13950 0 12
13960 0 12
13970 0 12
13980 0 12
13990 0 12
14000 0 12
14010 0 12
14020 0 12
14030 0 12
14040 0 12
14050 0 12
14060 0 12
14070 0 12
14080 0 12
14090 0 12
14100 0 12
14110 0 12
14120 0 12
14130 0 12
14140 0 12
14150 0 12
14160 0 12
14170 0 12
14180 0 12
14190 0 12
14200 0 12
14210 0 12
14220 0 12
14230 0 12
14240 0 12
14250 0 12
14260 0 12
14270 0 12
14280 0 12
14290 0 12
14300 0 12
14310 0 12
14320 0 12
14330 0 12
14340 0 12
14350 0 12
14360 0 12
14370 0 12
14380 0 12
14390 0 12
14400 0 12
14410 0 12
14420 0 12
14430 0 12
14440 0 12
14450 0 12
14460 0 12
14470 0 12
14480 0 12
14490 0 12
14500 0 12
14510 0 12
14520 0 12
14530 0 12
14540 0 12
14550 0 12
14560 0 12
14570 0 12
14580 0 12
14590 0 12
14600 0 12
14610 0 12
14620 0 12
14630 0 12
14640 0 12
14650 0 12
14660 0 12
14670 0 12
14680 0 12
14690 0 12
14700 0 12
14710 0 12
14720 0 12
14730 0 12
14740 0 12
14750 0 12
14760 0 12
14770 0 12
14780 0 12
14790 0 12
14800 0 12
14810 0 12
14820 0 12
14830 0 12
14840 0 12
14850 0 12
14860 0 12
14870 0 12
14880 0 12
14890 0 12
14900 0 12
14910 0 12
14920 0 12
14930 0 12
14940 0 12
14950 0 12
14960 0 12
14970 0 12
14980 0 12
14990 0 12
15000 0 12
15010 0 12
15020 0 12
15030 0 12
15040 0 12
15050 0 12
15060 0 12
15070 0 12
15080 0 12
15090 0 12
15100 0 12
15110 0 12
15120 0 12
15130 0 12
15140 0 12
15150 0 12
15160 0 12
15170 0 12
15180 0 12
15190 0 12
15200 0 12
15210 0 12
15220 0 12
15230 0 12
15240 0 12
15250 0 12
15260 0 12
15270 0 12
15280 0 12
15290 0 12
15300 0 12
15310 0 12
15320 0 12
15330 0 12
15340 0 12
15350 0 12
15360 0 12
15370 0 12
15380 0 12
15390 0 12
15400 0 12
15410 0 12
15420 0 12
15430 0 12
15440 0 12
15450 0 12
15460 0 12
15470 0 12
15480 0 12
15490 0 12
15500 0 12
15510 0 12
15520 0 12
15530 0 12
15540 0 12
15550 0 12
15560 0 12
15570 0 12
15580 0 12
15590 0 12
15600 0 12
15610 0 12
15620 0 12
15630 0 12
15640 0 12
15650 0 12
15660 0 12
15670 0 12
15680 0 12
15690 0 12
15700 0 12
15710 0 12
15720 0 12
15730 0 12
15740 0 12
15750 0 12
15760 0 12
15770 0 12
15780 0 12
15790 0 12
15800 0 12
15810 0 12
15820 0 12
15830 0 12
15840 0 12
15850 0 12
15860 0 12
15870 0 12
15880 0 12
15890 0 12
15900 0 12
15910 0 12
15920 0 12
15930 0 12
15940 0 12
15950 0 12
15960 0 12
15970 0 12
15980 0 12
15990 0 12
16000 0 12
16010 0 12
16020 0 12
16030 0 12
16040 0 12
16050 0 12
16060 0 12
16070 0 12
16080 0 12
16090 0 12
16100 0 12
16110 0 12
16120 0 12
16130 0 12
16140 0 12
16150 0 12
16160 0 12
16170 0 12
16180 0 12
16190 0 12
16200 0 12
16210 0 12
16220 0 12
16230 0 12
16240 0 12
16250 0 12
16260 0 12
16270 0 12
16280 0 12
16290 0 12
16300 0 12
16310 0 12
16320 0 12
16330 0 12
16340 0 12
16350 0 12
16360 0 12
16370 0 12
16380 0 12
16390 0 12
16400 0 12
16410 0 12
16420 0 12
16430 0 12
16440 0 12
16450 0 12
16460 0 12
16470 0 12
16480 0 12
16490 0 12
16500 0 12
16510 0 12
16520 0 12
16530 0 12
16540 0 12
16550 0 12
16560 0 12
16570 0 12
16580 0 12
16590 0 12
16600 0 12
16610 0 12
16620 0 12
16630 0 12
16640 0 12
16650 0 12
16660 0 12
16670 0 12
16680 0 12
16690 0 12
16700 0 12
16710 0 12
16720 0 12
16730 0 12
16740 0 12
16750 0 12
16760 0 12
16770 0 12
16780 0 12
16790 0 12
16800 0 12
16810 0 12
16820 0 12
16830 0 12
16840 0 12
16850 0 12
16860 0 12
16870 0 12
16880 0 12
16890 0 12
16900 0 12
16910 0 12
16920 0 12
16930 0 12
16940 0 12
16950 0 12
16960 0 12
16970 0 12
16980 0 12
16990 0 12
17000 0 12
17010 0 12
17020 0 12
17030 0 12
17040 0 12
17050 0 12
17060 0 12
17070 0 12
17080 0 12
17090 0 12
17100 0 12
17110 0 12
17120 0 12
17130 0 12
17140 0 12
17150 0 12
17160 0 12
17170 0 12
17180 0 12
17190 0 12
17200 0 12
17210 0 12
17220 0 12
17230 0 12
17240 0 12
17250 0 12
17260 0 12
17270 0 12
17280 0 12
17290 0 12
17300 0 12
17310 0 12
17320 0 12
17330 0 12
17340 0 12
17350 0 12
17360 0 12
17370 0 12
17380 0 12
17390 0 12
17400 0 12
17410 0 12
17420 0 12
17430 0 12
17440 0 12
17450 0 12
17460 0 12
17470 0 12
17480 0 12
17490 0 12
17500 0 12
17510 0 12
17520 0 12
17530 0 12
17540 0 12
17550 0 12
17560 0 12
17570 0 12
17580 0 12
17590 0 12
17600 0 12
17610 0 12
17620 0 12
17630 0 12
17640 0 12
17650 0 12
17660 0 12
17670 0 12
17680 0 12
17690 0 12
17700 0 12
17710 0 12
17720 0 12
17730 0 12
17740 0 12
17750 0 12
17760 0 12
17770 0 12
17780 0 12
17790 0 12
17800 0 12
17810 0 12
17820 0 12
17830 0 12
17840 0 12
17850 0 12
17860 0 12
17870 0 12
17880 0 12
17890 0 12
17900 0 12
17910 0 12
17920 0 12
17930 0 12
17940 0 12
17950 0 12
17960 0 12
17970 0 12
17980 0 12
17990 0 12
18000 0 12
18010 0 12
18020 0 12
18030 0 12
18040 0 12
18050 0 12
18060 0 12
18070 0 12
18080 0 12
18090 0 12
18100 0 12
18110 0 12
18120 0 12
18130 0 12
18140 0 12
18150 0 12
18160 0 12
18170 0 12
18180 0 12
18190 0 12
18200 0 12
18210 0 12
18220 0 12
18230 0 12
18240 0 12
18250 0 12
18260 0 12
18270 0 12
18280 0 12
18290 0 12
18300 0 12
18310 0 12
18320 0 12
18330 0 12
18340 0 12
18350 0 12
18360 0 12
18370 0 12
18380 0 12
18390 0 12
18400 0 12
18410 0 12
18420 0 12
18430 0 12
18440 0 12
18450 0 12
18460 0 12
18470 0 12
18480 0 12
18490 0 12
18500 0 12
18510 0 12
18520 0 12
18530 0 12
18540 0 12
18550 0 12
18560 0 12
18570 0 12
18580 0 12
18590 0 12
18600 0 12
18610 0 12
18620 0 12
18630 0 12
18640 0 12
18650 0 12
18660 0 12
18670 0 12
18680 0 12
18690 0 12
18700 0 12
18710 0 12
18720 0 12
18730 0 12
18740 0 12
18750 0 12
18760 0 12
18770 0 12
18780 0 12
18790 0 12
18800 0 12
18810 0 12
18820 0 12
18830 0 12
18840 0 12
18850 0 12
18860 0 12
18870 0 12
18880 0 12
18890 0 12
18900 0 12
18910 0 12
18920 0 12
18930 0 12
18940 0 12
18950 0 12
18960 0 12
18970 0 12
18980 0 12
18990 0 12
19000 0 12
19010 0 12
19020 0 12
19030 0 12
19040 0 12
19050 0 12
19060 0 12
19070 0 12
19080 0 12
19090 0 12
19100 0 12
19110 0 12
19120 0 12
19130 0 12
19140 0 12
19150 0 12
19160 0 12
19170 0 12
19180 0 12
19190 0 12
19200 0 12
19210 0 12
19220 0 12
19230 0 12
19240 0 12
19250 0 12
19260 0 12
19270 0 12
19280 0 12
19290 0 12
19300 0 12
19310 0 12
19320 0 12
19330 0 12
19340 0 12
19350 0 12
19360 0 12
19370 0 12
19380 0 12
19390 0 12
19400 0 12
19410 0 12
19420 0 12
19430 0 12
19440 0 12
19450 0 12
19460 0 12
19470 0 12
19480 0 12
19490 0 12
19500 0 12
19510 0 12
19520 0 12
19530 0 12
19540 0 12
19550 0 12
19560 0 12
19570 0 12
19580 0 12
19590 0 12
19600 0 12
19610 0 12
19620 0 12
19630 0 12
19640 0 12
19650 0 12
19660 0 12
19670 0 12
19680 0 12
19690 0 12
19700 0 12
19710 0 12
19720 0 12
19730 0 12
19740 0 12
19750 0 12
19760 0 12
19770 0 12
19780 0 12
19790 0 12
19800 0 12
19810 0 12
19820 0 12
19830 0 12
19840 0 12
19850 0 12
19860 0 12
19870 0 12
19880 0 12
19890 0 12
19900 0 12
19910 0 12
19920 0 12
19930 0 12
19940 0 12
19950 0 12
19960 0 12
19970 0 12
19980 0 12
19990 0 12
20000 0 12
20010 0 12
20020 0 12
20030 0 12
20040 0 12
20050 0 12
20060 0 12
20070 0 12
20080 0 12
20090 0 12
20100 0 12
20110 0 12
20120 0 12
20130 0 12
20140 0 12
20150 0 12
20160 0 12
20170 0 12
20180 0 12
20190 0 12
20200 0 12
20210 0 12
20220 0 12
20230 0 12
20240 0 12
20250 0 12
20260 0 12
20270 0 12
20280 0 12
20290 0 12
20300 0 12
20310 0 12
20320 0 12
20330 0 12
20340 0 12
20350 0 12
20360 0 12
20370 0 12
20380 0 12
20390 0 12
20400 0 12
20410 0 12
20420 0 12
20430 0 12
20440 0 12
20450 0 12
20460 0 12
20470 0 12
20480 0 12
20490 0 12
20500 0 12
20510 0 12
20520 0 12
20530 0 12
20540 0 12
20550 0 12
20560 0 12
20570 0 12
20580 0 12
20590 0 12
20600 0 12
20610 0 12
20620 0 12
20630 0 12
20640 0 12
20650 0 12
20660 0 12
20670 0 12
20680 0 12
20690 0 12
20700 0 12
20710 0 12
20720 0 12
20730 0 12
20740 0 12
20750 0 12
20760 0 12
20770 0 12
20780 0 12
20790 0 12
20800 0 12
20810 0 12
20820 0 12
20830 0 12
20840 0 12
20850 0 12
20860 0 12
20870 0 12
20880 0 12
20890 0 12
20900 0 12
20910 0 12
20920 0 12
20930 0 12
20940 0 12
20950 0 12
20960 0 12
20970 0 12
20980 0 12
20990 0 12
21000 0 12
21010 0 12
21020 0 12
21030 0 12
21040 0 12
21050 0 12
21060 0 12
21070 0 12
21080 0 12
21090 0 12
21100 0 12
21110 0 12
21120 0 12
21130 0 12
21140 0 12
21150 0 12
21160 0 12
21170 0 12
21180 0 12
21190 0 12
21200 0 12
21210 0 12
21220 0 12
21230 0 12
21240 0 12
21250 0 12
21260 0 12
21270 0 12
21280 0 12
21290 0 12
21300 0 12
21310 0 12
21320 0 12
21330 0 12
21340 0 12
21350 0 12
21360 0 12
21370 0 12
21380 0 12
21390 0 12
21400 0 12
21410 0 12
21420 0 12
21430 0 12
21440 0 12
21450 0 12
21460 0 12
21470 0 12
21480 0 12
21490 0 12
21500 0 12
21510 0 12
21520 0 12
21530 0 12
21540 0 12
21550 0 12
21560 0 12
21570 0 12
21580 0 12
21590 0 12
21600 0 12
21610 0 12
21620 0 12
21630 0 12
21640 0 12
21650 0 12
21660 0 12
21670 0 12
21680 0 12
21690 0 12
21700 0 12
21710 0 12
21720 0 12
21730 0 12
21740 0 12
21750 0 12
21760 0 12
21770 0 12
21780 0 12
21790 0 12
21800 0 12
21810 0 12
21820 0 12
21830 0 12
21840 0 12
21850 0 12
21860 0 12
21870 0 12
21880 0 12
21890 0 12
21900 0 12
21910 0 12
21920 0 12
21930 0 12
21940 0 12
21950 0 12
21960 0 12
21970 0 12
21980 0 12
21990 0 12
22000 0 12
22010 0 12
22020 0 12
22030 0 12
22040 0 12
22050 0 12
22060 0 12
22070 0 12
22080 0 12
22090 0 12
22100 0 12
22110 0 12
22120 0 12
22130 0 12
22140 0 12
22150 0 12
22160 0 12
22170 0 12
22180 0 12
22190 0 12
22200 0 12
22210 0 12
22220 0 12
22230 0 12
22240 0 12
22250 0 12
22260 0 12
22270 0 12
22280 0 12
22290 0 12
22300 0 12
22310 0 12
22320 0 12
22330 0 12
22340 0 12
22350 0 12
22360 0 12
22370 0 12
22380 0 12
22390 0 12
22400 0 12
22410 0 12
22420 0 12
22430 0 12
22440 0 12
22450 0 12
22460 0 12
22470 0 12
22480 0 12
22490 0 12
22500 0 12
22510 0 12
22520 0 12
22530 0 12
22540 0 12
22550 0 12
22560 0 12
22570 0 12
22580 0 12
22590 0 12
22600 0 12
22610 0 12
22620 0 12
22630 0 12
22640 0 12
22650 0 12
22660 0 12
22670 0 12
22680 0 12
22690 0 12
22700 0 12
22710 0 12
22720 0 12
22730 0 12
22740 0 12
22750 0 12
22760 0 12
22770 0 12
22780 0 12
22790 0 12
22800 0 12
22810 0 12
22820 0 12
22830 0 12
22840 0 12
22850 0 12
22860 0 12
22870 0 12
22880 0 12
22890 0 12
22900 0 12
22910 0 12
22920 0 12
22930 0 12
22940 0 12
22950 0 12
22960 0 12
22970 0 12
22980 0 12
22990 0 12
23000 0 12
23010 0 12
23020 0 12
23030 0 12
23040 0 12
23050 0 12
23060 0 12
23070 0 12
23080 0 12
23090 0 12
23100 0 12
23110 0 12
23120 0 12
23130 0 12
23140 0 12
23150 0 12
23160 0 12
23170 0 12
23180 0 12
23190 0 12
23200 0 12
23210 0 12
23220 0 12
23230 0 12
23240 0 12
23250 0 12
23260 0 12
23270 0 12
23280 0 12
23290 0 12
23300 0 12
23310 0 12
23320 0 12
23330 0 12
23340 0 12
23350 0 12
23360 0 12
23370 0 12
23380 0 12
23390 0 12
23400 0 12
23410 0 12
23420 0 12
23430 0 12
23440 0 12
23450 0 12
23460 0 12
23470 0 12
23480 0 12
23490 0 12
23500 0 12
23510 0 12
23520 0 12
23530 0 12
23540 0 12
23550 0 12
23560 0 12
23570 0 12
23580 0 12
23590 0 12
23600 0 12
23610 0 12
23620 0 12
23630 0 12
23640 0 12
23650 0 12
23660 0 12
23670 0 12
23680 0 12
23690 0 12
23700 0 12
23710 0 12
23720 0 12
23730 0 12
23740 0 12
23750 0 12
23760 0 12
23770 0 12
23780 0 12
23790 0 12
23800 0 12
23810 0 12
23820 0 12
23830 0 12
23840 0 12
23850 0 12
23860 0 12
23870 0 12
23880 0 12
23890 0 12
23900 0 12
23910 0 12
23920 0 12
23930 0 12
23940 0 12
23950 0 12
23960 0 12
23970 0 12
23980 0 12
23990 0 12
24000 0 12
24010 0 12
24020 0 12
24030 0 12
24040 0 12
24050 0 12
24060 0 12
24070 0 12
24080 0 12
24090 0 12
24100 0 12
24110 0 12
24120 0 12
24130 0 12
24140 0 12
24150 0 12
24160 0 12
24170 0 12
24180 0 12
24190 0 12
24200 0 12
24210 0 12
24220 0 12
24230 0 12
24240 0 12
24250 0 12
24260 0 12
24270 0 12
24280 0 12
24290 0 12
24300 0 12
24310 0 12
24320 0 12
24330 0 12
24340 0 12
24350 0 12
24360 0 12
24370 0 12
24380 0 12
24390 0 12
24400 0 12
24410 0 12
24420 0 12
24430 0 12
24440 0 12
24450 0 12
24460 0 12
24470 0 12
24480 0 12
24490 0 12
24500 0 12
24510 0 12
24520 0 12
24530 0 12
24540 0 12
24550 0 12
24560 0 12
24570 0 12
24580 0 12
24590 0 12
24600 0 12
24610 0 12
24620 0 12
24630 0 12
24640 0 12
24650 0 12
24660 0 12
24670 0 12
24680 0 12
24690 0 12
24700 0 12
24710 0 12
24720 0 12
24730 0 12
24740 0 12
24750 0 12
24760 0 12
24770 0 12
24780 0 12
24790 0 12
24800 0 12
24810 0 12
24820 0 12
24830 0 12
24840 0 12
24850 0 12
24860 0 12
24870 0 12
24880 0 12
24890 0 12
24900 0 12
24910 0 12
24920 0 12
24930 0 12
24940 0 12
24950 0 12
24960 0 12
24970 0 12
24980 0 12
24990 0 12
25000 0 12
25010 0 12
25020 0 12
25030 0 12
25040 0 12
25050 0 12
25060 0 12
25070 0 12
25080 0 12
25090 0 12
25100 0 12
25110 0 12
25120 0 12
25130 0 12
25140 0 12
25150 0 12
25160 0 12
25170 0 12
25180 0 12
25190 0 12
25200 0 12
25210 0 12
25220 0 12
25230 0 12
25240 0 12
25250 0 12
25260 0 12
25270 0 12
25280 0 12
25290 0 12
25300 0 12
25310 0 12
25320 0 12
25330 0 12
25340 0 12
25350 0 12
25360 0 12
25370 0 12
25380 0 12
25390 0 12
25400 0 12
25410 0 12
25420 0 12
25430 0 12
25440 0 12
25450 0 12
25460 0 12
25470 0 12
25480 0 12
25490 0 12
25500 0 12
25510 0 12
25520 0 12
25530 0 12
25540 0 12
25550 0 12
25560 0 12
25570 0 12
25580 0 12
25590 0 12
25600 0 12
25610 0 12
25620 0 12
25630 0 12
25640 0 12
25650 0 12
25660 0 12
25670 0 12
25680 0 12
25690 0 12
25700 0 12
25710 0 12
25720 0 12
25730 0 12
25740 0 12
25750 0 12
25760 0 12
25770 0 12
25780 0 12
25790 0 12
25800 0 12
25810 0 12
25820 0 12
25830 0 12
25840 0 12
25850 0 12
25860 0 12
25870 0 12
25880 0 12
25890 0 12
25900 0 12
25910 0 12
25920 0 12
25930 0 12
25940 0 12
25950 0 12
25960 0 12
25970 0 12
25980 0 12
25990 0 12
26000 0 12
26010 0 12
26020 0 12
26030 0 12
26040 0 12
26050 0 12
26060 0 12
26070 0 12
26080 0 12
26090 0 12
26100 0 12
26110 0 12
26120 0 12
26130 0 12
26140 0 12
26150 0 12
26160 0 12
26170 0 12
26180 0 12
26190 0 12
26200 0 12
26210 0 12
26220 0 12
26230 0 12
26240 0 12
26250 0 12
26260 0 12
26270 0 12
26280 0 12
26290 0 12
26300 0 12
26310 0 12
26320 0 12
26330 0 12
26340 0 12
26350 0 12
26360 0 12
26370 0 12
26380 0 12
26390 0 12
26400 0 12
26410 0 12
26420 0 12
26430 0 12
26440 0 12
26450 0 12
26460 0 12
26470 0 12
26480 0 12
26490 0 12
26500 0 12
26510 0 12
26520 0 12
26530 0 12
26540 0 12
26550 0 12
26560 0 12
26570 0 12
26580 0 12
26590 0 12
26600 0 12
26610 0 12
26620 0 12
26630 0 12
26640 0 12
26650 0 12
26660 0 12
26670 0 12
26680 0 12
26690 0 12
26700 0 12
26710 0 12
26720 0 12
26730 0 12
26740 0 12
26750 0 12
26760 0 12
26770 0 12
26780 0 12
26790 0 12
26800 0 12
26810 0 12
26820 0 12
26830 0 12
26840 0 12
26850 0 12
26860 0 12
26870 0 12
26880 0 12
26890 0 12
26900 0 12
26910 0 12
26920 0 12
26930 0 12
26940 0 12
26950 0 12
26960 0 12
26970 0 12
26980 0 12
26990 0 12
27000 0 12
27010 0 12
27020 0 12
27030 0 12
27040 0 12
27050 0 12
27060 0 12
27070 0 12
27080 0 12
27090 0 12
27100 0 12
27110 0 12
27120 0 12
27130 0 12
27140 0 12
27150 0 12
27160 0 12
27170 0 12
27180 0 12
27190 0 12
27200 0 12
27210 0 12
27220 0 12
27230 0 12
27240 0 12
27250 0 12
27260 0 12
27270 0 12
27280 0 12
27290 0 12
27300 0 12
27310 0 12
27320 0 12
27330 0 12
27340 0 12
27350 0 12
27360 0 12
27370 0 12
27380 0 12
27390 0 12
27400 0 12
27410 0 12
27420 0 12
27430 0 12
27440 0 12
27450 0 12
27460 0 12
27470 0 12
27480 0 12
27490 0 12
27500 0 12
27510 0 12
27520 0 12
27530 0 12
27540 0 12
27550 0 12
27560 0 12
27570 0 12
27580 0 12
27590 0 12
27600 0 12
27610 0 12
27620 0 12
27630 0 12
27640 0 12
27650 0 12
27660 0 12
27670 0 12
27680 0 12
27690 0 12
27700 0 12
27710 0 12
27720 0 12
27730 0 12
27740 0 12
27750 0 12
27760 0 12
27770 0 12
27780 0 12
27790 0 12
27800 0 12
27810 0 12
27820 0 12
27830 0 12
27840 0 12
27850 0 12
27860 0 12
27870 0 12
27880 0 12
27890 0 12
27900 0 12
27910 0 12
27920 0 12
27930 0 12
27940 0 12
27950 0 12
27960 0 12
27970 0 12
27980 0 12
27990 0 12
28000 0 12
28010 0 12
28020 0 12
28030 0 12
28040 0 12
28050 0 12
28060 0 12
28070 0 12
28080 0 12
28090 0 12
28100 0 12
28110 0 12
28120 0 12
28130 0 12
28140 0 12
28150 0 12
28160 0 12
28170 0 12
28180 0 12
28190 0 12
28200 0 12
28210 0 12
28220 0 12
28230 0 12
28240 0 12
28250 0 12
28260 0 12
28270 0 12
28280 0 12
28290 0 12
28300 0 12
28310 0 12
28320 0 12
28330 0 12
28340 0 12
28350 0 12
28360 0 12
28370 0 12
28380 0 12
28390 0 12
28400 0 12
28410 0 12
28420 0 12
28430 0 12
28440 0 12
28450 0 12
28460 0 12
28470 0 12
28480 0 12
28490 0 12
28500 0 12
28510 0 12
28520 0 12
28530 0 12
28540 0 12
28550 0 12
28560 0 12
28570 0 12
28580 0 12
28590 0 12
28600 0 12
28610 0 12
28620 0 12
28630 0 12
28640 0 12
28650 0 12
28660 0 12
28670 0 12
28680 0 12
28690 0 12
28700 0 12
28710 0 12
28720 0 12
28730 0 12
28740 0 12
28750 0 12
28760 0 12
28770 0 12
28780 0 12
28790 0 12
28800 0 12
28810 0 12
28820 0 12
28830 0 12
28840 0 12
28850 0 12
28860 0 12
28870 0 12
28880 0 12
28890 0 12
28900 0 12
28910 0 12
28920 0 12
28930 0 12
28940 0 12
28950 0 12
28960 0 12
28970 0 12
28980 0 12
28990 0 12
29000 0 12
29010 0 12
29020 0 12
29030 0 12
29040 0 12
29050 0 12
29060 0 12
29070 0 12
29080 0 12
29090 0 12
29100 0 12
29110 0 12
29120 0 12
29130 0 12
29140 0 12
29150 0 12
29160 0 12
29170 0 12
29180 0 12
29190 0 12
29200 0 12
29210 0 12
29220 0 12
29230 0 12
29240 0 12
29250 0 12
29260 0 12
29270 0 12
29280 0 12
29290 0 12
29300 0 12
29310 0 12
29320 0 12
29330 0 12
29340 0 12
29350 0 12
29360 0 12
29370 0 12
29380 0 12
29390 0 12
29400 0 12
29410 0 12
29420 0 12
29430 0 12
29440 0 12
29450 0 12
29460 0 12
29470 0 12
29480 0 12
29490 0 12
29500 0 12
29510 0 12
29520 0 12
29530 0 12
29540 0 12
29550 0 12
29560 0 12
29570 0 12
29580 0 12
29590 0 12
29600 0 12
29610 0 12
29620 0 12
29630 0 12
29640 0 12
29650 0 12
29660 0 12
29670 0 12
29680 0 12
29690 0 12
29700 0 12
29710 0 12
29720 0 12
29730 0 12
29740 0 12
29750 0 12
29760 0 12
29770 0 12
29780 0 12
29790 0 12
29800 0 12
29810 0 12
29820 0 12
29830 0 12
29840 0 12
29850 0 12
29860 0 12
29870 0 12
29880 0 12
29890 0 12
29900 0 12
29910 0 12
29920 0 12
29930 0 12
29940 0 12
29950 0 12
29960 0 12
29970 0 12
29980 0 12
29990 0 12
30000 0 12
30010 0 12
30020 0 12
30030 0 12
30040 0 12
30050 0 12
30060 0 12
30070 0 12
30080 0 12
30090 0 12
30100 0 12
30110 0 12
30120 0 12
30130 0 12
30140 0 12
30150 0 12
30160 0 12
30170 0 12
30180 0 12
30190 0 12
30200 0 12
30210 0 12
30220 0 12
30230 0 12
30240 0 12
30250 0 12
30260 0 12
30270 0 12
30280 0 12
30290 0 12
30300 0 12
30310 0 12
30320 0 12
30330 0 12
30340 0 12
30350 0 12
30360 0 12
30370 0 12
30380 0 12
30390 0 12
30400 0 12
30410 0 12
30420 0 12
30430 0 12
30440 0 12
30450 0 12
30460 0 12
30470 0 12
30480 0 12
30490 0 12
30500 0 12
30510 0 12
30520 0 12
30530 0 12
30540 0 12
30550 0 12
30560 0 12
30570 0 12
30580 0 12
30590 0 12
30600 0 12
30610 0 12
30620 0 12
30630 0 12
30640 0 12
30650 0 12
30660 0 12
30670 0 12
30680 0 12
30690 0 12
30700 0 12
30710 0 12
30720 0 12
30730 0 12
30740 0 12
30750 0 12
30760 0 12
30770 0 12
30780 0 12
30790 0 12
30800 0 12
30810 0 12
30820 0 12
30830 0 12
30840 0 12
30850 0 12
30860 0 12
30870 0 12
30880 0 12
30890 0 12
30900 0 12
30910 0 12
30920 0 12
30930 0 12
30940 0 12
30950 0 12
30960 0 12
30970 0 12
30980 0 12
30990 0 12
31000 0 12
31010 0 12
31020 0 12
31030 0 12
31040 0 12
31050 0 12
31060 0 12
31070 0 12
31080 0 12
31090 0 12
31100 0 12
31110 0 12
31120 0 12
31130 0 12
31140 0 12
31150 0 12
31160 0 12
31170 0 12
31180 0 12
31190 0 12
31200 0 12
31210 0 12
31220 0 12
31230 0 12
31240 0 12
31250 0 12
31260 0 12
31270 0 12
31280 0 12
31290 0 12
31300 0 12
31310 0 12
31320 0 12
31330 0 12
31340 0 12
31350 0 12
31360 0 12
31370 0 12
31380 0 12
31390 0 12
31400 0 12
31410 0 12
31420 0 12
31430 0 12
31440 0 12
31450 0 12
31460 0 12
31470 0 12
31480 0 12
31490 0 12
31500 0 12
31510 0 12
31520 0 12
31530 0 12
31540 0 12
31550 0 12
31560 0 12
31570 0 12
31580 0 12
31590 0 12
31600 0 12
31610 0 12
31620 0 12
31630 0 12
31640 0 12
31650 0 12
31660 0 12
31670 0 12
31680 0 12
31690 0 12
31700 0 12
31710 0 12
31720 0 12
31730 0 12
31740 0 12
31750 0 12
31760 0 12
31770 0 12
31780 0 12
31790 0 12
31800 0 12
31810 0 12
31820 0 12
31830 0 12
31840 0 12
31850 0 12
31860 0 12
31870 0 12
31880 0 12
31890 0 12
31900 0 12
31910 0 12
31920 0 12
31930 0 12
31940 0 12
31950 0 12
31960 0 12
31970 0 12
31980 0 12
31990 0 12
32000 0 12
32010 0 12
32020 0 12
32030 0 12
32040 0 12
32050 0 12
32060 0 12
32070 0 12
32080 0 12
32090 0 12
32100 0 12
32110 0 12
32120 0 12
32130 0 12
32140 0 12
32150 0 12
32160 0 12
32170 0 12
32180 0 12
32190 0 12
32200 0 12
32210 0 12
32220 0 12
32230 0 12
32240 0 12
32250 0 12
32260 0 12
32270 0 12
32280 0 12
32290 0 12
32300 0 12
32310 0 12
32320 0 12
32330 0 12
32340 0 12
32350 0 12
32360 0 12
32370 0 12
32380 0 12
32390 0 12
32400 0 12
32410 0 12
32420 0 12
32430 0 12
32440 0 12
32450 0 12
32460 0 12
32470 0 12
32480 0 12
32490 0 12
32500 0 12
32510 0 12
32520 0 12
32530 0 12
32540 0 12
32550 0 12
32560 0 12
32570 0 12
32580 0 12
32590 0 12
32600 0 12
32610 0 12
32620 0 12
32630 0 12
32640 0 12
32650 0 12
32660 0 12
32670 0 12
32680 0 12
32690 0 12
32700 0 12
32710 0 12
32720 0 12
32730 0 12
32740 0 12
32750 0 12
32760 0 12
32770 0 12
32780 0 12
32790 0 12
32800 0 12
32810 0 12
32820 0 12
32830 0 12
32840 0 12
32850 0 12
32860 0 12
32870 0 12
32880 0 12
32890 0 12
32900 0 12
32910 0 12
32920 0 12
32930 0 12
32940 0 12
32950 0 12
32960 0 12
32970 0 12
32980 0 12
32990 0 12
33000 0 12
33010 0 12
33020 0 12
33030 0 12
33040 0 12
33050 0 12
33060 0 12
33070 0 12
33080 0 12
33090 0 12
33100 0 12
33110 0 12
33120 0 12
33130 0 12
33140 0 12
33150 0 12
33160 0 12
33170 0 12
33180 0 12
33190 0 12
33200 0 12
33210 0 12
33220 0 12
33230 0 12
33240 0 12
33250 0 12
33260 0 12
33270 0 12
33280 0 12
33290 0 12
33300 0 12
33310 0 12
33320 0 12
33330 0 12
33340 0 12
33350 0 12
33360 0 12
33370 0 12
33380 0 12
33390 0 12
33400 0 12
33410 0 12
33420 0 12
33430 0 12
33440 0 12
33450 0 12
33460 0 12
33470 0 12
33480 0 12
33490 0 12
33500 0 12
33510 0 12
33520 0 12
33530 0 12
33540 0 12
33550 0 12
33560 0 12
33570 0 12
33580 0 12
33590 0 12
33600 0 12
33610 0 12
33620 0 12
33630 0 12
33640 0 12
33650 0 12
33660 0 12
33670 0 12
33680 0 12
33690 0 12
33700 0 12
33710 0 12
33720 0 12
33730 0 12
33740 0 12
33750 0 12
33760 0 12
33770 0 12
33780 0 12
33790 0 12
33800 0 12
33810 0 12
33820 0 12
33830 0 12
33840 0 12
33850 0 12
33860 0 12
33870 0 12
33880 0 12
33890 0 12
33900 0 12
33910 0 12
33920 0 12
33930 0 12
33940 0 12
33950 0 12
33960 0 12
33970 0 12
33980 0 12
33990 0 12
34000 0 12
34010 0 12
34020 0 12
34030 0 12
34040 0 12
34050 0 12
34060 0 12
34070 0 12
34080 0 12
34090 0 12
34100 0 12
34110 0 12
34120 0 12
34130 0 12
34140 0 12
34150 0 12
34160 0 12
34170 0 12
34180 0 12
34190 0 12
34200 0 12
34210 0 12
34220 0 12
34230 0 12
34240 0 12
34250 0 12
34260 0 12
34270 0 12
34280 0 12
34290 0 12
34300 0 12
34310 0 12
34320 0 12
34330 0 12
34340 0 12
34350 0 12
34360 0 12
34370 0 12
34380 0 12
34390 0 12
34400 0 12
34410 0 12
34420 0 12
34430 0 12
34440 0 12
34450 0 12
34460 0 12
34470 0 12
34480 0 12
34490 0 12
34500 0 12
34510 0 12
34520 0 12
34530 0 12
34540 0 12
34550 0 12
34560 0 12
34570 0 12
34580 0 12
34590 0 12
34600 0 12
34610 0 12
34620 0 12
34630 0 12
34640 0 12
34650 0 12
34660 0 12
34670 0 12
34680 0 12
34690 0 12
34700 0 12
34710 0 12
34720 0 12
34730 0 12
34740 0 12
34750 0 12
34760 0 12
34770 0 12
34780 0 12
34790 0 12
34800 0 12
34810 0 12
34820 0 12
34830 0 12
34840 0 12
34850 0 12
34860 0 12
34870 0 12
34880 0 12
34890 0 12
34900 0 12
34910 0 12
34920 0 12
34930 0 12
34940 0 12
34950 0 12
34960 0 12
34970 0 12
34980 0 12
34990 0 12
35000 0 12
35010 0 12
35020 0 12
35030 0 12
35040 0 12
35050 0 12
35060 0 12
35070 0 12
35080 0 12
35090 0 12
35100 0 12
35110 0 12
35120 0 12
35130 0 12
35140 0 12
35150 0 12
35160 0 12
35170 0 12
35180 0 12
35190 0 12
35200 0 12
35210 0 12
35220 0 12
35230 0 12
35240 0 12
35250 0 12
35260 0 12
35270 0 12
35280 0 12
35290 0 12
35300 0 12
35310 0 12
35320 0 12
35330 0 12
35340 0 12
35350 0 12
35360 0 12
35370 0 12
35380 0 12
35390 0 12
35400 0 12
35410 0 12
35420 0 12
35430 0 12
35440 0 12
35450 0 12
35460 0 12
35470 0 12
35480 0 12
35490 0 12
35500 0 12
35510 0 12
35520 0 12
35530 0 12
35540 0 12
35550 0 12
35560 0 12
35570 0 12
35580 0 12
35590 0 12
35600 0 12
35610 0 12
35620 0 12
35630 0 12
35640 0 12
35650 0 12
35660 0 12
35670 0 12
35680 0 12
35690 0 12
35700 0 12
35710 0 12
35720 0 12
35730 0 12
35740 0 12
35750 0 12
35760 0 12
35770 0 12
35780 0 12
35790 0 12
35800 0 12
35810 0 12
35820 0 12
35830 0 12
35840 0 12
35850 0 12
35860 0 12
35870 0 12
35880 0 12
35890 0 12
35900 0 12
35910 0 12
35920 0 12
35930 0 12
35940 0 12
35950 0 12
35960 0 12
35970 0 12
35980 0 12
35990 0 12
36000 0 12
36010 0 12
36020 0 12
36030 0 12
36040 0 12
36050 0 12
36060 0 12
36070 0 12
36080 0 12
36090 0 12
36100 0 12
36110 0 12
36120 0 12
36130 0 12
36140 0 12
36150 0 12
36160 0 12
36170 0 12
36180 0 12
36190 0 12
36200 0 12
36210 0 12
36220 0 12
36230 0 12
36240 0 12
36250 0 12
36260 0 12
36270 0 12
36280 0 12
36290 0 12
36300 0 12
36310 0 12
36320 0 12
36330 0 12
36340 0 12
36350 0 12
36360 0 12
36370 0 12
36380 0 12
36390 0 12
36400 0 12
36410 0 12
36420 0 12
36430 0 12
36440 0 12
36450 0 12
36460 0 12
36470 0 12
36480 0 12
36490 0 12
36500 0 12
36510 0 12
36520 0 12
36530 0 12
36540 0 12
36550 0 12
36560 0 12
36570 0 12
36580 0 12
36590 0 12
36600 0 12
36610 0 12
36620 0 12
36630 0 12
36640 0 12
36650 0 12
36660 0 12
36670 0 12
36680 0 12
36690 0 12
36700 0 12
36710 0 12
36720 0 12
36730 0 12
36740 0 12
36750 0 12
36760 0 12
36770 0 12
36780 0 12
36790 0 12
36800 0 12
36810 0 12
36820 0 12
36830 0 12
36840 0 12
36850 0 12
36860 0 12
36870 0 12
36880 0 12
36890 0 12
36900 0 12
36910 0 12
36920 0 12
36930 0 12
36940 0 12
36950 0 12
36960 0 12
36970 0 12
36980 0 12
36990 0 12
37000 0 12
37010 0 12
37020 0 12
37030 0 12
37040 0 12
37050 0 12
37060 0 12
37070 0 12
37080 0 12
37090 0 12
37100 0 12
37110 0 12
37120 0 12
37130 0 12
37140 0 12
37150 0 12
37160 0 12
37170 0 12
37180 0 12
37190 0 12
37200 0 12
37210 0 12
37220 0 12
37230 0 12
37240 0 12
37250 0 12
37260 0 12
37270 0 12
37280 0 12
37290 0 12
37300 0 12
37310 0 12
37320 0 12
37330 0 12
37340 0 12
37350 0 12
37360 0 12
37370 0 12
37380 0 12
37390 0 12
37400 0 12
37410 0 12
37420 0 12
37430 0 12
37440 0 12
37450 0 12
37460 0 12
37470 0 12
37480 0 12
37490 0 12
37500 0 12
37510 0 12
37520 0 12
37530 0 12
37540 0 12
37550 0 12
37560 0 12
37570 0 12
37580 0 12
37590 0 12
37600 0 12
37610 0 12
37620 0 12
37630 0 12
37640 0 12
37650 0 12
37660 0 12
37670 0 12
37680 0 12
37690 0 12
37700 0 12
37710 0 12
37720 0 12
37730 0 12
37740 0 12
37750 0 12
37760 0 12
37770 0 12
37780 0 12
37790 0 12
37800 0 12
37810 0 12
37820 0 12
37830 0 12
37840 0 12
37850 0 12
37860 0 12
37870 0 12
37880 0 12
37890 0 12
37900 0 12
37910 0 12
37920 0 12
37930 0 12
37940 0 12
37950 0 12
37960 0 12
37970 0 12
37980 0 12
37990 0 12
38000 0 12
38010 0 12
38020 0 12
38030 0 12
38040 0 12
38050 0 12
38060 0 12
38070 0 12
38080 0 12
38090 0 12
38100 0 12
38110 0 12
38120 0 12
38130 0 12
38140 0 12
38150 0 12
38160 0 12
38170 0 12
38180 0 12
38190 0 12
38200 0 12
38210 0 12
38220 0 12
38230 0 12
38240 0 12
38250 0 12
38260 0 12
38270 0 12
38280 0 12
38290 0 12
38300 0 12
38310 0 12
38320 0 12
38330 0 12
38340 0 12
38350 0 12
38360 0 12
38370 0 12
38380 0 12
38390 0 12
38400 0 12
38410 0 12
38420 0 12
38430 0 12
38440 0 12
38450 0 12
38460 0 12
38470 0 12
38480 0 12
38490 0 12
38500 0 12
38510 0 12
38520 0 12
38530 0 12
38540 0 12
38550 0 12
38560 0 12
38570 0 12
38580 0 12
38590 0 12
38600 0 12
38610 0 12
38620 0 12
38630 0 12
38640 0 12
38650 0 12
38660 0 12
38670 0 12
38680 0 12
38690 0 12
38700 0 12
38710 0 12
38720 0 12
38730 0 12
38740 0 12
38750 0 12
38760 0 12
38770 0 12
38780 0 12
38790 0 12
38800 0 12
38810 0 12
38820 0 12
38830 0 12
38840 0 12
38850 0 12
38860 0 12
38870 0 12
38880 0 12
38890 0 12
38900 0 12
38910 0 12
38920 0 12
38930 0 12
38940 0 12
38950 0 12
38960 0 12
38970 0 12
38980 0 12
38990 0 12
39000 0 12
39010 0 12
39020 0 12
39030 0 12
39040 0 12
39050 0 12
39060 0 12
39070 0 12
39080 0 12
39090 0 12
39100 0 12
39110 0 12
39120 0 12
39130 0 12
39140 0 12
39150 0 12
39160 0 12
39170 0 12
39180 0 12
39190 0 12
39200 0 12
39210 0 12
39220 0 12
39230 0 12
39240 0 12
39250 0 12
39260 0 12
39270 0 12
39280 0 12
39290 0 12
39300 0 12
39310 0 12
39320 0 12
39330 0 12
39340 0 12
39350 0 12
39360 0 12
39370 0 12
39380 0 12
39390 0 12
39400 0 12
39410 0 12
39420 0 12
39430 0 12
39440 0 12
39450 0 12
39460 0 12
39470 0 12
39480 0 12
39490 0 12
39500 0 12
39510 0 12
39520 0 12
39530 0 12
39540 0 12
39550 0 12
39560 0 12
39570 0 12
39580 0 12
39590 0 12
39600 0 12
39610 0 12
39620 0 12
39630 0 12
39640 0 12
39650 0 12
39660 0 12
39670 0 12
39680 0 12
39690 0 12
39700 0 12
39710 0 12
39720 0 12
39730 0 12
39740 0 12
39750 0 12
39760 0 12
39770 0 12
39780 0 12
39790 0 12
39800 0 12
39810 0 12
39820 0 12
39830 0 12
39840 0 12
39850 0 12
39860 0 12
39870 0 12
39880 0 12
39890 0 12
39900 0 12
39910 0 12
39920 0 12
39930 0 12
39940 0 12
39950 0 12
39960 0 12
39970 0 12
39980 0 12
39990 0 12
40000 0 12
40010 0 12
40020 0 12
40030 0 12
40040 0 12
40050 0 12
40060 0 12
40070 0 12
40080 0 12
40090 0 12
40100 0 12
40110 0 12
40120 0 12
40130 0 12
40140 0 12
40150 0 12
40160 0 12
40170 0 12
40180 0 12
40190 0 12
40200 0 12
40210 0 12
40220 0 12
40230 0 12
40240 0 12
40250 0 12
40260 0 12
40270 0 12
40280 0 12
40290 0 12
40300 0 12
40310 0 12
40320 0 12
40330 0 12
40340 0 12
40350 0 12
40360 0 12
40370 0 12
40380 0 12
40390 0 12
40400 0 12
40410 0 12
40420 0 12
40430 0 12
40440 0 12
40450 0 12
40460 0 12
40470 0 12
40480 0 12
40490 0 12
40500 0 12
40510 0 12
40520 0 12
40530 0 12
40540 0 12
40550 0 12
40560 0 12
40570 0 12
40580 0 12
40590 0 12
40600 0 12
40610 0 12
40620 0 12
40630 0 12
40640 0 12
40650 0 12
40660 0 12
40670 0 12
40680 0 12
40690 0 12
40700 0 12
40710 0 12
40720 0 12
40730 0 12
40740 0 12
40750 0 12
40760 0 12
40770 0 12
40780 0 12
40790 0 12
40800 0 12
40810 0 12
40820 0 12
40830 0 12
40840 0 12
40850 0 12
40860 0 12
40870 0 12
40880 0 12
40890 0 12
40900 0 12
40910 0 12
40920 0 12
40930 0 12
40940 0 12
40950 0 12
40960 0 12
40970 0 12
40980 0 12
40990 0 12
41000 0 12
41010 0 12
41020 0 12
41030 0 12
41040 0 12
41050 0 12
41060 0 12
41070 0 12
41080 0 12
41090 0 12
41100 0 12
41110 0 12
41120 0 12
41130 0 12
41140 0 12
41150 0 12
41160 0 12
41170 0 12
41180 0 12
41190 0 12
41200 0 12
41210 0 12
41220 0 12
41230 0 12
41240 0 12
41250 0 12
41260 0 12
41270 0 12
41280 0 12
41290 0 12
41300 0 12
41310 0 12
41320 0 12
41330 0 12
41340 0 12
41350 0 12
41360 0 12
41370 0 12
41380 0 12
41390 0 12
41400 0 12
41410 0 12
41420 0 12
41430 0 12
41440 0 12
41450 0 12
41460 0 12
41470 0 12
41480 0 12
41490 0 12
41500 0 12
41510 0 12
41520 0 12
41530 0 12
41540 0 12
41550 0 12
41560 0 12
41570 0 12
41580 0 12
41590 0 12
41600 0 12
41610 0 12
41620 0 12
41630 0 12
41640 0 12
41650 0 12
41660 0 12
41670 0 12
41680 0 12
41690 0 12
41700 0 12
41710 0 12
41720 0 12
41730 0 12
41740 0 12
41750 0 12
41760 0 12
41770 0 12
41780 0 12
41790 0 12
41800 0 12
41810 0 12
41820 0 12
41830 0 12
41840 0 12
41850 0 12
41860 0 12
41870 0 12
41880 0 12
41890 0 12
41900 0 12
41910 0 12
41920 0 12
41930 0 12
41940 0 12
41950 0 12
41960 0 12
41970 0 12
41980 0 12
41990 0 12
42000 0 12
42010 0 12
42020 0 12
42030 0 12
42040 0 12
42050 0 12
42060 0 12
42070 0 12
42080 0 12
42090 0 12
42100 0 12
42110 0 12
42120 0 12
42130 0 12
42140 0 12
42150 0 12
42160 0 12
42170 0 12
42180 0 12
42190 0 12
42200 0 12
42210 0 12
42220 0 12
42230 0 12
42240 0 12
42250 0 12
42260 0 12
42270 0 12
42280 0 12
42290 0 12
42300 0 12
42310 0 12
42320 0 12
42330 0 12
42340 0 12
42350 0 12
42360 0 12
42370 0 12
42380 0 12
42390 0 12
42400 0 12
42410 0 12
42420 0 12
42430 0 12
42440 0 12
42450 0 12
42460 0 12
42470 0 12
42480 0 12
42490 0 12
42500 0 12
42510 0 12
42520 0 12
42530 0 12
42540 0 12
42550 0 12
42560 0 12
42570 0 12
42580 0 12
42590 0 12
42600 0 12
42610 0 12
42620 0 12
42630 0 12
42640 0 12
42650 0 12
42660 0 12
42670 0 12
42680 0 12
42690 0 12
42700 0 12
42710 0 12
42720 0 12
42730 0 12
42740 0 12
42750 0 12
42760 0 12
42770 0 12
42780 0 12
42790 0 12
42800 0 12
42810 0 12
42820 0 12
42830 0 12
42840 0 12
42850 0 12
42860 0 12
42870 0 12
42880 0 12
42890 0 12
42900 0 12
42910 0 12
42920 0 12
42930 0 12
42940 0 12
42950 0 12
42960 0 12
42970 0 12
42980 0 12
42990 0 12
43000 0 12
43010 0 12
43020 0 12
43030 0 12
43040 0 12
43050 0 12
43060 0 12
43070 0 12
43080 0 12
43090 0 12
43100 0 12
43110 0 12
43120 0 12
43130 0 12
43140 0 12
43150 0 12
43160 0 12
43170 0 12
43180 0 12
43190 0 12
43200 0 12
43210 0 12
43220 0 12
43230 0 12
43240 0 12
43250 0 12
43260 0 12
43270 0 12
43280 0 12
43290 0 12
43300 0 12
43310 0 12
43320 0 12
43330 0 12
43340 0 12
43350 0 12
43360 0 12
43370 0 12
43380 0 12
43390 0 12
43400 0 12
43410 0 12
43420 0 12
43430 0 12
43440 0 12
43450 0 12
43460 0 12
43470 0 12
43480 0 12
43490 0 12
43500 0 12
43510 0 12
43520 0 12
43530 0 12
43540 0 12
43550 0 12
43560 0 12
43570 0 12
43580 0 12
43590 0 12
43600 0 12
43610 0 12
43620 0 12
43630 0 12
43640 0 12
43650 0 12
43660 0 12
43670 0 12
43680 0 12
43690 0 12
43700 0 12
43710 0 12
43720 0 12
43730 0 12
43740 0 12
43750 0 12
43760 0 12
43770 0 12
43780 0 12
43790 0 12
43800 0 12
43810 0 12
43820 0 12
43830 0 12
43840 0 12
43850 0 12
43860 0 12
43870 0 12
43880 0 12
43890 0 12
43900 0 12
43910 0 12
43920 0 12
43930 0 12
43940 0 12
43950 0 12
43960 0 12
43970 0 12
43980 0 12
43990 0 12
44000 0 12
44010 0 12
44020 0 12
44030 0 12
44040 0 12
44050 0 12
44060 0 12
44070 0 12
44080 0 12
44090 0 12
44100 0 12
44110 0 12
44120 0 12
44130 0 12
44140 0 12
44150 0 12
44160 0 12
44170 0 12
44180 0 12
44190 0 12
44200 0 12
44210 0 12
44220 0 12
44230 0 12
44240 0 12
44250 0 12
44260 0 12
44270 0 12
44280 0 12
44290 0 12
44300 0 12
44310 0 12
44320 0 12
44330 0 12
44340 0 12
44350 0 12
44360 0 12
44370 0 12
44380 0 12
44390 0 12
44400 0 12
44410 0 12
44420 0 12
44430 0 12
44440 0 12
44450 0 12
44460 0 12
44470 0 12
44480 0 12
44490 0 12
44500 0 12
44510 0 12
44520 0 12
44530 0 12
44540 0 12
44550 0 12
44560 0 12
44570 0 12
44580 0 12
44590 0 12
44600 0 12
44610 0 12
44620 0 12
44630 0 12
44640 0 12
44650 0 12
44660 0 12
44670 0 12
44680 0 12
44690 0 12
44700 0 12
44710 0 12
44720 0 12
44730 0 12
44740 0 12
44750 0 12
44760 0 12
44770 0 12
44780 0 12
44790 0 12
44800 0 12
44810 0 12
44820 0 12
44830 0 12
44840 0 12
44850 0 12
44860 0 12
44870 0 12
44880 0 12
44890 0 12
44900 0 12
44910 0 12
44920 0 12
44930 0 12
44940 0 12
44950 0 12
44960 0 12
44970 0 12
44980 0 12
44990 0 12
45000 0 12
45010 0 12
45020 0 12
45030 0 12
45040 0 12
45050 0 12
45060 0 12
45070 0 12
45080 0 12
45090 0 12
45100 0 12
45110 0 12
45120 0 12
45130 0 12
45140 0 12
45150 0 12
45160 0 12
45170 0 12
45180 0 12
45190 0 12
45200 0 12
45210 0 12
45220 0 12
45230 0 12
45240 0 12
45250 0 12
45260 0 12
45270 0 12
45280 0 12
45290 0 12
45300 0 12
45310 0 12
45320 0 12
45330 0 12
45340 0 12
45350 0 12
45360 0 12
45370 0 12
45380 0 12
45390 0 12
45400 0 12
45410 0 12
45420 0 12
45430 0 12
45440 0 12
45450 0 12
45460 0 12
45470 0 12
45480 0 12
45490 0 12
45500 0 12
45510 0 12
45520 0 12
45530 0 12
45540 0 12
45550 0 12
45560 0 12
45570 0 12
45580 0 12
45590 0 12
45600 0 12
45610 0 12
45620 0 12
45630 0 12
45640 0 12
45650 0 12
45660 0 12
45670 0 12
45680 0 12
45690 0 12
45700 0 12
45710 0 12
45720 0 12
45730 0 12
45740 0 12
45750 0 12
45760 0 12
45770 0 12
45780 0 12
45790 0 12
45800 0 12
45810 0 12
45820 0 12
45830 0 12
45840 0 12
45850 0 12
45860 0 12
45870 0 12
45880 0 12
45890 0 12
45900 0 12
45910 0 12
45920 0 12
45930 0 12
45940 0 12
45950 0 12
45960 0 12
45970 0 12
45980 0 12
45990 0 12
46000 0 12
46010 0 12
46020 0 12
46030 0 12
46040 0 12
46050 0 12
46060 0 12
46070 0 12
46080 0 12
46090 0 12
46100 0 12
46110 0 12
46120 0 12
46130 0 12
46140 0 12
46150 0 12
46160 0 12
46170 0 12
46180 0 12
46190 0 12
46200 0 12
46210 0 12
46220 0 12
46230 0 12
46240 0 12
46250 0 12
46260 0 12
46270 0 12
46280 0 12
46290 0 12
46300 0 12
46310 0 12
46320 0 12
46330 0 12
46340 0 12
46350 0 12
46360 0 12
46370 0 12
46380 0 12
46390 0 12
46400 0 12
46410 0 12
46420 0 12
46430 0 12
46440 0 12
46450 0 12
46460 0 12
46470 0 12
46480 0 12
46490 0 12
46500 0 12
46510 0 12
46520 0 12
46530 0 12
46540 0 12
46550 0 12
46560 0 12
46570 0 12
46580 0 12
46590 0 12
46600 0 12
46610 0 12
46620 0 12
46630 0 12
46640 0 12
46650 0 12
46660 0 12
46670 0 12
46680 0 12
46690 0 12
46700 0 12
46710 0 12
46720 0 12
46730 0 12
46740 0 12
46750 0 12
46760 0 12
46770 0 12
46780 0 12
46790 0 12
46800 0 12
46810 0 12
46820 0 12
46830 0 12
46840 0 12
46850 0 12
46860 0 12
46870 0 12
46880 0 12
46890 0 12
46900 0 12
46910 0 12
46920 0 12
46930 0 12
46940 0 12
46950 0 12
46960 0 12
46970 0 12
46980 0 12
46990 0 12
47000 0 12
47010 0 12
47020 0 12
47030 0 12
47040 0 12
47050 0 12
47060 0 12
47070 0 12
47080 0 12
47090 0 12
47100 0 12
47110 0 12
47120 0 12
47130 0 12
47140 0 12
47150 0 12
47160 0 12
47170 0 12
47180 0 12
47190 0 12
47200 0 12
47210 0 12
47220 0 12
47230 0 12
47240 0 12
47250 0 12
47260 0 12
47270 0 12
47280 0 12
47290 0 12
47300 0 12
47310 0 12
47320 0 12
47330 0 12
47340 0 12
47350 0 12
47360 0 12
47370 0 12
47380 0 12
47390 0 12
47400 0 12
47410 0 12
47420 0 12
47430 0 12
47440 0 12
47450 0 12
47460 0 12
47470 0 12
47480 0 12
47490 0 12
47500 0 12
47510 0 12
47520 0 12
47530 0 12
47540 0 12
47550 0 12
47560 0 12
47570 0 12
47580 0 12
47590 0 12
47600 0 12
47610 0 12
47620 0 12
47630 0 12
47640 0 12
47650 0 12
47660 0 12
47670 0 12
47680 0 12
47690 0 12
47700 0 12
47710 0 12
47720 0 12
47730 0 12
47740 0 12
47750 0 12
47760 0 12
47770 0 12
47780 0 12
47790 0 12
47800 0 12
47810 0 12
47820 0 12
47830 0 12
47840 0 12
47850 0 12
47860 0 12
47870 0 12
47880 0 12
47890 0 12
47900 0 12
47910 0 12
47920 0 12
47930 0 12
47940 0 12
47950 0 12
47960 0 12
47970 0 12
47980 0 12
47990 0 12
48000 0 12
48010 0 12
48020 0 12
48030 0 12
48040 0 12
48050 0 12
48060 0 12
48070 0 12
48080 0 12
48090 0 12
48100 0 12
48110 0 12
48120 0 12
48130 0 12
48140 0 12
48150 0 12
48160 0 12
48170 0 12
48180 0 12
48190 0 12
48200 0 12
48210 0 12
48220 0 12
48230 0 12
48240 0 12
48250 0 12
48260 0 12
48270 0 12
48280 0 12
48290 0 12
48300 0 12
48310 0 12
48320 0 12
48330 0 12
48340 0 12
48350 0 12
48360 0 12
48370 0 12
48380 0 12
48390 0 12
48400 0 12
48410 0 12
48420 0 12
48430 0 12
48440 0 12
48450 0 12
48460 0 12
48470 0 12
48480 0 12
48490 0 12
48500 0 12
48510 0 12
48520 0 12
48530 0 12
48540 0 12
48550 0 12
48560 0 12
48570 0 12
48580 0 12
48590 0 12
48600 0 12
48610 0 12
48620 0 12
48630 0 12
48640 0 12
48650 0 12
48660 0 12
48670 0 12
48680 0 12
48690 0 12
48700 0 12
48710 0 12
48720 0 12
48730 0 12
48740 0 12
48750 0 12
48760 0 12
48770 0 12
48780 0 12
48790 0 12
48800 0 12
48810 0 12
48820 0 12
48830 0 12
48840 0 12
48850 0 12
48860 0 12
48870 0 12
48880 0 12
48890 0 12
48900 0 12
48910 0 12
48920 0 12
48930 0 12
48940 0 12
48950 0 12
48960 0 12
48970 0 12
48980 0 12
48990 0 12
49000 0 12
49010 0 12
49020 0 12
49030 0 12
49040 0 12
49050 0 12
49060 0 12
49070 0 12
49080 0 12
49090 0 12
49100 0 12
49110 0 12
49120 0 12
49130 0 12
49140 0 12
49150 0 12
49160 0 12
49170 0 12
49180 0 12
49190 0 12
49200 0 12
49210 0 12
49220 0 12
49230 0 12
49240 0 12
49250 0 12
49260 0 12
49270 0 12
49280 0 12
49290 0 12
49300 0 12
49310 0 12
49320 0 12
49330 0 12
49340 0 12
49350 0 12
49360 0 12
49370 0 12
49380 0 12
49390 0 12
49400 0 12
49410 0 12
49420 0 12
49430 0 12
49440 0 12
49450 0 12
49460 0 12
49470 0 12
49480 0 12
49490 0 12
49500 0 12
49510 0 12
49520 0 12
49530 0 12
49540 0 12
49550 0 12
49560 0 12
49570 0 12
49580 0 12
49590 0 12
49600 0 12
49610 0 12
49620 0 12
49630 0 12
49640 0 12
49650 0 12
49660 0 12
49670 0 12
49680 0 12
49690 0 12
49700 0 12
49710 0 12
49720 0 12
49730 0 12
49740 0 12
49750 0 12
49760 0 12
49770 0 12
49780 0 12
49790 0 12
49800 0 12
49810 0 12
49820 0 12
49830 0 12
49840 0 12
49850 0 12
49860 0 12
49870 0 12
49880 0 12
49890 0 12
49900 0 12
49910 0 12
49920 0 12
49930 0 12
49940 0 12
49950 0 12
49960 0 12
49970 0 12
49980 0 12
49990 0 12
50000 0 12
50010 0 12
50020 0 12
50030 0 12
50040 0 12
50050 0 12
50060 0 12
50070 0 12
50080 0 12
50090 0 12
50100 0 12
50110 0 12
50120 0 12
50130 0 12
50140 0 12
50150 0 12
50160 0 12
50170 0 12
50180 0 12
50190 0 12
50200 0 12
50210 0 12
50220 0 12
50230 0 12
50240 0 12
50250 0 12
50260 0 12
50270 0 12
50280 0 12
50290 0 12
50300 0 12
50310 0 12
50320 0 12
50330 0 12
50340 0 12
50350 0 12
50360 0 12
50370 0 12
50380 0 12
50390 0 12
50400 0 12
50410 0 12
50420 0 12
50430 0 12
50440 0 12
50450 0 12
50460 0 12
50470 0 12
50480 0 12
50490 0 12
50500 0 12
50510 0 12
50520 0 12
50530 0 12
50540 0 12
50550 0 12
50560 0 12
50570 0 12
50580 0 12
50590 0 12
50600 0 12
50610 0 12
50620 0 12
50630 0 12
50640 0 12
50650 0 12
50660 0 12
50670 0 12
50680 0 12
50690 0 12
50700 0 12
50710 0 12
50720 0 12
50730 0 12
50740 0 12
50750 0 12
50760 0 12
50770 0 12
50780 0 12
50790 0 12
50800 0 12
50810 0 12
50820 0 12
50830 0 12
50840 0 12
50850 0 12
50860 0 12
50870 0 12
50880 0 12
50890 0 12
50900 0 12
50910 0 12
50920 0 12
50930 0 12
50940 0 12
50950 0 12
50960 0 12
50970 0 12
50980 0 12
50990 0 12
51000 0 12
51010 0 12
51020 0 12
51030 0 12
51040 0 12
51050 0 12
51060 0 12
51070 0 12
51080 0 12
51090 0 12
51100 0 12
51110 0 12
51120 0 12
51130 0 12
51140 0 12
51150 0 12
51160 0 12
51170 0 12
51180 0 12
51190 0 12
51200 0 12
51210 0 12
51220 0 12
51230 0 12
51240 0 12
51250 0 12
51260 0 12
51270 0 12
51280 0 12
51290 0 12
51300 0 12
51310 0 12
51320 0 12
51330 0 12
51340 0 12
51350 0 12
51360 0 12
51370 0 12
51380 0 12
51390 0 12
51400 0 12
51410 0 12
51420 0 12
51430 0 12
51440 0 12
51450 0 12
51460 0 12
51470 0 12
51480 0 12
51490 0 12
51500 0 12
51510 0 12
51520 0 12
51530 0 12
51540 0 12
51550 0 12
51560 0 12
51570 0 12
51580 0 12
51590 0 12
51600 0 12
51610 0 12
51620 0 12
51630 0 12
51640 0 12
51650 0 12
51660 0 12
51670 0 12
51680 0 12
51690 0 12
51700 0 12
51710 0 12
51720 0 12
51730 0 12
51740 0 12
51750 0 12
51760 0 12
51770 0 12
51780 0 12
51790 0 12
51800 0 12
51810 0 12
51820 0 12
51830 0 12
51840 0 12
51850 0 12
51860 0 12
51870 0 12
51880 0 12
51890 0 12
51900 0 12
51910 0 12
51920 0 12
51930 0 12
51940 0 12
51950 0 12
51960 0 12
51970 0 12
51980 0 12
51990 0 12
52000 0 12
52010 0 12
52020 0 12
52030 0 12
52040 0 12
52050 0 12
52060 0 12
52070 0 12
52080 0 12
52090 0 12
52100 0 12
52110 0 12
52120 0 12
52130 0 12
52140 0 12
52150 0 12
52160 0 12
52170 0 12
52180 0 12
52190 0 12
52200 0 12
52210 0 12
52220 0 12
52230 0 12
52240 0 12
52250 0 12
52260 0 12
52270 0 12
52280 0 12
52290 0 12
52300 0 12
52310 0 12
52320 0 12
52330 0 12
52340 0 12
52350 0 12
52360 0 12
52370 0 12
52380 0 12
52390 0 12
52400 0 12
52410 0 12
52420 0 12
52430 0 12
52440 0 12
52450 0 12
52460 0 12
52470 0 12
52480 0 12
52490 0 12
52500 0 12
52510 0 12
52520 0 12
52530 0 12
52540 0 12
52550 0 12
52560 0 12
52570 0 12
52580 0 12
52590 0 12
52600 0 12
52610 0 12
52620 0 12
52630 0 12
52640 0 12
52650 0 12
52660 0 12
52670 0 12
52680 0 12
52690 0 12
52700 0 12
52710 0 12
52720 0 12
52730 0 12
52740 0 12
52750 0 12
52760 0 12
52770 0 12
52780 0 12
52790 0 12
52800 0 12
52810 0 12
52820 0 12
52830 0 12
52840 0 12
52850 0 12
52860 0 12
52870 0 12
52880 0 12
52890 0 12
52900 0 12
52910 0 12
52920 0 12
52930 0 12
52940 0 12
