0 2 2
10 6 4
20 7 1
30 9 2
40 11 2
50 19 8
60 21 2
70 23 2
80 26 3
90 23 -3
100 23 0
110 25 2
120 25 0
130 23 -2
140 22 -1
150 31 9
160 35 4
170 35 0
180 35 0
190 34 -1
200 30 -4
210 33 3
220 37 4
230 42 5
240 37 -5
250 36 -1
260 42 6
270 43 1
280 40 -3
290 40 0
300 40 0
310 40 0
320 36 -4
330 37 1
340 39 2
350 45 6
360 46 1
370 44 -2
380 51 7
390 54 3
400 52 -2
410 56 4
420 58 2
430 48 -10
440 50 2
450 49 -1
460 58 9
470 50 -8
480 38 -12
490 44 6
500 49 5
510 49 0
520 49 0
530 53 4
540 49 -4
550 56 7
560 52 -4
570 56 4
580 53 -3
590 58 5
600 56 -2
610 55 -1
620 57 2
630 58 1
640 54 -4
650 52 -2
660 57 5
670 60 3
680 64 4
690 58 -6
700 64 6
710 65 1
720 60 -5
730 62 2
740 62 0
750 59 -3
760 50 -9
770 53 3
780 62 9
790 64 2
800 58 -6
810 61 3
820 60 -1
830 58 -2
840 67 9
850 75 8
860 71 -4
870 70 -1
880 69 -1
890 77 8
900 75 -2
910 83 8
920 81 -2
930 81 0
940 82 1
950 79 -3
960 87 8
970 82 -5
980 84 2
990 94 10
1000 90 -4
1010 96 6
1020 85 -11
1030 85 0
1040 86 1
1050 87 1
1060 88 1
1070 94 6
1080 98 4
1090 96 -2
1100 95 -1
1110 88 -7
1120 93 5
1130 90 -3
1140 98 8
1150 98 0
1160 95 -3
1170 103 8
1180 96 -7
1190 97 1
1200 97 0
1210 98 1
1220 100 2
1230 100 0
1240 104 4
1250 98 -6
1260 103 5
1270 107 4
1280 114 7
1290 117 3
1300 119 2
1310 110 -9
1320 105 -5
1330 105 0
1340 109 4
1350 107 -2
1360 113 6
1370 117 4
1380 124 7
1390 125 1
1400 120 -5
1410 124 4
1420 128 4
1430 134 6
1440 127 -7
1450 133 6
1460 124 -9
1470 131 7
1480 122 -9
1490 124 2
1500 120 -4
1510 118 -2
1520 122 4
1530 122 0
1540 128 6
1550 127 -1
1560 121 -6
1570 120 -1
1580 120 0
1590 119 -1
1600 111 -8
1610 112 1
1620 119 7
1630 126 7
1640 118 -8
1650 119 1
1660 123 4
1670 119 -4
1680 112 -7
1690 111 -1
1700 112 1
1710 104 -8
1720 113 9
1730 118 5
1740 122 4
1750 116 -6
1760 114 -2
1770 122 8
1780 106 -16
1790 98 -8
1800 98 0
1810 94 -4
1820 102 8
1830 100 -2
1840 100 0
1850 106 6
1860 110 4
1870 113 3
1880 110 -3
1890 110 0
1900 114 4
1910 109 -5
1920 117 8
1930 117 0
1940 124 7
1950 119 -5
1960 119 0
1970 126 7
1980 120 -6
1990 113 -7
2000 108 -5
2010 113 5
2020 111 -2
2030 109 -2
2040 117 8
2050 118 1
2060 119 1
2070 121 2
2080 127 6
2090 135 8
2100 133 -2
2110 141 8
2120 134 -7
2130 141 7
2140 145 4
2150 152 7
2160 144 -8
2170 152 8
2180 146 -6
2190 159 13
2200 143 -16
2210 142 -1
2220 143 1
2230 146 3
2240 150 4
2250 145 -5
2260 148 3
2270 142 -6
2280 140 -2
2290 142 2
2300 140 -2
2310 144 4
2320 147 3
2330 155 8
2340 154 -1
2350 160 6
2360 158 -2
2370 171 13
2380 165 -6
2390 170 5
2400 176 6
2410 172 -4
2420 177 5
2430 182 5
2440 184 2
2450 172 -12
2460 173 1
2470 180 7
2480 178 -2
2490 181 3
2500 189 8
2510 179 -10
2520 175 -4
2530 173 -2
2540 181 8
2550 174 -7
2560 177 3
2570 171 -6
2580 171 0
2590 166 -5
2600 165 -1
2610 167 2
2620 181 14
2630 175 -6
2640 180 5
2650 181 1
2660 179 -2
2670 181 2
2680 182 1
2690 181 -1
2700 181 0
2710 190 9
2720 184 -6
2730 184 0
2740 180 -4
2750 186 6
2760 186 0
2770 184 -2
2780 171 -13
2790 176 5
2800 175 -1
2810 168 -7
2820 158 -10
2830 163 5
2840 165 2
2850 164 -1
2860 165 1
2870 172 7
2880 163 -9
2890 165 2
2900 170 5
2910 172 2
2920 174 2
2930 178 4
2940 172 -6
2950 174 2
2960 176 2
2970 179 3
2980 176 -3
2990 174 -2
3000 171 -3
3010 174 3
3020 165 -9
3030 163 -2
3040 158 -5
3050 165 7
3060 156 -9
3070 159 3
3080 158 -1
3090 155 -3
3100 155 0
3110 159 4
3120 154 -5
3130 159 5
3140 164 5
3150 160 -4
3160 168 8
3170 175 7
3180 174 -1
3190 172 -2
3200 162 -10
3210 168 6
3220 165 -3
3230 174 9
3240 172 -2
3250 167 -5
3260 163 -4
3270 168 5
3280 165 -3
3290 162 -3
3300 170 8
3310 170 0
3320 167 -3
3330 163 -4
3340 180 17
3350 177 -3
3360 176 -1
3370 181 5
3380 185 4
3390 181 -4
3400 185 4
3410 189 4
3420 182 -7
3430 187 5
3440 182 -5
3450 179 -3
3460 167 -12
3470 177 10
3480 178 1
3490 184 6
3500 177 -7
3510 167 -10
3520 171 4
3530 170 -1
3540 170 0
3550 180 10
3560 180 0
3570 191 11
3580 184 -7
3590 186 2
3600 174 -12
3610 176 2
3620 176 0
3630 178 2
3640 180 2
3650 177 -3
3660 177 0
3670 182 5
3680 178 -4
3690 182 4
3700 177 -5
3710 186 9
3720 183 -3
3730 176 -7
3740 181 5
3750 177 -4
3760 177 0
3770 180 3
3780 183 3
3790 183 0
3800 183 0
3810 192 9
3820 184 -8
3830 187 3
3840 183 -4
3850 182 -1
3860 181 -1
3870 178 -3
3880 185 7
3890 177 -8
3900 173 -4
3910 179 6
3920 173 -6
3930 175 2
3940 169 -6
3950 175 6
3960 169 -6
3970 173 4
3980 180 7
3990 168 -12
4000 165 -3
4010 168 3
4020 165 -3
4030 171 6
4040 168 -3
4050 172 4
4060 171 -1
4070 174 3
4080 175 1
4090 182 7
4100 182 0
4110 174 -8
4120 176 2
4130 175 -1
4140 183 8
4150 167 -16
4160 169 2
4170 175 6
4180 182 7
4190 177 -5
4200 177 0
4210 177 0
4220 167 -10
4230 168 1
4240 167 -1
4250 172 5
4260 168 -4
4270 173 5
4280 173 0
4290 167 -6
4300 173 6
4310 174 1
4320 169 -5
4330 159 -10
4340 167 8
4350 170 3
4360 160 -10
4370 168 8
4380 165 -3
4390 155 -10
4400 167 12
4410 175 8
4420 177 2
4430 168 -9
4440 176 8
4450 173 -3
4460 169 -4
4470 175 6
4480 172 -3
4490 172 0
4500 169 -3
4510 167 -2
4520 168 1
4530 171 3
4540 163 -8
4550 167 4
4560 180 13
4570 178 -2
4580 161 -17
4590 174 13
4600 173 -1
4610 179 6
4620 175 -4
4630 177 2
4640 180 3
4650 187 7
4660 187 0
4670 192 5
4680 180 -12
4690 185 5
4700 188 3
4710 185 -3
4720 183 -2
4730 185 2
4740 178 -7
4750 185 7
4760 185 0
4770 184 -1
4780 179 -5
4790 177 -2
4800 181 4
4810 181 0
4820 176 -5
4830 175 -1
4840 178 3
4850 178 0
4860 184 6
4870 177 -7
4880 180 3
4890 171 -9
4900 166 -5
4910 170 4
4920 171 1
4930 169 -2
4940 165 -4
4950 163 -2
4960 164 1
4970 169 5
4980 179 10
4990 164 -15
5000 171 7
5010 177 6
5020 180 3
5030 176 -4
5040 168 -8
5050 167 -1
5060 168 1
5070 151 -17
5080 145 -6
5090 158 13
5100 152 -6
5110 144 -8
5120 151 7
5130 152 1
5140 151 -1
5150 155 4
5160 163 8
5170 163 0
5180 163 0
5190 163 0
5200 174 11
5210 167 -7
5220 155 -12
5230 169 14
5240 168 -1
5250 168 0
5260 176 8
5270 185 9
5280 181 -4
5290 183 2
5300 173 -10
5310 177 4
5320 177 0
5330 179 2
5340 179 0
5350 176 -3
5360 162 -14
5370 165 3
5380 174 9
5390 172 -2
5400 169 -3
5410 165 -4
5420 169 4
5430 165 -4
5440 167 2
5450 159 -8
5460 162 3
5470 162 0
5480 168 6
5490 173 5
5500 170 -3
5510 166 -4
5520 165 -1
5530 163 -2
5540 170 7
5550 169 -1
5560 162 -7
5570 166 4
5580 169 3
5590 168 -1
5600 170 2
5610 170 0
5620 160 -10
5630 160 0
5640 161 1
5650 163 2
5660 165 2
5670 164 -1
5680 164 0
5690 170 6
5700 181 11
5710 181 0
5720 183 2
5730 183 0
5740 185 2
5750 181 -4
5760 186 5
5770 180 -6
5780 187 7
5790 182 -5
5800 182 0
5810 172 -10
5820 178 6
5830 184 6
5840 177 -7
5850 172 -5
5860 171 -1
5870 175 4
5880 176 1
5890 180 4
5900 178 -2
5910 181 3
5920 176 -5
5930 175 -1
5940 177 2
5950 180 3
5960 175 -5
5970 178 3
5980 182 4
5990 184 2
6000 178 -6
6010 172 -6
6020 183 11
6030 185 2
6040 168 -17
6050 174 6
6060 175 1
6070 172 -3
6080 168 -4
6090 171 3
6100 177 6
6110 173 -4
6120 177 4
6130 174 -3
6140 175 1
6150 167 -8
6160 170 3
6170 161 -9
6180 176 15
6190 172 -4
6200 171 -1
6210 172 1
6220 174 2
6230 182 8
6240 182 0
6250 175 -7
6260 179 4
6270 181 2
6280 185 4
6290 183 -2
6300 186 3
6310 181 -5
6320 176 -5
6330 184 8
6340 179 -5
6350 176 -3
6360 181 5
6370 183 2
6380 179 -4
6390 188 9
6400 189 1
6410 179 -10
6420 179 0
6430 188 9
6440 180 -8
6450 179 -1
6460 182 3
6470 179 -3
6480 173 -6
6490 178 5
6500 178 0
6510 186 8
6520 181 -5
6530 189 8
6540 173 -16
6550 177 4
6560 185 8
6570 188 3
6580 180 -8
6590 173 -7
6600 183 10
6610 178 -5
6620 179 1
6630 171 -8
6640 175 4
6650 191 16
6660 184 -7
6670 188 4
6680 184 -4
6690 189 5
6700 177 -12
6710 181 4
6720 187 6
6730 186 -1
6740 180 -6
6750 177 -3
6760 178 1
6770 178 0
6780 183 5
6790 178 -5
6800 185 7
6810 177 -8
6820 176 -1
6830 171 -5
6840 179 8
6850 185 6
6860 185 0
6870 171 -14
6880 175 4
6890 176 1
6900 178 2
6910 178 0
6920 173 -5
6930 164 -9
6940 174 10
6950 180 6
6960 182 2
6970 192 10
6980 188 -4
6990 184 -4
7000 192 8
7010 188 -4
7020 181 -7
7030 177 -4
7040 170 -7
7050 173 3
7060 179 6
7070 176 -3
7080 180 4
7090 178 -2
7100 179 1
7110 177 -2
7120 173 -4
7130 178 5
7140 173 -5
7150 169 -4
7160 178 9
7170 182 4
7180 177 -5
7190 184 7
7200 180 -4
7210 181 1
7220 193 12
7230 201 8
7240 186 -15
7250 186 0
7260 183 -3
7270 183 0
7280 178 -5
7290 180 2
7300 182 2
7310 184 2
7320 183 -1
7330 180 -3
7340 181 1
7350 171 -10
7360 167 -4
7370 168 1
7380 175 7
7390 177 2
7400 171 -6
7410 167 -4
7420 173 6
7430 167 -6
7440 161 -6
7450 168 7
7460 163 -5
7470 171 8
7480 172 1
7490 174 2
7500 167 -7
7510 163 -4
7520 170 7
7530 177 7
7540 183 6
7550 183 0
7560 177 -6
7570 179 2
7580 178 -1
7590 177 -1
7600 172 -5
7610 178 6
7620 183 5
7630 181 -2
7640 183 2
7650 187 4
7660 190 3
7670 185 -5
7680 177 -8
7690 175 -2
7700 174 -1
7710 179 5
7720 178 -1
7730 170 -8
7740 171 1
7750 176 5
7760 175 -1
7770 189 14
7780 181 -8
7790 185 4
7800 180 -5
7810 180 0
7820 186 6
7830 189 3
7840 181 -8
7850 178 -3
7860 180 2
7870 181 1
7880 175 -6
7890 176 1
7900 185 9
7910 171 -14
7920 173 2
7930 177 4
7940 167 -10
7950 178 11
7960 172 -6
7970 179 7
7980 178 -1
7990 178 0
8000 180 2
8010 181 1
8020 179 -2
8030 175 -4
8040 170 -5
8050 179 9
8060 178 -1
8070 172 -6
8080 167 -5
8090 171 4
8100 173 2
8110 169 -4
8120 174 5
8130 170 -4
8140 167 -3
8150 173 6
8160 175 2
8170 168 -7
8180 170 2
8190 166 -4
8200 173 7
8210 170 -3
8220 172 2
8230 166 -6
8240 177 11
8250 180 3
8260 174 -6
8270 171 -3
8280 176 5
8290 178 2
8300 182 4
8310 179 -3
8320 177 -2
8330 184 7
8340 174 -10
8350 174 0
8360 181 7
8370 181 0
8380 173 -8
8390 178 5
8400 179 1
8410 175 -4
8420 173 -2
8430 168 -5
8440 168 0
8450 182 14
8460 172 -10
8470 178 6
8480 167 -11
8490 166 -1
8500 165 -1
8510 166 1
8520 174 8
8530 161 -13
8540 170 9
8550 169 -1
8560 173 4
8570 164 -9
8580 165 1
8590 171 6
8600 169 -2
8610 172 3
8620 165 -7
8630 164 -1
8640 162 -2
8650 166 4
8660 161 -5
8670 158 -3
8680 169 11
8690 164 -5
8700 167 3
8710 162 -5
8720 167 5
8730 171 4
8740 171 0
8750 169 -2
8760 170 1
8770 169 -1
8780 165 -4
8790 177 12
8800 172 -5
8810 168 -4
8820 186 18
8830 178 -8
8840 180 2
8850 179 -1
8860 175 -4
8870 182 7
8880 183 1
8890 181 -2
8900 174 -7
8910 182 8
8920 181 -1
8930 176 -5
8940 179 3
8950 184 5
8960 179 -5
8970 175 -4
8980 184 9
8990 178 -6
9000 168 -10
9010 176 8
9020 176 0
9030 170 -6
9040 166 -4
9050 162 -4
9060 164 2
9070 164 0
9080 165 1
9090 161 -4
9100 161 0
9110 165 4
9120 167 2
9130 160 -7
9140 171 11
9150 167 -4
9160 172 5
9170 179 7
9180 186 7
9190 179 -7
9200 184 5
9210 188 4
9220 188 0
9230 181 -7
9240 175 -6
9250 167 -8
9260 183 16
9270 166 -17
9280 149 -17
9290 157 8
9300 157 0
9310 153 -4
9320 154 1
9330 154 0
9340 158 4
9350 161 3
9360 169 8
9370 169 0
9380 171 2
9390 170 -1
9400 174 4
9410 181 7
9420 184 3
9430 178 -6
9440 186 8
9450 182 -4
9460 186 4
9470 186 0
9480 182 -4
9490 185 3
9500 192 7
9510 185 -7
9520 182 -3
9530 182 0
9540 189 7
9550 179 -10
9560 187 8
9570 183 -4
9580 169 -14
9590 173 4
9600 167 -6
9610 167 0
9620 166 -1
9630 170 4
9640 161 -9
9650 167 6
9660 161 -6
9670 161 0
9680 164 3
9690 169 5
9700 169 0
9710 172 3
9720 175 3
9730 173 -2
9740 169 -4
9750 180 11
9760 183 3
9770 182 -1
9780 183 1
9790 185 2
9800 190 5
9810 183 -7
9820 174 -9
9830 179 5
9840 182 3
9850 186 4
9860 175 -11
9870 173 -2
9880 178 5
9890 174 -4
9900 175 1
9910 184 9
9920 186 2
9930 190 4
9940 182 -8
9950 186 4
9960 183 -3
9970 187 4
9980 176 -11
9990 176 0
10000 182 6
10010 172 -10
10020 173 1
10030 178 5
10040 175 -3
10050 188 13
10060 176 -12
10070 169 -7
10080 180 11
10090 175 -5
10100 176 1
10110 180 4
10120 180 0
10130 181 1
10140 178 -3
10150 177 -1
10160 168 -9
10170 170 2
10180 178 8
10190 173 -5
10200 171 -2
10210 175 4
10220 173 -2
10230 169 -4
10240 174 5
10250 172 -2
10260 167 -5
10270 165 -2
10280 169 4
10290 179 10
10300 172 -7
10310 172 0
10320 180 8
10330 186 6
10340 182 -4
10350 181 -1
10360 175 -6
10370 174 -1
10380 178 4
10390 175 -3
10400 174 -1
10410 182 8
10420 165 -17
10430 161 -4
10440 168 7
10450 182 14
10460 181 -1
10470 178 -3
10480 174 -4
10490 184 10
10500 174 -10
10510 163 -11
10520 169 6
10530 168 -1
10540 163 -5
10550 166 3
10560 158 -8
10570 158 0
10580 157 -1
10590 156 -1
10600 154 -2
10610 152 -2
10620 157 5
10630 155 -2
10640 158 3
10650 165 7
10660 163 -2
10670 173 10
10680 172 -1
10690 170 -2
10700 164 -6
10710 164 0
10720 167 3
10730 174 7
10740 170 -4
10750 172 2
10760 165 -7
10770 175 10
10780 173 -2
10790 166 -7
10800 160 -6
10810 173 13
10820 176 3
10830 182 6
10840 190 8
10850 186 -4
10860 184 -2
10870 180 -4
10880 188 8
10890 189 1
10900 188 -1
10910 183 -5
10920 186 3
10930 178 -8
10940 181 3
10950 174 -7
10960 176 2
10970 181 5
10980 181 0
10990 183 2
11000 176 -7
11010 172 -4
11020 175 3
11030 172 -3
11040 168 -4
11050 151 -17
11060 159 8
11070 163 4
11080 162 -1
11090 166 4
11100 162 -4
11110 156 -6
11120 163 7
11130 165 2
11140 169 4
11150 161 -8
11160 167 6
11170 163 -4
11180 171 8
11190 172 1
11200 175 3
11210 180 5
11220 180 0
11230 179 -1
11240 177 -2
11250 178 1
11260 168 -10
11270 180 12
11280 189 9
11290 186 -3
11300 185 -1
11310 177 -8
11320 189 12
11330 187 -2
11340 177 -10
11350 170 -7
11360 179 9
11370 178 -1
11380 179 1
11390 180 1
11400 180 0
11410 193 13
11420 179 -14
11430 182 3
11440 175 -7
11450 183 8
11460 181 -2
11470 176 -5
11480 170 -6
11490 166 -4
11500 164 -2
11510 165 1
11520 170 5
11530 175 5
11540 179 4
11550 181 2
11560 182 1
11570 183 1
11580 185 2
11590 178 -7
11600 182 4
11610 182 0
11620 180 -2
11630 182 2
11640 180 -2
11650 178 -2
11660 173 -5
11670 167 -6
11680 164 -3
11690 165 1
11700 170 5
11710 167 -3
11720 167 0
11730 167 0
11740 175 8
11750 166 -9
11760 166 0
11770 162 -4
11780 160 -2
11790 159 -1
11800 162 3
11810 159 -3
11820 159 0
11830 153 -6
11840 159 6
11850 156 -3
11860 153 -3
11870 158 5
11880 163 5
11890 164 1
11900 163 -1
11910 170 7
11920 166 -4
11930 163 -3
11940 162 -1
11950 156 -6
11960 164 8
11970 166 2
11980 161 -5
11990 159 -2
12000 163 4
12010 172 9
12020 175 3
12030 177 2
12040 166 -11
12050 164 -2
12060 171 7
12070 170 -1
12080 166 -4
12090 168 2
12100 174 6
12110 160 -14
12120 158 -2
12130 164 6
12140 160 -4
12150 161 1
12160 160 -1
12170 166 6
12180 166 0
12190 158 -8
12200 171 13
12210 180 9
12220 176 -4
12230 178 2
12240 174 -4
12250 187 13
12260 176 -11
12270 170 -6
12280 169 -1
12290 184 15
12300 179 -5
12310 179 0
12320 179 0
12330 177 -2
12340 181 4
12350 182 1
12360 181 -1
12370 177 -4
12380 189 12
12390 179 -10
12400 184 5
12410 193 9
12420 189 -4
12430 183 -6
12440 189 6
12450 183 -6
12460 182 -1
12470 195 13
12480 182 -13
12490 180 -2
12500 179 -1
12510 183 4
12520 184 1
12530 177 -7
12540 185 8
12550 183 -2
12560 179 -4
12570 184 5
12580 187 3
12590 186 -1
12600 191 5
12610 187 -4
12620 190 3
12630 189 -1
12640 192 3
12650 193 1
12660 196 3
12670 188 -8
12680 181 -7
12690 188 7
12700 183 -5
12710 186 3
12720 186 0
12730 184 -2
12740 190 6
12750 187 -3
12760 192 5
12770 190 -2
12780 190 0
12790 188 -2
12800 176 -12
12810 179 3
12820 175 -4
12830 186 11
12840 192 6
12850 187 -5
12860 187 0
12870 187 0
12880 180 -7
12890 187 7
12900 175 -12
12910 174 -1
12920 172 -2
12930 176 4
12940 174 -2
12950 164 -10
12960 170 6
12970 174 4
12980 170 -4
12990 176 6
13000 173 -3
13010 185 12
13020 182 -3
13030 179 -3
13040 185 6
13050 187 2
13060 184 -3
13070 186 2
13080 185 -1
13090 188 3
13100 183 -5
13110 177 -6
13120 180 3
13130 171 -9
13140 173 2
13150 172 -1
13160 173 1
13170 171 -2
13180 182 11
13190 183 1
13200 178 -5
13210 185 7
13220 191 6
13230 190 -1
13240 185 -5
13250 183 -2
13260 182 -1
13270 178 -4
13280 179 1
13290 170 -9
13300 177 7
13310 187 10
13320 179 -8
13330 179 0
13340 190 11
13350 187 -3
13360 180 -7
13370 183 3
13380 182 -1
13390 186 4
13400 181 -5
13410 184 3
13420 175 -9
13430 182 7
13440 184 2
13450 176 -8
13460 188 12
13470 182 -6
13480 184 2
13490 182 -2
13500 179 -3
13510 176 -3
13520 174 -2
13530 179 5
13540 186 7
13550 181 -5
13560 182 1
13570 182 0
13580 188 6
13590 186 -2
13600 185 -1
13610 186 1
13620 178 -8
13630 173 -5
13640 174 1
13650 179 5
13660 176 -3
13670 171 -5
13680 172 1
13690 178 6
13700 179 1
13710 176 -3
13720 168 -8
13730 162 -6
13740 157 -5
13750 169 12
13760 174 5
13770 180 6
13780 173 -7
13790 183 10
13800 176 -7
13810 178 2
13820 174 -4
13830 179 5
13840 182 3
13850 183 1
13860 175 -8
13870 180 5
13880 175 -5
13890 176 1
13900 184 8
13910 180 -4
13920 172 -8
13930 176 4
13940 183 7
13950 185 2
13960 186 1
13970 180 -6
13980 186 6
13990 192 6
14000 180 -12
14010 176 -4
14020 176 0
14030 177 1
14040 169 -8
14050 171 2
14060 171 0
14070 169 -2
14080 169 0
14090 172 3
14100 160 -12
14110 168 8
14120 172 4
14130 177 5
14140 181 4
14150 184 3
14160 181 -3
14170 185 4
14180 181 -4
14190 181 0
14200 184 3
14210 177 -7
14220 181 4
14230 184 3
14240 189 5
14250 184 -5
14260 176 -8
14270 178 2
14280 182 4
14290 182 0
14300 183 1
14310 176 -7
14320 173 -3
14330 176 3
14340 176 0
14350 179 3
14360 175 -4
14370 179 4
14380 176 -3
14390 178 2
14400 176 -2
14410 186 10
14420 190 4
14430 182 -8
14440 188 6
14450 181 -7
14460 177 -4
14470 177 0
14480 182 5
14490 180 -2
14500 178 -2
14510 170 -8
14520 174 4
14530 174 0
14540 179 5
14550 183 4
14560 184 1
14570 185 1
14580 185 0
14590 191 6
14600 183 -8
14610 172 -11
14620 178 6
14630 176 -2
14640 176 0
14650 170 -6
14660 162 -8
14670 160 -2
14680 164 4
14690 166 2
14700 173 7
14710 173 0
14720 176 3
14730 175 -1
14740 186 11
14750 177 -9
14760 175 -2
14770 173 -2
14780 175 2
14790 181 6
14800 176 -5
14810 175 -1
14820 179 4
14830 186 7
14840 183 -3
14850 195 12
14860 183 -12
14870 192 9
14880 187 -5
14890 184 -3
14900 182 -2
14910 183 1
14920 178 -5
14930 187 9
14940 189 2
14950 184 -5
14960 186 2
14970 178 -8
14980 184 6
14990 184 0
15000 183 -1
15010 186 3
15020 188 2
15030 183 -5
15040 183 0
15050 181 -2
15060 184 3
15070 192 8
15080 181 -11
15090 177 -4
15100 184 7
15110 179 -5
15120 188 9
15130 182 -6
15140 183 1
15150 176 -7
15160 181 5
15170 172 -9
15180 172 0
15190 178 6
15200 167 -11
15210 169 2
15220 160 -9
15230 164 4
15240 168 4
15250 168 0
15260 170 2
15270 166 -4
15280 169 3
15290 167 -2
15300 173 6
15310 160 -13
15320 172 12
15330 187 15
15340 176 -11
15350 185 9
15360 185 0
15370 186 1
15380 185 -1
15390 177 -8
15400 174 -3
15410 170 -4
15420 171 1
15430 171 0
15440 180 9
15450 176 -4
15460 174 -2
15470 175 1
15480 174 -1
15490 178 4
15500 180 2
15510 174 -6
15520 175 1
15530 170 -5
15540 168 -2
15550 171 3
15560 181 10
15570 181 0
15580 179 -2
15590 172 -7
15600 172 0
15610 176 4
15620 178 2
15630 183 5
15640 178 -5
15650 180 2
15660 177 -3
15670 184 7
15680 181 -3
15690 173 -8
15700 168 -5
15710 182 14
15720 184 2
15730 181 -3
15740 171 -10
15750 180 9
15760 177 -3
15770 181 4
15780 185 4
15790 174 -11
15800 174 0
15810 176 2
15820 181 5
15830 172 -9
15840 175 3
15850 167 -8
15860 174 7
15870 159 -15
15880 167 8
15890 164 -3
15900 176 12
15910 176 0
15920 176 0
15930 172 -4
15940 173 1
15950 177 4
15960 167 -10
15970 172 5
15980 183 11
15990 180 -3
16000 177 -3
16010 184 7
16020 180 -4
16030 174 -6
16040 179 5
16050 174 -5
16060 176 2
16070 176 0
16080 171 -5
16090 179 8
16100 186 7
16110 179 -7
16120 182 3
16130 179 -3
16140 177 -2
16150 180 3
16160 183 3
16170 174 -9
16180 173 -1
16190 168 -5
16200 168 0
16210 165 -3
16220 165 0
16230 166 1
16240 167 1
16250 159 -8
16260 161 2
16270 168 7
16280 164 -4
16290 176 12
16300 173 -3
16310 171 -2
16320 182 11
16330 182 0
16340 178 -4
16350 178 0
16360 178 0
16370 185 7
16380 190 5
16390 170 -20
16400 168 -2
16410 172 4
16420 164 -8
16430 174 10
16440 175 1
16450 175 0
16460 182 7
16470 180 -2
16480 187 7
16490 187 0
16500 189 2
16510 183 -6
16520 184 1
16530 185 1
16540 182 -3
16550 179 -3
16560 173 -6
16570 171 -2
16580 183 12
16590 178 -5
16600 176 -2
16610 176 0
16620 174 -2
16630 172 -2
16640 168 -4
16650 176 8
16660 173 -3
16670 165 -8
16680 168 3
16690 167 -1
16700 170 3
16710 172 2
16720 171 -1
16730 179 8
16740 172 -7
16750 181 9
16760 176 -5
16770 171 -5
16780 175 4
16790 176 1
16800 178 2
16810 177 -1
16820 182 5
16830 180 -2
16840 179 -1
16850 179 0
16860 174 -5
16870 179 5
16880 178 -1
16890 169 -9
16900 173 4
16910 173 0
16920 163 -10
16930 173 10
16940 179 6
16950 174 -5
16960 169 -5
16970 173 4
16980 171 -2
16990 175 4
17000 185 10
17010 180 -5
17020 174 -6
17030 181 7
17040 181 0
17050 166 -15
17060 174 8
17070 169 -5
17080 166 -3
17090 164 -2
17100 165 1
17110 164 -1
17120 165 1
17130 174 9
17140 169 -5
17150 175 6
17160 171 -4
17170 168 -3
17180 165 -3
17190 160 -5
17200 158 -2
17210 167 9
17220 176 9
17230 179 3
17240 175 -4
17250 176 1
17260 176 0
17270 179 3
17280 182 3
17290 183 1
17300 188 5
17310 176 -12
17320 171 -5
17330 187 16
17340 186 -1
17350 186 0
17360 181 -5
17370 172 -9
17380 164 -8
17390 163 -1
17400 167 4
17410 161 -6
17420 161 0
17430 165 4
17440 166 1
17450 168 2
17460 168 0
17470 168 0
17480 159 -9
17490 162 3
17500 159 -3
17510 157 -2
17520 163 6
17530 163 0
17540 170 7
17550 175 5
17560 166 -9
17570 169 3
17580 178 9
17590 174 -4
17600 165 -9
17610 164 -1
17620 170 6
17630 175 5
17640 180 5
17650 174 -6
17660 176 2
17670 175 -1
17680 171 -4
17690 176 5
17700 176 0
17710 177 1
17720 184 7
17730 184 0
17740 182 -2
17750 191 9
17760 184 -7
17770 175 -9
17780 172 -3
17790 172 0
17800 181 9
17810 179 -2
17820 178 -1
17830 167 -11
17840 172 5
17850 170 -2
17860 171 1
17870 177 6
17880 166 -11
17890 169 3
17900 167 -2
17910 167 0
17920 163 -4
17930 160 -3
17940 164 4
17950 175 11
17960 173 -2
17970 179 6
17980 176 -3
17990 177 1
18000 174 -3
18010 183 9
18020 187 4
18030 183 -4
18040 179 -4
18050 174 -5
18060 178 4
18070 185 7
18080 184 -1
18090 190 6
18100 183 -7
18110 188 5
18120 186 -2
18130 188 2
18140 181 -7
18150 173 -8
18160 171 -2
18170 169 -2
18180 162 -7
18190 167 5
18200 173 6
18210 177 4
18220 176 -1
18230 174 -2
18240 182 8
18250 179 -3
18260 177 -2
18270 184 7
18280 187 3
18290 193 6
18300 184 -9
18310 186 2
18320 188 2
18330 185 -3
18340 188 3
18350 180 -8
18360 174 -6
18370 186 12
18380 176 -10
18390 185 9
18400 185 0
18410 179 -6
18420 179 0
18430 185 6
18440 173 -12
18450 187 14
18460 181 -6
18470 181 0
18480 183 2
18490 182 -1
18500 183 1
18510 187 4
18520 184 -3
18530 184 0
18540 185 1
18550 187 2
18560 182 -5
18570 180 -2
18580 187 7
18590 186 -1
18600 179 -7
18610 178 -1
18620 183 5
18630 179 -4
18640 181 2
18650 181 0
18660 184 3
18670 186 2
18680 177 -9
18690 182 5
18700 180 -2
18710 180 0
18720 181 1
18730 173 -8
18740 173 0
18750 174 1
18760 177 3
18770 176 -1
18780 177 1
18790 184 7
18800 182 -2
18810 191 9
18820 188 -3
18830 182 -6
18840 180 -2
18850 185 5
18860 186 1
18870 187 1
18880 197 10
18890 190 -7
18900 183 -7
18910 187 4
18920 180 -7
18930 172 -8
18940 177 5
18950 184 7
18960 180 -4
18970 179 -1
18980 182 3
18990 183 1
19000 180 -3
19010 187 7
19020 183 -4
19030 182 -1
19040 181 -1
19050 180 -1
19060 185 5
19070 183 -2
19080 179 -4
19090 180 1
19100 175 -5
19110 172 -3
19120 172 0
19130 169 -3
19140 170 1
19150 181 11
19160 169 -12
19170 165 -4
19180 178 13
19190 180 2
19200 182 2
19210 182 0
19220 181 -1
19230 185 4
19240 169 -16
19250 178 9
19260 173 -5
19270 177 4
19280 175 -2
19290 170 -5
19300 162 -8
19310 174 12
19320 184 10
19330 175 -9
19340 174 -1
19350 179 5
19360 185 6
19370 185 0
19380 186 1
19390 186 0
19400 178 -8
19410 176 -2
19420 170 -6
19430 174 4
19440 178 4
19450 179 1
19460 176 -3
19470 178 2
19480 181 3
19490 174 -7
19500 176 2
19510 178 2
19520 179 1
19530 180 1
19540 180 0
19550 179 -1
19560 181 2
19570 178 -3
19580 174 -4
19590 178 4
19600 184 6
19610 183 -1
19620 182 -1
19630 180 -2
19640 186 6
19650 186 0
19660 178 -8
19670 190 12
19680 179 -11
19690 181 2
19700 179 -2
19710 182 3
19720 185 3
19730 170 -15
19740 165 -5
19750 165 0
19760 170 5
19770 168 -2
19780 167 -1
19790 170 3
19800 177 7
19810 176 -1
19820 179 3
19830 178 -1
19840 172 -6
19850 174 2
19860 179 5
19870 171 -8
19880 168 -3
19890 174 6
19900 172 -2
19910 172 0
19920 175 3
19930 175 0
19940 172 -3
19950 167 -5
19960 170 3
19970 172 2
19980 179 7
19990 173 -6
20000 166 -7
20010 165 -1
20020 175 10
20030 169 -6
20040 172 3
20050 168 -4
20060 175 7
20070 175 0
20080 174 -1
20090 172 -2
20100 171 -1
20110 179 8
20120 174 -5
20130 178 4
20140 175 -3
20150 168 -7
20160 182 14
20170 172 -10
20180 169 -3
20190 175 6
20200 179 4
20210 174 -5
20220 177 3
20230 182 5
20240 175 -7
20250 178 3
20260 174 -4
20270 175 1
20280 181 6
20290 181 0
20300 176 -5
20310 178 2
20320 172 -6
20330 183 11
20340 183 0
20350 176 -7
20360 179 3
20370 177 -2
20380 171 -6
20390 178 7
20400 181 3
20410 167 -14
20420 161 -6
20430 158 -3
20440 164 6
20450 173 9
20460 173 0
20470 169 -4
20480 169 0
20490 175 6
20500 187 12
20510 191 4
20520 188 -3
20530 193 5
20540 186 -7
20550 188 2
20560 177 -11
20570 174 -3
20580 167 -7
20590 172 5
20600 181 9
20610 174 -7
20620 167 -7
20630 170 3
20640 181 11
20650 185 4
20660 186 1
20670 181 -5
20680 178 -3
20690 183 5
20700 184 1
20710 189 5
20720 175 -14
20730 172 -3
20740 169 -3
20750 175 6
20760 177 2
20770 171 -6
20780 176 5
20790 178 2
20800 171 -7
20810 170 -1
20820 176 6
20830 172 -4
20840 174 2
20850 176 2
20860 168 -8
20870 176 8
20880 177 1
20890 180 3
20900 176 -4
20910 184 8
20920 189 5
20930 190 1
20940 185 -5
20950 187 2
20960 191 4
20970 179 -12
20980 179 0
20990 182 3
21000 186 4
21010 178 -8
21020 178 0
21030 181 3
21040 175 -6
21050 181 6
21060 188 7
21070 189 1
21080 178 -11
21090 176 -2
21100 185 9
21110 180 -5
21120 179 -1
21130 174 -5
21140 175 1
21150 178 3
21160 178 0
21170 181 3
21180 186 5
21190 184 -2
21200 184 0
21210 183 -1
21220 189 6
21230 186 -3
21240 188 2
21250 183 -5
21260 171 -12
21270 171 0
21280 164 -7
21290 163 -1
21300 164 1
21310 172 8
21320 165 -7
21330 163 -2
21340 160 -3
21350 159 -1
21360 159 0
21370 161 2
21380 158 -3
21390 152 -6
21400 140 -12
21410 151 11
21420 154 3
21430 160 6
21440 159 -1
21450 149 -10
21460 156 7
21470 151 -5
21480 159 8
21490 163 4
21500 154 -9
21510 163 9
21520 159 -4
21530 160 1
21540 162 2
21550 164 2
21560 164 0
21570 178 14
21580 178 0
21590 179 1
21600 177 -2
21610 187 10
21620 187 0
21630 174 -13
21640 174 0
21650 173 -1
21660 179 6
21670 180 1
21680 176 -4
21690 174 -2
21700 180 6
21710 178 -2
21720 187 9
21730 181 -6
21740 173 -8
21750 168 -5
21760 171 3
21770 182 11
21780 177 -5
21790 171 -6
21800 184 13
21810 184 0
21820 187 3
21830 186 -1
21840 187 1
21850 181 -6
21860 173 -8
21870 180 7
21880 175 -5
21890 182 7
21900 178 -4
21910 180 2
21920 174 -6
21930 171 -3
21940 174 3
21950 170 -4
21960 172 2
21970 172 0
21980 174 2
21990 181 7
22000 170 -11
22010 173 3
22020 174 1
22030 173 -1
22040 176 3
22050 175 -1
22060 186 11
22070 188 2
22080 186 -2
22090 177 -9
22100 182 5
22110 177 -5
22120 178 1
22130 175 -3
22140 172 -3
22150 179 7
22160 185 6
22170 172 -13
22180 178 6
22190 182 4
22200 172 -10
22210 178 6
22220 189 11
22230 184 -5
22240 186 2
22250 178 -8
22260 183 5
22270 179 -4
22280 183 4
22290 187 4
22300 186 -1
22310 186 0
22320 190 4
22330 184 -6
22340 175 -9
22350 178 3
22360 188 10
22370 178 -10
22380 185 7
22390 181 -4
22400 184 3
22410 181 -3
22420 180 -1
22430 180 0
22440 181 1
22450 179 -2
22460 184 5
22470 175 -9
22480 176 1
22490 184 8
22500 167 -17
22510 165 -2
22520 157 -8
22530 161 4
22540 170 9
22550 166 -4
22560 164 -2
22570 167 3
22580 165 -2
22590 164 -1
22600 173 9
22610 162 -11
22620 166 4
22630 167 1
22640 174 7
22650 172 -2
22660 165 -7
22670 167 2
22680 165 -2
22690 173 8
22700 176 3
22710 180 4
22720 180 0
22730 177 -3
22740 173 -4
22750 182 9
22760 184 2
22770 181 -3
22780 178 -3
22790 173 -5
22800 174 1
22810 173 -1
22820 173 0
22830 170 -3
22840 173 3
22850 179 6
22860 185 6
22870 179 -6
22880 170 -9
22890 171 1
22900 176 5
22910 176 0
22920 175 -1
22930 175 0
22940 180 5
22950 181 1
22960 184 3
22970 183 -1
22980 192 9
22990 185 -7
23000 185 0
23010 179 -6
23020 185 6
23030 184 -1
23040 184 0
23050 180 -4
23060 181 1
23070 179 -2
23080 181 2
23090 184 3
23100 172 -12
23110 175 3
23120 173 -2
23130 169 -4
23140 178 9
23150 177 -1
23160 172 -5
23170 178 6
23180 187 9
23190 179 -8
23200 176 -3
23210 175 -1
23220 180 5
23230 189 9
23240 179 -10
23250 181 2
23260 181 0
23270 187 6
23280 184 -3
23290 184 0
23300 180 -4
23310 176 -4
23320 175 -1
23330 181 6
23340 163 -18
23350 159 -4
23360 174 15
23370 165 -9
23380 167 2
23390 169 2
23400 171 2
23410 164 -7
23420 163 -1
23430 164 1
23440 162 -2
23450 157 -5
23460 158 1
23470 167 9
23480 172 5
23490 163 -9
23500 159 -4
23510 165 6
23520 163 -2
23530 170 7
23540 169 -1
23550 164 -5
23560 164 0
23570 161 -3
23580 162 1
23590 164 2
23600 170 6
23610 170 0
23620 167 -3
23630 166 -1
23640 177 11
23650 177 0
23660 183 6
23670 182 -1
23680 179 -3
23690 180 1
23700 181 1
23710 190 9
23720 185 -5
23730 186 1
23740 173 -13
23750 179 6
23760 188 9
23770 183 -5
23780 183 0
23790 181 -2
23800 188 7
23810 174 -14
23820 174 0
23830 182 8
23840 180 -2
23850 181 1
23860 185 4
23870 185 0
23880 180 -5
23890 183 3
23900 188 5
23910 177 -11
23920 177 0
23930 174 -3
23940 179 5
23950 180 1
23960 176 -4
23970 180 4
23980 174 -6
23990 172 -2
24000 173 1
24010 167 -6
24020 173 6
24030 181 8
24040 178 -3
24050 181 3
24060 191 10
24070 177 -14
24080 179 2
24090 183 4
24100 183 0
24110 188 5
24120 190 2
24130 180 -10
24140 189 9
24150 181 -8
24160 178 -3
24170 180 2
24180 180 0
24190 164 -16
24200 161 -3
24210 169 8
24220 169 0
24230 170 1
24240 169 -1
24250 170 1
24260 179 9
24270 175 -4
24280 184 9
24290 186 2
24300 191 5
24310 183 -8
24320 179 -4
24330 185 6
24340 181 -4
24350 173 -8
24360 179 6
24370 167 -12
24380 172 5
24390 181 9
24400 174 -7
24410 173 -1
24420 180 7
24430 182 2
24440 174 -8
24450 175 1
24460 175 0
24470 184 9
24480 184 0
24490 172 -12
24500 171 -1
24510 167 -4
24520 171 4
24530 180 9
24540 183 3
24550 176 -7
24560 169 -7
24570 179 10
24580 176 -3
24590 181 5
24600 176 -5
24610 181 5
24620 179 -2
24630 183 4
24640 183 0
24650 176 -7
24660 174 -2
24670 174 0
24680 174 0
24690 166 -8
24700 156 -10
24710 155 -1
24720 163 8
24730 170 7
24740 163 -7
24750 158 -5
24760 150 -8
24770 169 19
24780 165 -4
24790 159 -6
24800 165 6
24810 168 3
24820 178 10
24830 180 2
24840 178 -2
24850 172 -6
24860 181 9
24870 178 -3
24880 177 -1
24890 183 6
24900 178 -5
24910 180 2
24920 184 4
24930 184 0
24940 183 -1
24950 180 -3
24960 184 4
24970 185 1
24980 190 5
24990 191 1
25000 188 -3
25010 190 2
25020 194 4
25030 190 -4
25040 182 -8
25050 180 -2
25060 193 13
25070 183 -10
25080 173 -10
25090 173 0
25100 167 -6
25110 174 7
25120 172 -2
25130 176 4
25140 171 -5
25150 177 6
25160 178 1
25170 176 -2
25180 177 1
25190 174 -3
25200 178 4
25210 175 -3
25220 180 5
25230 168 -12
25240 177 9
25250 183 6
25260 187 4
25270 191 4
25280 180 -11
25290 180 0
25300 180 0
25310 183 3
25320 188 5
25330 177 -11
25340 174 -3
25350 165 -9
25360 171 6
25370 170 -1
25380 174 4
25390 177 3
25400 176 -1
25410 173 -3
25420 173 0
25430 179 6
25440 181 2
25450 177 -4
25460 184 7
25470 185 1
25480 183 -2
25490 184 1
25500 190 6
25510 191 1
25520 185 -6
25530 182 -3
25540 175 -7
25550 177 2
25560 176 -1
25570 182 6
25580 184 2
25590 187 3
25600 180 -7
25610 189 9
25620 188 -1
25630 186 -2
25640 189 3
25650 187 -2
25660 189 2
25670 178 -11
25680 174 -4
25690 183 9
25700 177 -6
25710 178 1
25720 175 -3
25730 179 4
25740 179 0
25750 183 4
25760 185 2
25770 184 -1
25780 179 -5
25790 183 4
25800 179 -4
25810 188 9
25820 182 -6
25830 189 7
25840 187 -2
25850 188 1
25860 185 -3
25870 172 -13
25880 178 6
25890 177 -1
25900 180 3
25910 177 -3
25920 179 2
25930 177 -2
25940 176 -1
25950 168 -8
25960 175 7
25970 177 2
25980 181 4
25990 184 3
26000 186 2
26010 183 -3
26020 180 -3
26030 176 -4
26040 177 1
26050 185 8
26060 172 -13
26070 178 6
26080 182 4
26090 185 3
26100 185 0
26110 183 -2
26120 186 3
26130 179 -7
26140 180 1
26150 168 -12
26160 166 -2
26170 178 12
26180 180 2
26190 177 -3
26200 177 0
26210 167 -10
26220 168 1
26230 174 6
26240 182 8
26250 180 -2
26260 174 -6
26270 179 5
26280 182 3
26290 182 0
26300 188 6
26310 180 -8
26320 178 -2
26330 192 14
26340 186 -6
26350 184 -2
26360 193 9
26370 187 -6
26380 181 -6
26390 185 4
26400 180 -5
26410 181 1
26420 184 3
26430 179 -5
26440 185 6
26450 175 -10
26460 182 7
26470 174 -8
26480 184 10
26490 185 1
26500 164 -21
26510 171 7
26520 166 -5
26530 167 1
26540 172 5
26550 169 -3
26560 164 -5
26570 169 5
26580 180 11
26590 177 -3
26600 176 -1
26610 180 4
26620 184 4
26630 181 -3
26640 167 -14
26650 172 5
26660 174 2
26670 179 5
26680 180 1
26690 163 -17
26700 165 2
26710 161 -4
26720 169 8
26730 160 -9
26740 157 -3
26750 167 10
26760 168 1
26770 170 2
26780 172 2
26790 177 5
26800 184 7
26810 180 -4
26820 181 1
26830 189 8
26840 190 1
26850 186 -4
26860 187 1
26870 188 1
26880 187 -1
26890 179 -8
26900 177 -2
26910 172 -5
26920 176 4
26930 174 -2
26940 168 -6
26950 170 2
26960 172 2
26970 169 -3
26980 172 3
26990 174 2
27000 177 3
27010 178 1
27020 177 -1
27030 179 2
27040 172 -7
27050 178 6
27060 168 -10
27070 177 9
27080 176 -1
27090 176 0
27100 185 9
27110 187 2
27120 188 1
27130 185 -3
27140 182 -3
27150 180 -2
27160 178 -2
27170 162 -16
27180 169 7
27190 168 -1
27200 172 4
27210 172 0
27220 176 4
27230 172 -4
27240 183 11
27250 184 1
27260 179 -5
27270 179 0
27280 188 9
27290 189 1
27300 185 -4
27310 186 1
27320 188 2
27330 174 -14
27340 179 5
27350 183 4
27360 188 5
27370 186 -2
27380 181 -5
27390 180 -1
27400 188 8
27410 187 -1
27420 187 0
27430 182 -5
27440 185 3
27450 183 -2
27460 189 6
27470 193 4
27480 185 -8
27490 187 2
27500 180 -7
27510 191 11
27520 186 -5
27530 178 -8
27540 179 1
27550 186 7
27560 182 -4
27570 178 -4
27580 171 -7
27590 184 13
27600 175 -9
27610 166 -9
27620 166 0
27630 173 7
27640 174 1
27650 176 2
27660 183 7
27670 190 7
27680 182 -8
27690 177 -5
27700 186 9
27710 186 0
27720 184 -2
27730 187 3
27740 186 -1
27750 184 -2
27760 182 -2
27770 179 -3
27780 184 5
27790 183 -1
27800 172 -11
27810 169 -3
27820 166 -3
27830 178 12
27840 171 -7
27850 175 4
27860 182 7
27870 177 -5
27880 186 9
27890 185 -1
27900 177 -8
27910 183 6
27920 184 1
27930 184 0
27940 183 -1
27950 182 -1
27960 181 -1
27970 180 -1
27980 177 -3
27990 176 -1
28000 177 1
28010 175 -2
28020 182 7
28030 186 4
28040 182 -4
28050 179 -3
28060 177 -2
28070 176 -1
28080 190 14
28090 188 -2
28100 181 -7
28110 174 -7
28120 182 8
28130 179 -3
28140 173 -6
28150 168 -5
28160 159 -9
28170 155 -4
28180 156 1
28190 170 14
28200 174 4
28210 175 1
28220 171 -4
28230 179 8
28240 175 -4
28250 179 4
28260 175 -4
28270 177 2
28280 187 10
28290 178 -9
28300 172 -6
28310 171 -1
28320 178 7
28330 187 9
28340 173 -14
28350 183 10
28360 186 3
28370 189 3
28380 191 2
28390 179 -12
28400 180 1
28410 185 5
28420 196 11
28430 180 -16
28440 188 8
28450 182 -6
28460 181 -1
28470 179 -2
28480 182 3
28490 177 -5
28500 180 3
28510 174 -6
28520 170 -4
28530 182 12
28540 180 -2
28550 187 7
28560 188 1
28570 178 -10
28580 180 2
28590 182 2
28600 183 1
28610 177 -6
28620 175 -2
28630 179 4
28640 181 2
28650 182 1
28660 181 -1
28670 188 7
28680 190 2
28690 185 -5
28700 180 -5
28710 177 -3
28720 175 -2
28730 176 1
28740 172 -4
28750 179 7
28760 177 -2
28770 181 4
28780 188 7
28790 182 -6
28800 182 0
28810 177 -5
28820 178 1
28830 178 0
28840 175 -3
28850 178 3
28860 174 -4
28870 167 -7
28880 175 8
28890 172 -3
28900 168 -4
28910 170 2
28920 163 -7
28930 162 -1
28940 170 8
28950 177 7
28960 167 -10
28970 177 10
28980 184 7
28990 188 4
29000 177 -11
29010 171 -6
29020 175 4
29030 178 3
29040 184 6
29050 181 -3
29060 181 0
29070 178 -3
29080 180 2
29090 188 8
29100 185 -3
29110 175 -10
29120 182 7
29130 186 4
29140 180 -6
29150 170 -10
29160 166 -4
29170 161 -5
29180 176 15
29190 165 -11
29200 175 10
29210 181 6
29220 165 -16
29230 170 5
29240 183 13
29250 180 -3
29260 177 -3
29270 178 1
29280 181 3
29290 180 -1
29300 176 -4
29310 166 -10
29320 167 1
29330 169 2
29340 182 13
29350 188 6
29360 184 -4
29370 178 -6
29380 181 3
29390 186 5
29400 187 1
29410 191 4
29420 187 -4
29430 189 2
29440 182 -7
29450 169 -13
29460 171 2
29470 176 5
29480 181 5
29490 183 2
29500 175 -8
29510 180 5
29520 177 -3
29530 178 1
29540 179 1
29550 171 -8
29560 169 -2
29570 175 6
29580 178 3
29590 176 -2
29600 176 0
29610 180 4
29620 183 3
29630 177 -6
29640 175 -2
29650 181 6
29660 183 2
29670 182 -1
29680 186 4
29690 186 0
29700 182 -4
29710 181 -1
29720 183 2
29730 183 0
29740 185 2
29750 182 -3
29760 178 -4
29770 175 -3
29780 181 6
29790 176 -5
29800 177 1
29810 175 -2
29820 181 6
29830 183 2
29840 187 4
29850 181 -6
29860 187 6
29870 184 -3
29880 188 4
29890 181 -7
29900 186 5
29910 186 0
29920 188 2
29930 188 0
29940 181 -7
29950 190 9
29960 183 -7
29970 186 3
29980 197 11
29990 197 0
30000 194 -3
30010 189 -5
30020 186 -3
30030 188 2
30040 177 -11
30050 181 4
30060 179 -2
30070 169 -10
30080 186 17
30090 180 -6
30100 173 -7
30110 169 -4
30120 163 -6
30130 163 0
30140 174 11
30150 174 0
30160 171 -3
30170 175 4
30180 177 2
30190 180 3
30200 183 3
30210 175 -8
30220 180 5
30230 183 3
30240 185 2
30250 193 8
30260 178 -15
30270 184 6
30280 181 -3
30290 180 -1
30300 187 7
30310 190 3
30320 179 -11
30330 189 10
30340 179 -10
30350 182 3
30360 189 7
30370 185 -4
30380 187 2
30390 183 -4
30400 185 2
30410 183 -2
30420 180 -3
30430 186 6
30440 184 -2
30450 181 -3
30460 184 3
30470 171 -13
30480 180 9
30490 188 8
30500 184 -4
30510 177 -7
30520 189 12
30530 181 -8
30540 184 3
30550 183 -1
30560 183 0
30570 189 6
30580 184 -5
30590 182 -2
30600 185 3
30610 179 -6
30620 187 8
30630 186 -1
30640 185 -1
30650 186 1
30660 192 6
30670 191 -1
30680 174 -17
30690 175 1
30700 174 -1
30710 176 2
30720 177 1
30730 183 6
30740 176 -7
30750 173 -3
30760 158 -15
30770 171 13
30780 161 -10
30790 167 6
30800 173 6
30810 178 5
30820 172 -6
30830 173 1
30840 167 -6
30850 165 -2
30860 169 4
30870 178 9
30880 177 -1
30890 173 -4
30900 175 2
30910 184 9
30920 184 0
30930 186 2
30940 188 2
30950 177 -11
30960 186 9
30970 183 -3
30980 185 2
30990 184 -1
31000 188 4
31010 181 -7
31020 173 -8
31030 171 -2
31040 178 7
31050 180 2
31060 177 -3
31070 180 3
31080 184 4
31090 194 10
31100 184 -10
31110 174 -10
31120 178 4
31130 171 -7
31140 182 11
31150 177 -5
31160 175 -2
31170 167 -8
31180 173 6
31190 177 4
31200 167 -10
31210 165 -2
31220 171 6
31230 175 4
31240 177 2
31250 172 -5
31260 177 5
31270 175 -2
31280 176 1
31290 180 4
31300 172 -8
31310 169 -3
31320 174 5
31330 177 3
31340 174 -3
31350 178 4
31360 176 -2
31370 180 4
31380 185 5
31390 178 -7
31400 181 3
31410 173 -8
31420 179 6
31430 173 -6
31440 174 1
31450 180 6
31460 170 -10
31470 168 -2
31480 176 8
31490 176 0
31500 179 3
31510 185 6
31520 189 4
31530 186 -3
31540 183 -3
31550 178 -5
31560 176 -2
31570 177 1
31580 176 -1
31590 190 14
31600 174 -16
31610 179 5
31620 184 5
31630 187 3
31640 192 5
31650 190 -2
31660 181 -9
31670 170 -11
31680 175 5
31690 176 1
31700 172 -4
31710 166 -6
31720 172 6
31730 168 -4
31740 172 4
31750 168 -4
31760 176 8
31770 186 10
31780 181 -5
31790 183 2
31800 177 -6
31810 176 -1
31820 178 2
31830 179 1
31840 190 11
31850 179 -11
31860 173 -6
31870 174 1
31880 179 5
31890 175 -4
31900 180 5
31910 184 4
31920 191 7
31930 186 -5
31940 190 4
31950 186 -4
31960 183 -3
31970 182 -1
31980 186 4
31990 178 -8
32000 172 -6
32010 173 1
32020 169 -4
32030 171 2
32040 171 0
32050 162 -9
32060 166 4
32070 171 5
32080 178 7
32090 183 5
32100 184 1
32110 182 -2
32120 187 5
32130 181 -6
32140 189 8
32150 180 -9
32160 183 3
32170 187 4
32180 186 -1
32190 177 -9
32200 170 -7
32210 167 -3
32220 170 3
32230 165 -5
32240 165 0
32250 168 3
32260 165 -3
32270 177 12
32280 179 2
32290 172 -7
32300 173 1
32310 173 0
32320 179 6
32330 184 5
32340 184 0
32350 184 0
32360 184 0
32370 185 1
32380 189 4
32390 195 6
32400 193 -2
32410 186 -7
32420 187 1
32430 180 -7
32440 175 -5
32450 182 7
32460 184 2
32470 183 -1
32480 167 -16
32490 168 1
32500 164 -4
32510 165 1
32520 168 3
32530 175 7
32540 175 0
32550 172 -3
32560 164 -8
32570 168 4
32580 170 2
32590 180 10
32600 170 -10
32610 179 9
32620 180 1
32630 176 -4
32640 185 9
32650 185 0
32660 192 7
32670 182 -10
32680 180 -2
32690 182 2
32700 174 -8
32710 180 6
32720 184 4
32730 186 2
32740 180 -6
32750 177 -3
32760 173 -4
32770 177 4
32780 178 1
32790 168 -10
32800 170 2
32810 190 20
32820 172 -18
32830 168 -4
32840 173 5
32850 181 8
32860 183 2
32870 179 -4
32880 180 1
32890 187 7
32900 175 -12
32910 177 2
32920 175 -2
32930 183 8
32940 180 -3
32950 171 -9
32960 182 11
32970 180 -2
32980 186 6
32990 178 -8
33000 187 9
33010 186 -1
33020 183 -3
33030 184 1
33040 180 -4
33050 177 -3
33060 178 1
33070 174 -4
33080 181 7
33090 182 1
33100 187 5
33110 176 -11
33120 184 8
33130 179 -5
33140 179 0
33150 189 10
33160 183 -6
33170 182 -1
33180 178 -4
33190 173 -5
33200 169 -4
33210 170 1
33220 182 12
33230 175 -7
33240 177 2
33250 184 7
33260 182 -2
33270 179 -3
33280 180 1
33290 181 1
33300 171 -10
33310 172 1
33320 170 -2
33330 175 5
33340 178 3
33350 172 -6
33360 176 4
33370 172 -4
33380 171 -1
33390 170 -1
33400 169 -1
33410 173 4
33420 172 -1
33430 170 -2
33440 168 -2
33450 173 5
33460 183 10
33470 177 -6
33480 177 0
33490 179 2
33500 179 0
33510 177 -2
33520 182 5
33530 172 -10
33540 174 2
33550 177 3
33560 175 -2
33570 173 -2
33580 170 -3
33590 177 7
33600 175 -2
33610 183 8
33620 187 4
33630 185 -2
33640 186 1
33650 183 -3
33660 182 -1
33670 180 -2
33680 182 2
33690 189 7
33700 192 3
33710 182 -10
33720 191 9
33730 186 -5
33740 179 -7
33750 188 9
33760 178 -10
33770 177 -1
33780 186 9
33790 176 -10
33800 168 -8
33810 167 -1
33820 175 8
33830 168 -7
33840 160 -8
33850 153 -7
33860 160 7
33870 167 7
33880 157 -10
33890 161 4
33900 153 -8
33910 158 5
33920 167 9
33930 170 3
33940 161 -9
33950 172 11
33960 181 9
33970 169 -12
33980 172 3
33990 174 2
34000 181 7
34010 180 -1
34020 169 -11
34030 167 -2
34040 164 -3
34050 165 1
34060 161 -4
34070 160 -1
34080 165 5
34090 167 2
34100 163 -4
34110 180 17
34120 181 1
34130 177 -4
34140 173 -4
34150 177 4
34160 185 8
34170 173 -12
34180 179 6
34190 183 4
34200 192 9
34210 181 -11
34220 170 -11
34230 173 3
34240 172 -1
34250 176 4
34260 172 -4
34270 179 7
34280 181 2
34290 182 1
34300 179 -3
34310 182 3
34320 190 8
34330 186 -4
34340 182 -4
34350 180 -2
34360 188 8
34370 193 5
34380 187 -6
34390 179 -8
34400 180 1
34410 172 -8
34420 180 8
34430 182 2
34440 171 -11
34450 173 2
34460 180 7
34470 180 0
34480 177 -3
34490 176 -1
34500 181 5
34510 178 -3
34520 179 1
34530 178 -1
34540 181 3
34550 181 0
34560 181 0
34570 177 -4
34580 173 -4
34590 167 -6
34600 166 -1
34610 166 0
34620 174 8
34630 171 -3
34640 168 -3
34650 169 1
34660 177 8
34670 166 -11
34680 171 5
34690 169 -2
34700 172 3
34710 170 -2
34720 176 6
34730 175 -1
34740 182 7
34750 176 -6
34760 180 4
34770 186 6
34780 188 2
34790 187 -1
34800 185 -2
34810 186 1
34820 180 -6
34830 182 2
34840 182 0
34850 182 0
34860 182 0
34870 177 -5
34880 178 1
34890 176 -2
34900 179 3
34910 180 1
34920 169 -11
34930 169 0
34940 173 4
34950 164 -9
34960 157 -7
34970 161 4
34980 163 2
34990 170 7
35000 169 -1
35010 163 -6
35020 164 1
35030 169 5
35040 160 -9
35050 153 -7
35060 162 9
35070 153 -9
35080 164 11
35090 166 2
35100 173 7
35110 173 0
35120 179 6
35130 177 -2
35140 182 5
35150 167 -15
35160 156 -11
35170 161 5
35180 167 6
35190 180 13
35200 177 -3
35210 179 2
35220 181 2
35230 177 -4
35240 188 11
35250 184 -4
35260 179 -5
35270 182 3
35280 177 -5
35290 180 3
35300 181 1
35310 181 0
35320 183 2
35330 163 -20
35340 166 3
35350 167 1
35360 164 -3
35370 165 1
35380 169 4
35390 161 -8
35400 158 -3
35410 161 3
35420 152 -9
35430 156 4
35440 155 -1
35450 165 10
35460 165 0
35470 155 -10
35480 157 2
35490 155 -2
35500 159 4
35510 155 -4
35520 160 5
35530 157 -3
35540 155 -2
35550 156 1
35560 162 6
35570 155 -7
35580 149 -6
35590 157 8
35600 162 5
35610 158 -4
35620 174 16
35630 165 -9
35640 168 3
35650 162 -6
35660 163 1
35670 160 -3
35680 159 -1
35690 162 3
35700 161 -1
35710 167 6
35720 176 9
35730 177 1
35740 172 -5
35750 185 13
35760 186 1
35770 175 -11
35780 181 6
35790 190 9
35800 182 -8
35810 178 -4
35820 179 1
35830 184 5
35840 185 1
35850 169 -16
35860 172 3
35870 177 5
35880 180 3
35890 179 -1
35900 174 -5
35910 173 -1
35920 180 7
35930 190 10
35940 186 -4
35950 183 -3
35960 171 -12
35970 170 -1
35980 159 -11
35990 154 -5
36000 152 -2
36010 167 15
36020 177 10
36030 171 -6
36040 176 5
36050 183 7
36060 190 7
36070 192 2
36080 188 -4
36090 193 5
36100 188 -5
36110 180 -8
36120 176 -4
36130 187 11
36140 186 -1
36150 178 -8
36160 186 8
36170 192 6
36180 197 5
36190 194 -3
36200 193 -1
36210 194 1
36220 202 8
36230 196 -6
36240 195 -1
36250 195 0
36260 196 1
36270 191 -5
36280 186 -5
36290 198 12
36300 197 -1
36310 190 -7
36320 187 -3
36330 179 -8
36340 192 13
36350 185 -7
36360 197 12
36370 195 -2
36380 186 -9
36390 182 -4
36400 188 6
36410 184 -4
36420 186 2
36430 186 0
36440 198 12
36450 190 -8
36460 187 -3
36470 189 2
36480 196 7
36490 190 -6
36500 193 3
36510 199 6
36520 186 -13
36530 188 2
36540 183 -5
36550 186 3
36560 187 1
36570 184 -3
36580 199 15
36590 180 -19
36600 186 6
36610 199 13
36620 194 -5
36630 201 7
36640 206 5
36650 196 -10
36660 189 -7
36670 197 8
36680 202 5
36690 204 2
36700 206 2
36710 197 -9
36720 195 -2
36730 194 -1
36740 196 2
36750 193 -3
36760 188 -5
36770 193 5
36780 198 5
36790 204 6
36800 201 -3
36810 184 -17
36820 206 22
36830 196 -10
36840 206 10
36850 200 -6
36860 197 -3
36870 215 18
36880 207 -8
36890 201 -6
36900 198 -3
36910 199 1
36920 205 6
36930 206 1
36940 205 -1
36950 192 -13
36960 198 6
36970 200 2
36980 195 -5
36990 200 5
37000 202 2
37010 198 -4
37020 192 -6
37030 192 0
37040 202 10
37050 192 -10
37060 202 10
37070 205 3
37080 194 -11
37090 192 -2
37100 203 11
37110 195 -8
37120 197 2
37130 196 -1
37140 198 2
37150 199 1
37160 206 7
37170 201 -5
37180 196 -5
37190 204 8
37200 205 1
37210 204 -1
37220 195 -9
37230 197 2
37240 195 -2
37250 192 -3
37260 194 2
37270 199 5
37280 199 0
37290 200 1
37300 208 8
37310 210 2
37320 203 -7
37330 200 -3
37340 193 -7
37350 204 11
37360 205 1
37370 202 -3
37380 213 11
37390 204 -9
37400 207 3
37410 208 1
37420 207 -1
37430 197 -10
37440 200 3
37450 214 14
37460 187 -27
37470 188 1
37480 207 19
37490 206 -1
37500 201 -5
37510 208 7
37520 204 -4
37530 203 -1
37540 200 -3
37550 199 -1
37560 198 -1
37570 198 0
37580 206 8
37590 193 -13
37600 214 21
37610 206 -8
37620 215 9
37630 197 -18
37640 198 1
37650 200 2
37660 204 4
37670 197 -7
37680 200 3
37690 197 -3
37700 194 -3
37710 200 6
37720 197 -3
37730 210 13
37740 211 1
37750 204 -7
37760 189 -15
37770 204 15
37780 191 -13
37790 171 -20
37800 180 9
37810 198 18
37820 186 -12
37830 217 31
37840 211 -6
37850 203 -8
37860 207 4
37870 219 12
37880 216 -3
37890 200 -16
37900 209 9
37910 205 -4
37920 206 1
37930 211 5
37940 197 -14
37950 201 4
37960 201 0
37970 213 12
37980 220 7
37990 200 -20
38000 208 8
38010 213 5
38020 209 -4
38030 225 16
38040 190 -35
38050 205 15
38060 195 -10
38070 201 6
38080 208 7
38090 210 2
38100 204 -6
38110 198 -6
38120 204 6
38130 214 10
38140 203 -11
38150 207 4
38160 209 2
38170 197 -12
38180 191 -6
38190 209 18
38200 209 0
38210 202 -7
38220 217 15
38230 202 -15
38240 200 -2
38250 205 5
38260 210 5
38270 205 -5
38280 201 -4
38290 190 -11
38300 200 10
38310 204 4
38320 205 1
38330 212 7
38340 210 -2
38350 217 7
38360 196 -21
38370 200 4
38380 208 8
38390 203 -5
38400 196 -7
38410 192 -4
38420 207 15
38430 217 10
38440 215 -2
38450 207 -8
38460 220 13
38470 208 -12
38480 201 -7
38490 206 5
38500 210 4
38510 217 7
38520 212 -5
38530 214 2
38540 219 5
38550 206 -13
38560 202 -4
38570 204 2
38580 193 -11
38590 197 4
38600 202 5
38610 213 11
38620 216 3
38630 209 -7
38640 202 -7
38650 207 5
38660 215 8
38670 216 1
38680 200 -16
38690 207 7
38700 194 -13
38710 220 26
38720 205 -15
38730 200 -5
38740 222 22
38750 210 -12
38760 197 -13
38770 209 12
38780 195 -14
38790 206 11
38800 218 12
38810 224 6
38820 201 -23
38830 203 2
38840 195 -8
38850 209 14
38860 213 4
38870 191 -22
38880 194 3
38890 208 14
38900 203 -5
38910 186 -17
38920 204 18
38930 205 1
38940 209 4
38950 202 -7
38960 195 -7
38970 200 5
38980 199 -1
38990 222 23
39000 195 -27
39010 199 4
39020 208 9
39030 206 -2
39040 198 -8
39050 210 12
39060 218 8
39070 207 -11
39080 201 -6
39090 221 20
39100 208 -13
39110 209 1
39120 212 3
39130 213 1
39140 203 -10
39150 215 12
39160 213 -2
39170 203 -10
39180 207 4
39190 201 -6
39200 199 -2
39210 208 9
39220 206 -2
39230 200 -6
39240 204 4
39250 208 4
39260 205 -3
39270 191 -14
39280 195 4
39290 192 -3
39300 191 -1
39310 189 -2
39320 210 21
39330 208 -2
39340 191 -17
39350 205 14
39360 213 8
39370 210 -3
39380 202 -8
39390 204 2
39400 204 0
39410 218 14
39420 198 -20
39430 200 2
39440 214 14
39450 192 -22
39460 197 5
39470 207 10
39480 194 -13
39490 195 1
39500 226 31
39510 185 -41
39520 191 6
39530 207 16
39540 216 9
39550 201 -15
39560 210 9
39570 209 -1
39580 201 -8
39590 204 3
39600 203 -1
39610 212 9
39620 208 -4
39630 193 -15
39640 215 22
39650 203 -12
39660 212 9
39670 204 -8
39680 191 -13
39690 213 22
39700 205 -8
39710 199 -6
39720 192 -7
39730 198 6
39740 189 -9
39750 186 -3
39760 216 30
39770 209 -7
39780 201 -8
39790 195 -6
39800 195 0
39810 196 1
39820 216 20
39830 198 -18
39840 210 12
39850 202 -8
39860 198 -4
39870 204 6
39880 207 3
39890 203 -4
39900 209 6
39910 190 -19
39920 182 -8
39930 214 32
39940 209 -5
39950 226 17
39960 208 -18
39970 208 0
39980 190 -18
39990 200 10
40000 199 -1
40010 211 12
40020 200 -11
40030 220 20
40040 206 -14
40050 202 -4
40060 218 16
40070 203 -15
40080 191 -12
40090 200 9
40100 209 9
40110 202 -7
40120 195 -7
40130 197 2
40140 205 8
40150 199 -6
40160 214 15
40170 209 -5
40180 203 -6
40190 207 4
40200 205 -2
40210 206 1
40220 204 -2
40230 209 5
40240 198 -11
40250 194 -4
40260 205 11
40270 209 4
40280 208 -1
40290 203 -5
40300 200 -3
40310 198 -2
40320 212 14
40330 218 6
40340 214 -4
40350 193 -21
40360 211 18
40370 204 -7
40380 211 7
40390 204 -7
40400 201 -3
40410 191 -10
40420 205 14
40430 219 14
40440 221 2
40450 217 -4
40460 201 -16
40470 202 1
40480 188 -14
40490 207 19
40500 193 -14
40510 203 10
40520 223 20
40530 209 -14
40540 203 -6
40550 211 8
40560 199 -12
40570 190 -9
40580 188 -2
40590 207 19
40600 205 -2
40610 196 -9
40620 199 3
40630 223 24
40640 194 -29
40650 206 12
40660 219 13
40670 198 -21
40680 228 30
40690 203 -25
40700 210 7
40710 209 -1
40720 195 -14
40730 208 13
40740 196 -12
40750 203 7
40760 209 6
40770 206 -3
40780 214 8
40790 210 -4
40800 198 -12
40810 208 10
40820 204 -4
40830 220 16
40840 199 -21
40850 214 15
40860 216 2
40870 204 -12
40880 203 -1
40890 196 -7
40900 202 6
40910 202 0
40920 220 18
40930 213 -7
40940 204 -9
40950 211 7
40960 214 3
40970 207 -7
40980 208 1
40990 192 -16
41000 211 19
41010 203 -8
41020 196 -7
41030 207 11
41040 200 -7
41050 201 1
41060 199 -2
41070 206 7
41080 205 -1
41090 196 -9
41100 212 16
41110 196 -16
41120 196 0
41130 222 26
41140 200 -22
41150 195 -5
41160 208 13
41170 205 -3
41180 190 -15
41190 210 20
41200 213 3
41210 202 -11
41220 204 2
41230 199 -5
41240 214 15
41250 193 -21
41260 202 9
41270 220 18
41280 221 1
41290 199 -22
41300 186 -13
41310 214 28
41320 198 -16
41330 190 -8
41340 202 12
41350 216 14
41360 193 -23
41370 184 -9
41380 199 15
41390 200 1
41400 212 12
41410 209 -3
41420 219 10
41430 193 -26
41440 208 15
41450 195 -13
41460 216 21
41470 206 -10
41480 210 4
41490 212 2
41500 206 -6
41510 201 -5
41520 216 15
41530 205 -11
41540 193 -12
41550 189 -4
41560 195 6
41570 218 23
41580 207 -11
41590 212 5
41600 194 -18
41610 199 5
41620 204 5
41630 198 -6
41640 193 -5
41650 208 15
41660 205 -3
41670 230 25
41680 199 -31
41690 200 1
41700 203 3
41710 185 -18
41720 200 15
41730 194 -6
41740 207 13
41750 208 1
41760 187 -21
41770 186 -1
41780 204 18
41790 193 -11
41800 196 3
41810 203 7
41820 209 6
41830 206 -3
41840 201 -5
41850 219 18
41860 221 2
41870 200 -21
41880 204 4
41890 201 -3
41900 206 5
41910 223 17
41920 210 -13
41930 212 2
41940 197 -15
41950 199 2
41960 197 -2
41970 219 22
41980 206 -13
41990 196 -10
42000 208 12
42010 201 -7
42020 199 -2
42030 202 3
42040 203 1
42050 203 0
42060 197 -6
42070 195 -2
42080 207 12
42090 200 -7
42100 193 -7
42110 227 34
42120 210 -17
42130 188 -22
42140 194 6
42150 210 16
42160 208 -2
42170 205 -3
42180 183 -22
42190 154 -29
42200 149 -5
42210 146 -3
42220 136 -10
42230 123 -13
42240 111 -12
42250 89 -22
42260 65 -24
42270 44 -21
42280 21 -23
42290 8 -13
42300 3 -5
42310 0 -3
42320 0 0
42330 0 0
42340 0 0
42350 0 0
42360 0 0
42370 0 0
42380 0 0
42390 0 0
42400 0 0
42410 0 0
42420 0 0
42430 0 0
42440 0 0
42450 0 0
42460 0 0
42470 0 0
42480 0 0
42490 0 0
42500 0 0
42510 0 0
42520 0 0
42530 0 0
42540 0 0
42550 0 0
42560 0 0
42570 0 0
42580 0 0
42590 0 0
42600 0 0
42610 0 0
42620 0 0
42630 0 0
42640 0 0
42650 0 0
42660 0 0
42670 0 0
42680 0 0
42690 0 0
42700 0 0
42710 0 0
42720 0 0
42730 0 0
42740 0 0
42750 0 0
42760 0 0
42770 0 0
42780 0 0
42790 0 0
42800 0 0
42810 0 0
42820 0 0
42830 0 0
42840 0 0
42850 0 0
42860 0 0
42870 0 0
42880 0 0
42890 0 0
42900 0 0
42910 0 0
42920 0 0
42930 0 0
42940 0 0
42950 0 0
42960 0 0
42970 0 0
42980 0 0
42990 0 0
43000 0 0
43010 0 0
43020 0 0
43030 0 0
43040 0 0
43050 0 0
43060 0 0
43070 0 0
43080 0 0
43090 0 0
43100 0 0
43110 0 0
43120 0 0
43130 0 0
43140 0 0
43150 0 0
43160 0 0
43170 0 0
43180 0 0
43190 0 0
43200 0 0
43210 0 0
43220 0 0
43230 0 0
43240 0 0
43250 0 0
43260 0 0
43270 0 0
43280 0 0
43290 0 0
43300 0 0
43310 0 0
43320 0 0
43330 0 0
43340 0 0
43350 0 0
43360 0 0
43370 0 0
43380 0 0
43390 0 0
43400 0 0
43410 0 0
43420 0 0
43430 0 0
43440 0 0
43450 0 0
43460 0 0
43470 0 0
43480 0 0
43490 0 0
43500 0 0
43510 0 0
43520 0 0
43530 0 0
43540 0 0
43550 0 0
43560 0 0
43570 0 0
43580 0 0
43590 0 0
43600 0 0
43610 0 0
43620 0 0
43630 0 0
43640 0 0
43650 0 0
43660 0 0
43670 0 0
43680 0 0
43690 0 0
43700 0 0
43710 0 0
43720 0 0
43730 0 0
43740 0 0
43750 0 0
43760 0 0
43770 0 0
43780 0 0
43790 0 0
43800 0 0
43810 0 0
43820 0 0
43830 0 0
43840 0 0
43850 0 0
43860 0 0
43870 0 0
43880 0 0
43890 0 0
43900 0 0
43910 0 0
43920 0 0
43930 0 0
43940 0 0
43950 0 0
43960 0 0
43970 0 0
43980 0 0
43990 0 0
44000 0 0
44010 0 0
44020 0 0
44030 0 0
44040 0 0
44050 0 0
44060 0 0
44070 0 0
44080 0 0
44090 0 0
44100 0 0
44110 0 0
44120 0 0
44130 0 0
44140 0 0
44150 0 0
44160 0 0
44170 0 0
44180 0 0
44190 0 0
44200 0 0
44210 0 0
44220 0 0
44230 0 0
44240 0 0
44250 0 0
44260 0 0
44270 0 0
44280 0 0
44290 0 0
44300 0 0
44310 0 0
44320 0 0
44330 0 0
44340 0 0
44350 0 0
44360 0 0
44370 0 0
44380 0 0
44390 0 0
44400 0 0
44410 0 0
44420 0 0
44430 0 0
44440 0 0
44450 0 0
44460 0 0
44470 0 0
44480 0 0
44490 0 0
44500 0 0
44510 0 0
44520 0 0
44530 0 0
44540 0 0
44550 0 0
44560 0 0
44570 0 0
44580 0 0
44590 0 0
44600 0 0
44610 0 0
44620 0 0
44630 0 0
44640 0 0
44650 0 0
44660 0 0
44670 0 0
44680 0 0
44690 0 0
44700 0 0
44710 0 0
44720 0 0
44730 0 0
44740 0 0
44750 0 0
44760 0 0
44770 0 0
44780 0 0
44790 0 0
44800 0 0
44810 0 0
44820 0 0
44830 0 0
44840 0 0
44850 0 0
44860 0 0
44870 0 0
44880 0 0
44890 0 0
44900 0 0
44910 0 0
44920 0 0
44930 0 0
44940 0 0
44950 0 0
44960 0 0
44970 0 0
44980 0 0
44990 0 0
45000 0 0
45010 0 0
45020 0 0
45030 0 0
45040 0 0
45050 0 0
45060 0 0
45070 0 0
45080 0 0
45090 0 0
45100 0 0
45110 0 0
45120 0 0
45130 0 0
45140 0 0
45150 0 0
45160 0 0
45170 0 0
45180 0 0
45190 0 0
45200 0 0
45210 0 0
45220 0 0
45230 0 0
45240 0 0
45250 0 0
45260 0 0
45270 0 0
45280 0 0
45290 0 0
45300 0 0
45310 0 0
45320 0 0
45330 0 0
45340 0 0
45350 0 0
45360 0 0
45370 0 0
45380 0 0
45390 0 0
45400 0 0
45410 0 0
45420 0 0
45430 0 0
45440 0 0
45450 0 0
45460 0 0
45470 0 0
45480 0 0
45490 0 0
45500 0 0
45510 0 0
45520 0 0
45530 0 0
45540 0 0
45550 0 0
45560 0 0
45570 0 0
45580 0 0
45590 0 0
45600 0 0
45610 0 0
45620 0 0
45630 0 0
45640 0 0
45650 0 0
45660 0 0
45670 0 0
45680 0 0
45690 0 0
45700 0 0
45710 0 0
45720 0 0
45730 0 0
45740 0 0
45750 0 0
45760 0 0
45770 0 0
45780 0 0
45790 0 0
45800 0 0
45810 0 0
45820 0 0
45830 0 0
45840 0 0
45850 0 0
45860 0 0
45870 0 0
45880 0 0
45890 0 0
45900 0 0
45910 0 0
45920 0 0
45930 0 0
45940 0 0
45950 0 0
45960 0 0
45970 0 0
45980 0 0
45990 0 0
46000 0 0
46010 0 0
46020 0 0
46030 0 0
46040 0 0
46050 0 0
46060 0 0
46070 0 0
46080 0 0
46090 0 0
46100 0 0
46110 0 0
46120 0 0
46130 0 0
46140 0 0
46150 0 0
46160 0 0
46170 0 0
46180 0 0
46190 0 0
46200 0 0
46210 0 0
46220 0 0
46230 0 0
46240 0 0
46250 0 0
46260 0 0
46270 0 0
46280 0 0
46290 0 0
46300 0 0
46310 0 0
46320 0 0
46330 0 0
46340 0 0
46350 0 0
46360 0 0
46370 0 0
46380 0 0
46390 0 0
46400 0 0
46410 0 0
46420 0 0
46430 0 0
46440 0 0
46450 0 0
46460 0 0
46470 0 0
46480 0 0
46490 0 0
46500 0 0
46510 0 0
46520 0 0
46530 0 0
46540 0 0
46550 0 0
46560 0 0
46570 0 0
46580 0 0
46590 0 0
46600 0 0
46610 0 0
46620 0 0
46630 0 0
46640 0 0
46650 0 0
46660 0 0
46670 0 0
46680 0 0
46690 0 0
46700 0 0
46710 0 0
46720 0 0
46730 0 0
46740 0 0
46750 0 0
46760 0 0
46770 0 0
46780 0 0
46790 0 0
46800 0 0
46810 0 0
46820 0 0
46830 0 0
46840 0 0
46850 0 0
46860 0 0
46870 0 0
46880 0 0
46890 0 0
46900 0 0
46910 0 0
46920 0 0
46930 0 0
46940 0 0
46950 0 0
46960 0 0
46970 0 0
46980 0 0
46990 0 0
47000 0 0
47010 0 0
47020 0 0
47030 0 0
47040 0 0
47050 0 0
47060 0 0
47070 0 0
47080 0 0
47090 0 0
47100 0 0
47110 0 0
47120 0 0
47130 0 0
47140 0 0
47150 0 0
47160 0 0
47170 0 0
47180 0 0
47190 0 0
47200 0 0
47210 0 0
47220 0 0
47230 0 0
47240 0 0
47250 0 0
47260 0 0
47270 0 0
47280 0 0
47290 0 0
47300 0 0
47310 0 0
47320 0 0
47330 0 0
47340 0 0
47350 0 0
47360 0 0
47370 0 0
47380 0 0
47390 0 0
47400 0 0
47410 0 0
47420 0 0
47430 0 0
47440 0 0
47450 0 0
47460 0 0
47470 0 0
47480 0 0
47490 0 0
47500 0 0
47510 0 0
47520 0 0
47530 0 0
47540 0 0
47550 0 0
47560 0 0
47570 0 0
47580 0 0
47590 0 0
47600 0 0
47610 0 0
47620 0 0
47630 0 0
47640 9 9
47650 83 74
47660 110 27
47670 136 26
47680 171 35
47690 168 -3
47700 186 18
47710 210 24
47720 201 -9
47730 208 7
47740 212 4
47750 203 -9
47760 199 -4
47770 202 3
47780 212 10
47790 213 1
47800 200 -13
47810 202 2
47820 222 20
47830 204 -18
47840 195 -9
47850 239 44
47860 220 -19
47870 230 10
47880 204 -26
47890 214 10
47900 212 -2
47910 223 11
47920 192 -31
47930 204 12
47940 205 1
47950 211 6
47960 209 -2
47970 212 3
47980 225 13
47990 196 -29
48000 218 22
48010 213 -5
48020 195 -18
48030 212 17
48040 222 10
48050 208 -14
48060 201 -7
48070 213 12
48080 211 -2
48090 209 -2
48100 209 0
48110 203 -6
48120 211 8
48130 202 -9
48140 198 -4
48150 211 13
48160 214 3
48170 205 -9
48180 193 -12
48190 201 8
48200 209 8
48210 202 -7
48220 202 0
48230 183 -19
48240 191 8
48250 204 13
48260 207 3
48270 209 2
48280 211 2
48290 203 -8
48300 203 0
48310 205 2
48320 203 -2
48330 197 -6
48340 199 2
48350 213 14
48360 218 5
48370 200 -18
48380 197 -3
48390 191 -6
48400 189 -2
48410 195 6
48420 205 10
48430 189 -16
48440 202 13
48450 174 -28
48460 184 10
48470 198 14
48480 200 2
48490 207 7
48500 198 -9
48510 199 1
48520 193 -6
48530 206 13
48540 205 -1
48550 196 -9
48560 204 8
48570 199 -5
48580 208 9
48590 208 0
48600 195 -13
48610 190 -5
48620 189 -1
48630 198 9
48640 195 -3
48650 183 -12
48660 188 5
48670 192 4
48680 165 -27
48690 161 -4
48700 163 2
48710 155 -8
48720 164 9
48730 162 -2
48740 114 -48
48750 78 -36
48760 60 -18
48770 50 -10
48780 37 -13
48790 33 -4
48800 18 -15
48810 8 -10
48820 4 -4
48830 1 -3
48840 1 0
48850 0 -1
48860 0 0
48870 0 0
48880 0 0
48890 0 0
48900 0 0
48910 0 0
48920 0 0
48930 0 0
48940 0 0
48950 0 0
48960 0 0
48970 0 0
48980 0 0
48990 0 0
49000 0 0
49010 0 0
49020 0 0
49030 0 0
49040 0 0
49050 0 0
49060 0 0
49070 0 0
49080 0 0
49090 0 0
49100 0 0
49110 0 0
49120 0 0
49130 0 0
49140 0 0
49150 0 0
49160 0 0
49170 0 0
49180 0 0
49190 0 0
49200 0 0
49210 0 0
49220 0 0
49230 0 0
49240 0 0
49250 0 0
49260 0 0
49270 0 0
49280 0 0
49290 0 0
49300 0 0
49310 0 0
49320 0 0
49330 0 0
49340 0 0
49350 0 0
49360 0 0
49370 0 0
49380 0 0
49390 29 29
49400 58 29
49410 68 10
49420 85 17
49430 122 37
49440 99 -23
49450 104 5
49460 131 27
49470 170 39
49480 186 16
49490 209 23
49500 203 -6
49510 207 4
49520 212 5
49530 201 -11
49540 205 4
49550 197 -8
49560 201 4
49570 195 -6
49580 193 -2
49590 218 25
49600 208 -10
49610 198 -10
49620 192 -6
49630 183 -9
49640 210 27
49650 198 -12
49660 200 2
49670 200 0
49680 189 -11
49690 188 -1
49700 198 10
49710 198 0
49720 200 2
49730 196 -4
49740 195 -1
49750 206 11
49760 205 -1
49770 191 -14
49780 192 1
49790 204 12
49800 203 -1
49810 208 5
49820 201 -7
49830 205 4
49840 200 -5
49850 195 -5
49860 201 6
49870 202 1
49880 205 3
49890 198 -7
49900 199 1
49910 180 -19
49920 196 16
49930 201 5
49940 213 12
49950 217 4
49960 213 -4
49970 191 -22
49980 185 -6
49990 188 3
50000 185 -3
50010 177 -8
50020 189 12
50030 182 -7
50040 194 12
50050 203 9
50060 209 6
50070 202 -7
50080 212 10
50090 198 -14
50100 197 -1
50110 189 -8
50120 195 6
50130 207 12
50140 208 1
50150 193 -15
50160 192 -1
50170 189 -3
50180 196 7
50190 195 -1
50200 201 6
50210 210 9
50220 194 -16
50230 192 -2
50240 199 7
50250 182 -17
50260 174 -8
50270 189 15
50280 203 14
50290 195 -8
50300 194 -1
50310 194 0
50320 200 6
50330 189 -11
50340 190 1
50350 185 -5
50360 197 12
50370 193 -4
50380 215 22
50390 212 -3
50400 194 -18
50410 195 1
50420 195 0
50430 176 -19
50440 191 15
50450 196 5
50460 201 5
50470 196 -5
50480 213 17
50490 194 -19
50500 200 6
50510 211 11
50520 201 -10
50530 224 23
50540 201 -23
50550 203 2
50560 202 -1
50570 207 5
50580 205 -2
50590 221 16
50600 191 -30
50610 188 -3
50620 190 2
50630 193 3
50640 205 12
50650 193 -12
50660 190 -3
50670 193 3
50680 208 15
50690 208 0
50700 204 -4
50710 212 8
50720 203 -9
50730 207 4
50740 199 -8
50750 206 7
50760 203 -3
50770 186 -17
50780 198 12
50790 196 -2
50800 192 -4
50810 198 6
50820 176 -22
50830 196 20
50840 178 -18
50850 192 14
50860 196 4
50870 214 18
50880 186 -28
50890 200 14
50900 192 -8
50910 211 19
50920 202 -9
50930 205 3
50940 214 9
50950 198 -16
50960 213 15
50970 196 -17
50980 194 -2
50990 199 5
51000 199 0
51010 180 -19
51020 177 -3
51030 187 10
51040 195 8
51050 171 -24
51060 185 14
51070 194 9
51080 166 -28
51090 189 23
51100 198 9
51110 140 -58
51120 170 30
51130 167 -3
51140 131 -36
51150 146 15
51160 138 -8
51170 105 -33
51180 117 12
51190 90 -27
51200 83 -7
51210 63 -20
51220 56 -7
51230 43 -13
51240 28 -15
51250 17 -11
51260 9 -8
51270 2 -7
51280 2 0
51290 1 -1
51300 1 0
51310 1 0
51320 0 -1
51330 0 0
51340 0 0
51350 0 0
51360 0 0
51370 0 0
51380 0 0
51390 0 0
51400 0 0
51410 0 0
51420 0 0
51430 0 0
51440 0 0
51450 0 0
51460 0 0
51470 0 0
51480 0 0
51490 0 0
51500 0 0
51510 0 0
51520 0 0
51530 0 0
51540 0 0
51550 0 0
51560 0 0
51570 0 0
51580 0 0
51590 0 0
51600 0 0
51610 0 0
51620 0 0
51630 0 0
51640 0 0
51650 0 0
51660 0 0
51670 0 0
51680 0 0
51690 0 0
51700 0 0
51710 0 0
51720 0 0
51730 0 0
51740 0 0
51750 0 0
51760 0 0
51770 0 0
51780 0 0
51790 0 0
51800 0 0
51810 0 0
51820 0 0
51830 0 0
51840 0 0
51850 0 0
51860 0 0
51870 0 0
51880 0 0
51890 0 0
51900 0 0
51910 0 0
51920 0 0
51930 0 0
51940 0 0
51950 0 0
51960 0 0
51970 0 0
51980 0 0
51990 0 0
52000 0 0
52010 0 0
52020 0 0
52030 0 0
52040 0 0
52050 0 0
52060 0 0
52070 0 0
52080 0 0
52090 0 0
52100 0 0
52110 0 0
52120 0 0
52130 0 0
52140 0 0
52150 0 0
52160 0 0
52170 0 0
52180 0 0
52190 0 0
52200 0 0
52210 0 0
52220 0 0
52230 0 0
52240 0 0
52250 0 0
52260 0 0
52270 0 0
52280 0 0
52290 0 0
52300 0 0
52310 0 0
52320 0 0
52330 0 0
52340 0 0
52350 0 0
52360 0 0
52370 0 0
52380 0 0
52390 0 0
52400 0 0
52410 0 0
52420 0 0
52430 0 0
52440 0 0
52450 0 0
52460 0 0
52470 0 0
52480 0 0
52490 0 0
52500 0 0
52510 0 0
52520 0 0
52530 0 0
52540 0 0
52550 0 0
52560 0 0
52570 0 0
52580 0 0
52590 0 0
52600 0 0
52610 0 0
52620 0 0
52630 0 0
52640 0 0
52650 0 0
52660 0 0
52670 0 0
52680 0 0
52690 0 0
52700 0 0
52710 0 0
52720 0 0
52730 0 0
52740 0 0
52750 0 0
52760 0 0
52770 0 0
52780 0 0
52790 0 0
52800 0 0
52810 0 0
52820 0 0
52830 0 0
52840 0 0
52850 0 0
52860 0 0
52870 0 0
52880 0 0
52890 0 0
52900 0 0
52910 0 0
52920 0 0
52930 0 0
52940 0 0
