42190 5.3 53
42200 9.9 152
42210 9.9 251
42220 9.4 345
42230 9.6 441
42240 10 541
42250 9.8 639
42260 9.6 735
42270 9.4 829
42280 9.7 926
42290 9.7 1023
42300 9.5 1118
42310 9.5 1213
42320 9.5 1308
42330 9.8 1406
42340 9.7 1503
42350 9.3 1596
42360 8.7 1683
42370 9.7 1780
42380 9.7 1877
42390 9.5 1972
42400 9.5 2067
42410 9.2 2159
42420 9.3 2252
42430 9.5 2347
42440 9.4 2441
42450 9.4 2535
42460 9.5 2630
42470 9.2 2722
42480 9.4 2816
42490 9.6 2912
42500 9.2 3004
42510 9.2 3096
42520 9.7 3193
42530 9.3 3286
42540 10.1 3387
42550 11.7 3504
42560 11.3 3617
42570 10.8 3725
42580 11.5 3840
42590 11.2 3952
42600 11.1 4063
42610 11.2 4175
42620 11.2 4287
42630 11.7 4404
42640 11.6 4520
42650 11.5 4635
42660 11.2 4747
42670 11.4 4861
42680 11.3 4974
42690 11.6 5090
42700 11.4 5204
42710 11 5314
42720 11.3 5427
42730 11.3 5540
42740 10.8 5648
42750 11.4 5762
42760 11.6 5878
42770 11.7 5995
42780 11.2 6107
42790 11.3 6220
42800 11.3 6333
42810 11.1 6444
42820 11.6 6560
42830 11.5 6675
42840 11.1 6786
42850 11.6 6902
42860 11.3 7015
42870 11.6 7131
42880 11.4 7245
42890 11.5 7360
42900 11.3 7473
42910 11.5 7588
42920 11.6 7704
42930 11.5 7819
42940 11.4 7933
42950 11.2 8045
42960 11.5 8160
42970 11.6 8276
42980 11.3 8389
42990 11.3 8502
43000 11.4 8616
43010 11.4 8730
43020 11.3 8843
43030 11.3 8956
43040 11.6 9072
43050 11.7 9189
43060 11.5 9304
43070 11.3 9417
43080 11.2 9529
43090 11.8 9647
43100 10.6 9753
43110 11.6 9869
43120 11.5 9984
43130 11.7 10101
43140 11.6 10217
43150 11.7 10334
43160 12 10454
43170 11.7 10571
43180 11.7 10688
43190 11.2 10800
43200 11.4 10914
43210 11.7 11031
43220 11.4 11145
43230 11.9 11264
43240 11.7 11381
43250 11.7 11498
43260 11 11608
43270 9.1 11699
43280 9.6 11795
43290 9.3 11888
43300 9.5 11983
43310 9.6 12079
43320 10 12179
43330 9.4 12273
43340 9.6 12369
43350 9.6 12465
43360 9.5 12560
43370 9.4 12654
43380 9.3 12747
43390 9.3 12840
43400 9.9 12939
43410 9.9 13038
43420 9.5 13133
43430 9.9 13232
43440 9.5 13327
43450 9.5 13422
43460 9.5 13517
43470 9.3 13610
43480 9.4 13704
43490 9.7 13801
43500 9.3 13894
43510 9.6 13990
43520 9.5 14085
43530 9.7 14182
43540 9.6 14278
43550 9.9 14377
43560 10 14477
43570 9.5 14572
43580 9.5 14667
43590 9.7 14764
43600 9.7 14861
43610 9.4 14955
43620 9.4 15049
43630 9.9 15148
43640 9.8 15246
43650 9.9 15345
43660 9.9 15444
43670 9.7 15541
43680 9.3 15634
43690 9.9 15733
43700 9.8 15831
43710 9.6 15927
43720 9.5 16022
43730 9.8 16120
43740 10 16220
43750 9.9 16319
43760 9.6 16415
43770 9.5 16510
43780 9.1 16601
43790 9.6 16697
43800 10.1 16798
43810 10.1 16899
43820 10 16999
43830 9.7 17096
43840 9.8 17194
43850 9.6 17290
43860 9.5 17385
43870 9.8 17483
43880 10.1 17584
43890 9.9 17683
43900 10 17783
43910 9.8 17881
43920 10.1 17982
43930 9.9 18081
43940 9.5 18176
43950 9.8 18274
43960 9 18364
43970 9.7 18461
43980 9.6 18557
43990 9.7 18654
44000 9.6 18750
44010 10.1 18851
44020 9.9 18950
44030 9.6 19046
44040 9.6 19142
44050 9.5 19237
44060 9.5 19332
44070 9.7 19429
44080 9.5 19524
44090 9.9 19623
44100 9.9 19722
44110 10.2 19824
44120 10.1 19925
44130 10 20025
44140 9.7 20122
44150 9.1 20213
44160 9.9 20312
44170 9.7 20409
44180 10 20509
44190 10 20609
44200 9.9 20708
44210 9.8 20806
44220 10 20906
44230 9.8 21004
44240 10.1 21105
44250 10 21205
44260 9.7 21302
44270 9.8 21400
44280 9.8 21498
44290 9.7 21595
44300 9.2 21687
44310 9.9 21786
44320 9.7 21883
44330 9.7 21980
44340 9.7 22077
44350 9.5 22172
44360 9.9 22271
44370 10.4 22375
44380 9.7 22472
44390 9.8 22570
44400 9.7 22667
44410 10 22767
44420 9.9 22866
44430 9.8 22964
44440 10 23064
44450 9.5 23159
44460 10.1 23260
44470 9.3 23353
44480 9.9 23452
44490 9.9 23551
44500 10.5 23656
44510 9.7 23753
44520 9.9 23852
44530 9.8 23950
44540 9.8 24048
44550 9.7 24145
44560 10 24245
44570 9.7 24342
44580 9.7 24439
44590 10.1 24540
44600 10.6 24646
44610 10.2 24748
44620 10.2 24850
44630 10 24950
44640 9.8 25048
44650 9.1 25139
44660 9.8 25237
44670 10.6 25343
44680 10 25443
44690 10.1 25544
44700 9.9 25643
44710 10.6 25749
44720 10.1 25850
44730 10.4 25954
44740 10.1 26055
44750 9.9 26154
44760 9.7 26251
44770 9.7 26348
44780 10.2 26450
44790 10.3 26553
44800 9.8 26651
44810 10.5 26756
44820 10 26856
44830 9.9 26955
44840 9.9 27054
44850 9.7 27151
44860 9.8 27249
44870 10 27349
44880 9.8 27447
44890 10.5 27552
44900 9.8 27650
44910 10.5 27755
44920 10.3 27858
44930 9.7 27955
44940 10.3 28058
44950 10 28158
44960 9.9 28257
44970 10.1 28358
44980 10.1 28459
44990 9.4 28553
45000 9.9 28652
45010 10.2 28754
45020 10.3 28857
45030 9.9 28956
45040 10 29056
45050 9.7 29153
45060 10 29253
45070 11.6 29369
45080 12 29489
45090 12.4 29613
45100 12.2 29735
45110 12.1 29856
45120 12.4 29980
45130 12.1 30101
45140 12.3 30224
45150 12.3 30347
45160 11.6 30463
45170 12.6 30589
45180 12.2 30711
45190 12.4 30835
45200 12.7 30962
45210 12.7 31089
45220 11.9 31208
45230 11.9 31327
45240 12.3 31450
45250 12 31570
45260 12.7 31697
45270 12 31817
45280 12.4 31941
45290 12.3 32064
45300 12.5 32189
45310 12.6 32315
45320 12.6 32441
45330 12.3 32564
45340 12.1 32685
45350 12.1 32806
45360 12.4 32930
45370 12.4 33054
45380 12.8 33182
45390 12.5 33307
45400 12.8 33435
45410 12.7 33562
45420 12.2 33684
45430 12.3 33807
45440 12.3 33930
45450 12.3 34053
45460 12.7 34180
45470 12.1 34301
45480 12.6 34427
45490 12.2 34549
45500 12.4 34673
45510 12.4 34797
45520 12.6 34923
45530 12.4 35047
45540 12.3 35170
45550 10.8 35278
45560 10.1 35379
45570 10.2 35481
45580 10.3 35584
45590 10.3 35687
45600 10.4 35791
45610 10.3 35894
45620 9.8 35992
45630 10.2 36094
45640 10 36194
45650 10.8 36302
45660 10.3 36405
45670 10.7 36512
45680 10.6 36618
45690 10.5 36723
45700 10.5 36828
45710 10.6 36934
45720 10.4 37038
45730 9.9 37137
45740 10.4 37241
45750 10.1 37342
45760 10.7 37449
45770 10.8 37557
45780 10.5 37662
45790 10.4 37766
45800 10.3 37869
45810 10.1 37970
45820 10 38070
45830 10.1 38171
45840 10.4 38275
45850 10.7 38382
45860 10.6 38488
45870 10.6 38594
45880 10.8 38702
45890 10.4 38806
45900 10.3 38909
45910 10.4 39013
45920 10.3 39116
45930 10.3 39219
45940 10.4 39323
45950 10.7 39430
45960 10.8 39538
45970 10.7 39645
45980 11.4 39759
45990 10.4 39863
46000 10.7 39970
46010 10.9 40079
46020 10.3 40182
46030 10.3 40285
46040 10.4 40389
46050 10.6 40495
46060 11 40605
46070 10.8 40713
46080 10.5 40818
46090 10.7 40925
46100 10.8 41033
46110 10.6 41139
46120 10.6 41245
46130 10.2 41347
46140 11 41457
46150 11.1 41568
46160 11.1 41679
46170 11 41789
46180 10.8 41897
46190 10.7 42004
46200 10.8 42112
46210 10.7 42219
46220 10.5 42324
46230 10.9 42433
46240 11 42543
46250 10.9 42652
46260 10.7 42759
46270 10.9 42868
46280 13.5 43003
46290 13.8 43141
46300 13.9 43280
46310 13.7 43417
46320 13.6 43553
46330 13.4 43687
46340 13.9 43826
46350 14 43966
46360 13.2 44098
46370 14.1 44239
46380 14 44379
46390 13.9 44518
46400 13.8 44656
46410 13.7 44793
46420 13.6 44929
46430 13.8 45067
46440 14 45207
46450 14.1 45348
46460 14.1 45489
46470 13.7 45626
46480 14.1 45767
46490 13.7 45904
46500 13.3 46037
46510 12.4 46161
46520 11.2 46273
46530 11.1 46384
46540 11.3 46497
46550 11.1 46608
46560 11.5 46723
46570 11.3 46836
46580 11.6 46952
46590 11.3 47065
46600 11.7 47182
46610 11.2 47294
46620 11.4 47408
46630 11.7 47525
46640 12.2 47647
46650 11.8 47765
46660 12 47885
46670 11.6 48001
46680 12 48121
46690 11.5 48236
46700 11.9 48355
46710 12 48475
46720 12.4 48599
46730 12.7 48726
46740 12.5 48851
46750 12.1 48972
46760 12.6 49098
46770 12.9 49227
46780 12.5 49352
46790 12.1 49473
46800 11.9 49592
46810 12.1 49713
46820 11.3 49826
46830 12.7 49953
46840 12.8 50081
46850 12.5 50206
46860 12.6 50332
46870 12.1 50453
46880 12.4 50577
46890 12.9 50706
46900 12.3 50829
46910 12 50949
46920 12.4 51073
46930 12.3 51196
46940 12.3 51319
46950 13.2 51451
46960 12.4 51575
46970 12.4 51699
46980 12.6 51825
46990 11.8 51943
47000 12.1 52064
47010 12.1 52185
47020 12.1 52306
47030 12.8 52434
47040 12.3 52557
47050 12.8 52685
47060 13.2 52817
47070 12.6 52943
47080 12.4 53067
47090 12.4 53191
47100 12.1 53312
47110 12.5 53437
47120 12.6 53563
47130 12.6 53689
47140 11.8 53807
47150 12.5 53932
47160 12.3 54055
47170 12.6 54181
47180 12.6 54307
47190 12.3 54430
47200 12.2 54552
47210 12.3 54675
47220 12.6 54801
47230 13.2 54933
47240 13.2 55065
47250 13.2 55197
47260 13.4 55331
47270 12.7 55458
47280 12.6 55584
47290 12.9 55713
47300 13.1 55844
47310 13.2 55976
47320 12.6 56102
47330 13.5 56237
47340 13.4 56371
47350 13.6 56507
47360 14.1 56648
47370 13.9 56787
47380 13.6 56923
47390 13.1 57054
47400 13.3 57187
47410 13.3 57320
47420 14.1 57461
47430 13.9 57600
47440 14.3 57743
47450 13.9 57882
47460 13.7 58019
47470 14.5 58164
47480 16.6 58330
47490 16.5 58495
47500 16 58655
47510 15.7 58812
47520 15.6 58968
47530 16.3 59131
47540 16.1 59292
47550 16.4 59456
47560 17 59626
47570 15.9 59785
47580 15.8 59943
47590 15.7 60100
47600 15.8 60258
47610 16.2 60420
47620 16.7 60587
47630 16.6 60753
47640 13 60883
47650 0.4 60887
47660 6.2 60949
47670 0 60949
47680 0 60949
47690 0 60949
47700 0 60949
47710 0 60949
47720 0 60949
47730 0 60949
47740 0 60949
47750 0 60949
47760 0 60949
47770 0 60949
47780 0 60949
47790 0 60949
47800 0 60949
47810 0 60949
47820 0 60949
47830 0 60949
47840 0 60949
47850 0 60949
47860 0 60949
47870 0 60949
47880 0 60949
47890 0 60949
47900 0 60949
47910 0 60949
47920 0 60949
47930 0 60949
47940 0 60949
47950 0 60949
47960 0 60949
47970 0 60949
47980 0 60949
47990 0 60949
48000 0 60949
48010 0 60949
48020 0 60949
48030 0 60949
48040 0 60949
48050 0 60949
48060 0 60949
48070 0 60949
48080 0 60949
48090 0 60949
48100 0 60949
48110 0 60949
48120 0 60949
48130 0 60949
48140 0 60949
48150 0 60949
48160 0 60949
48170 0 60949
48180 0 60949
48190 0 60949
48200 0 60949
48210 0 60949
48220 0 60949
48230 0 60949
48240 0 60949
48250 0 60949
48260 0 60949
48270 0 60949
48280 0 60949
48290 0 60949
48300 0 60949
48310 0 60949
48320 0 60949
48330 0 60949
48340 0 60949
48350 0 60949
48360 0 60949
48370 0 60949
48380 0 60949
48390 0 60949
48400 0 60949
48410 0 60949
48420 0 60949
48430 0 60949
48440 0 60949
48450 0 60949
48460 0 60949
48470 0 60949
48480 0 60949
48490 0 60949
48500 0 60949
48510 0 60949
48520 0 60949
48530 0 60949
48540 0 60949
48550 0 60949
48560 0 60949
48570 0 60949
48580 0 60949
48590 0 60949
48600 0.1 60950
48610 0 60950
48620 0 60950
48630 0.1 60951
48640 0 60951
48650 0 60951
48660 0 60951
48670 1.9 60970
48680 8.1 61051
48690 2.3 61074
48700 0.1 61075
48710 3 61105
48720 2.2 61127
48730 0 61127
48740 9.1 61218
48750 11.6 61334
48760 12.2 61456
48770 11.9 61575
48780 11.5 61690
48790 10.5 61795
48800 12.4 61919
48810 12.8 62047
48820 12.1 62168
48830 12.1 62289
48840 11.8 62407
48850 11.1 62518
48860 11.9 62637
48870 11.7 62754
48880 12.1 62875
48890 12.3 62998
48900 12 63118
48910 12.3 63241
48920 12.2 63363
48930 12.2 63485
48940 12 63605
48950 11.8 63723
48960 12.2 63845
48970 11.7 63962
48980 15.1 64113
48990 15.2 64265
49000 14.9 64414
49010 14.9 64563
49020 15.2 64715
49030 14 64855
49040 14.5 65000
49050 14.7 65147
49060 15 65297
49070 15 65447
49080 15.4 65601
49090 15.5 65756
49100 14.9 65905
49110 14.8 66053
49120 15.1 66204
49130 15.1 66355
49140 14.7 66502
49150 14.9 66651
49160 13.2 66783
49170 13.5 66918
49180 12.9 67047
49190 10 67147
49200 9.3 67240
49210 10 67340
49220 10.2 67442
49230 9.5 67537
49240 9.7 67634
49250 10.5 67739
49260 14.6 67885
49270 14.9 68034
49280 16.5 68199
49290 16.8 68367
49300 16.8 68535
49310 16.5 68700
49320 16.1 68861
49330 17 69031
49340 16.4 69195
49350 16.9 69364
49360 16.9 69533
49370 16.6 69699
49380 17.2 69871
49390 11.4 69985
49400 4.9 70034
49410 10.7 70141
49420 3.8 70179
49430 0.2 70181
49440 16.4 70345
49450 12.6 70471
49460 0 70471
49470 0 70471
49480 0 70471
49490 0 70471
49500 0 70471
49510 0 70471
49520 0 70471
49530 0 70471
49540 0 70471
49550 0 70471
49560 0 70471
49570 0 70471
49580 0 70471
49590 0 70471
49600 0 70471
49610 0 70471
49620 0 70471
49630 0 70471
49640 0 70471
49650 0 70471
49660 0 70471
49670 0 70471
49680 0 70471
49690 0 70471
49700 0 70471
49710 0 70471
49720 0 70471
49730 0 70471
49740 0 70471
49750 0 70471
49760 0 70471
49770 0 70471
49780 0 70471
49790 0 70471
49800 0 70471
49810 0 70471
49820 0 70471
49830 0 70471
49840 0 70471
49850 0 70471
49860 0 70471
49870 0 70471
49880 0 70471
49890 0 70471
49900 0 70471
49910 0 70471
49920 0 70471
49930 0 70471
49940 0 70471
49950 0 70471
49960 0 70471
49970 0 70471
49980 0 70471
49990 0 70471
50000 0 70471
50010 0 70471
50020 0 70471
50030 0 70471
50040 0 70471
50050 0 70471
50060 0 70471
50070 0 70471
50080 0 70471
50090 0 70471
50100 0 70471
50110 0 70471
50120 0 70471
50130 0 70471
50140 0 70471
50150 0 70471
50160 0 70471
50170 0 70471
50180 0 70471
50190 0 70471
50200 0 70471
50210 0 70471
50220 0 70471
50230 0 70471
50240 0 70471
50250 0 70471
50260 0 70471
50270 0 70471
50280 0 70471
50290 0 70471
50300 0 70471
50310 0 70471
50320 0 70471
50330 0 70471
50340 0 70471
50350 0 70471
50360 0 70471
50370 0 70471
50380 0 70471
50390 0 70471
50400 0 70471
50410 0 70471
50420 0 70471
50430 0.1 70472
50440 0 70472
50450 0 70472
50460 0 70472
50470 0 70472
50480 0 70472
50490 0 70472
50500 0 70472
50510 0 70472
50520 0 70472
50530 0 70472
50540 0 70472
50550 0 70472
50560 0 70472
50570 0 70472
50580 0 70472
50590 0 70472
50600 0 70472
50610 0 70472
50620 0 70472
50630 0 70472
50640 0 70472
50650 0 70472
50660 0 70472
50670 0 70472
50680 0 70472
50690 0 70472
50700 0 70472
50710 0 70472
50720 0 70472
50730 0 70472
50740 0 70472
50750 0 70472
50760 0 70472
50770 0 70472
50780 0 70472
50790 0 70472
50800 0 70472
50810 0 70472
50820 0 70472
50830 0 70472
50840 0 70472
50850 0 70472
50860 0 70472
50870 0 70472
50880 0 70472
50890 0 70472
50900 0 70472
50910 0 70472
50920 0 70472
50930 0 70472
50940 0 70472
50950 0 70472
50960 0 70472
50970 0 70472
50980 0 70472
50990 0 70472
51000 0 70472
51010 0 70472
51020 0 70472
51030 0 70472
51040 0 70472
51050 0 70472
51060 0 70472
51070 0 70472
51080 4.2 70514
51090 0 70514
51100 0 70514
51110 6.7 70581
51120 0 70581
51130 0 70581
51140 8.1 70662
51150 1.4 70676
51160 0 70676
51170 8.7 70763
51180 6.5 70828
51190 5.2 70880
51200 7.9 70959
51210 12.9 71088
51220 9.1 71179
51230 12.3 71302
51240 12.5 71427
51250 13.6 71563
51260 12.5 71688
51270 12.5 71813
51280 11.8 71931
51290 12.8 72059
51300 12.1 72180
51310 11.8 72298
51320 12 72418
51330 12 72538
51340 12.7 72665
51350 12.8 72793
51360 12.5 72918
51370 12.7 73045
51380 12.5 73170
51390 11.8 73288
51400 12.3 73411
51410 12.1 73532
51420 12.1 73653
51430 12.4 73777
51440 12.3 73900
51450 12.8 74028
51460 12.3 74151
51470 12.2 74273
51480 12.2 74395
51490 12.2 74517
51500 11.9 74636
51510 12.2 74758
51520 12.2 74880
51530 12.2 75002
51540 12.1 75123
51550 12.2 75245
51560 12.3 75368
51570 12.3 75491
51580 11.8 75609
51590 12.2 75731
51600 12.4 75855
51610 11.9 75974
51620 11.7 76091
51630 12.3 76214
51640 12.9 76343
51650 12.4 76467
51660 12.4 76591
51670 12.4 76715
51680 12 76835
51690 12.4 76959
51700 12.2 77081
51710 12 77201
51720 12.3 77324
51730 11.7 77441
51740 12.1 77562
51750 12.3 77685
51760 12.6 77811
51770 12.6 77937
51780 12.5 78062
51790 12.2 78184
51800 11.9 78303
51810 11.9 78422
51820 12.4 78546
51830 12.2 78668
51840 12.5 78793
51850 12.5 78918
51860 12.1 79039
51870 12.1 79160
51880 12.2 79282
51890 12.2 79404
51900 11.9 79523
51910 12 79643
51920 12.1 79764
51930 11.5 79879
51940 12.5 80004
51950 12.5 80129
51960 12.1 80250
51970 12.3 80373
51980 12.2 80495
51990 12 80615
52000 12 80735
52010 11.8 80853
52020 12 80973
52030 12.2 81095
52040 12.3 81218
52050 12.7 81345
52060 12 81465
52070 11.9 81584
52080 11.5 81699
52090 12.2 81821
52100 12.1 81942
52110 12.1 82063
52120 12.1 82184
52130 12 82304
52140 12.1 82425
52150 12.3 82548
52160 12.7 82675
52170 12.4 82799
52180 12.3 82922
52190 12.3 83045
52200 12.1 83166
52210 12.1 83287
52220 12.2 83409
52230 11.9 83528
52240 11.4 83642
52250 12.7 83769
52260 12.3 83892
52270 12 84012
52280 12.2 84134
52290 12.4 84258
52300 11.9 84377
52310 11.8 84495
52320 11.9 84614
52330 11.9 84733
52340 12.2 84855
52350 12.5 84980
52360 12.2 85102
52370 12.4 85226
52380 12.4 85350
52390 12.2 85472
52400 11.3 85585
52410 12 85705
52420 11.9 85824
52430 12 85944
52440 12.3 86067
52450 12.4 86191
52460 12.1 86312
52470 11.9 86431
52480 12.5 86556
52490 12.5 86681
52500 12 86801
52510 12.2 86923
52520 12.4 87047
52530 11.9 87166
52540 12.2 87288
52550 12.3 87411
52560 12 87531
52570 12.2 87653
52580 11.8 87771
52590 12.1 87892
52600 11.8 88010
52610 12.1 88131
52620 12 88251
52630 12.2 88373
52640 12.2 88495
52650 12.2 88617
52660 12 88737
52670 12.4 88861
52680 12.4 88985
52690 11.9 89104
52700 12.1 89225
52710 12.7 89352
52720 12.2 89474
52730 12.3 89597
52740 12.4 89721
52750 12.3 89844
52760 11.5 89959
52770 12.5 90084
52780 11.9 90203
52790 11.9 90322
52800 12.1 90443
52810 12.7 90570
52820 13.1 90701
52830 12.9 90830
52840 12.5 90955
52850 12.6 91081
52860 12 91201
52870 12.8 91329
52880 13 91459
52890 12.8 91587
52900 12.6 91713
52910 12.1 91834
52920 12.3 91957
52930 12.4 92081
52940 10.5 92186
