42190 5.3 53
42200 9.9 152
42210 9.9 251
42220 9.4 345
42230 9.6 441
42240 10 541
42250 9.8 639
42260 9.6 735
42270 9.4 829
42280 9.7 926
42290 9.7 1023
42300 9.5 1118
42310 9.5 1213
42320 9.5 1308
42330 9.8 1406
42340 9.7 1503
42350 9.3 1596
42360 8.7 1683
42370 9.7 1780
42380 9.7 1877
42390 9.5 1972
42400 9.5 2067
42410 9.2 2159
42420 9.3 2252
42430 9.3 2345
42440 9.2 2437
42450 9.1 2528
42460 9 2618
42470 8.9 2707
42480 8.6 2793
42490 8.8 2881
42500 8.5 2966
42510 9 3056
42520 8.8 3144
42530 8.2 3226
42540 9 3316
42550 10.1 3417
42560 10 3517
42570 9.9 3616
42580 10.6 3722
42590 10.1 3823
42600 9.4 3917
42610 9.9 4016
42620 9.4 4110
42630 9.9 4209
42640 10 4309
42650 9.7 4406
42660 9.4 4500
42670 10 4600
42680 9.9 4699
42690 10 4799
42700 10.6 4905
42710 10.1 5006
42720 10.9 5115
42730 10.5 5220
42740 10 5320
42750 10.8 5428
42760 10.8 5536
42770 10.8 5644
42780 10.9 5753
42790 10.3 5856
42800 10.5 5961
42810 10 6061
42820 10.7 6168
42830 10.7 6275
42840 10.7 6382
42850 10.5 6487
42860 10.1 6588
42870 10.5 6693
42880 9.9 6792
42890 10.2 6894
42900 10.4 6998
42910 10.6 7104
42920 10.3 7207
42930 10.5 7312
42940 10.5 7417
42950 10.3 7520
42960 10.5 7625
42970 10.1 7726
42980 10.9 7835
42990 10.3 7938
43000 10.3 8041
43010 10.8 8149
43020 10.1 8250
43030 10.7 8357
43040 11 8467
43050 11.2 8579
43060 10.5 8684
43070 10.3 8787
43080 10.3 8890
43090 11.2 9002
43100 9.5 9097
43110 10.8 9205
43120 10.1 9306
43130 10.5 9411
43140 11.2 9523
43150 10.7 9630
43160 10.6 9736
43170 11 9846
43180 11.2 9958
43190 10.5 10063
43200 11 10173
43210 10.3 10276
43220 10.7 10383
43230 11.3 10496
43240 10.6 10602
43250 10.9 10711
43260 10.3 10814
43270 8.2 10896
43280 9 10986
43290 8.8 11074
43300 8.8 11162
43310 8.6 11248
43320 9.3 11341
43330 8.6 11427
43340 8.9 11516
43350 9.2 11608
43360 8.5 11693
43370 8.8 11781
43380 8.4 11865
43390 8.4 11949
43400 9.4 12043
43410 9.5 12138
43420 8.8 12226
43430 8.8 12314
43440 8.4 12398
43450 8.8 12486
43460 8.1 12567
43470 8 12647
43480 8.1 12728
43490 8.4 12812
43500 8.1 12893
43510 8.2 12975
43520 8.4 13059
43530 8.6 13145
43540 8.8 13233
43550 8.3 13316
43560 8.4 13400
43570 8.4 13484
43580 8.8 13572
43590 9 13662
43600 8.4 13746
43610 7.6 13822
43620 7.8 13900
43630 9.1 13991
43640 8 14071
43650 8.5 14156
43660 7.9 14235
43670 8.1 14316
43680 6.9 14385
43690 8.3 14468
43700 8.1 14549
43710 8.5 14634
43720 7.9 14713
43730 8.2 14795
43740 8.4 14879
43750 8.8 14967
43760 8.3 15050
43770 8.1 15131
43780 7 15201
43790 8.2 15283
43800 9.2 15375
43810 8.6 15461
43820 8.4 15545
43830 8.1 15626
43840 8.5 15711
43850 7.7 15788
43860 8 15868
43870 8.1 15949
43880 8.6 16035
43890 8.1 16116
43900 8.7 16203
43910 8.3 16286
43920 8.8 16374
43930 8.4 16458
43940 7.9 16537
43950 7.8 16615
43960 7.8 16693
43970 8 16773
43980 8.3 16856
43990 8.7 16943
44000 8.3 17026
44010 8.2 17108
44020 8.3 17191
44030 8.2 17273
44040 8.7 17360
44050 8.4 17444
44060 8.3 17527
44070 8.3 17610
44080 8 17690
44090 8.6 17776
44100 8.2 17858
44110 8.2 17940
44120 8.5 18025
44130 8.8 18113
44140 8.4 18197
44150 7.9 18276
44160 7.9 18355
44170 7.9 18434
44180 8.6 18520
44190 8.6 18606
44200 8.2 18688
44210 8.2 18770
44220 8.5 18855
44230 8.1 18936
44240 8.4 19020
44250 8.7 19107
44260 8.8 19195
44270 8.6 19281
44280 9.1 19372
44290 8.2 19454
44300 6.8 19522
44310 8.2 19604
44320 8 19684
44330 8.9 19773
44340 7.8 19851
44350 8.4 19935
44360 8.9 20024
44370 9 20114
44380 8.1 20195
44390 8.2 20277
44400 8.2 20359
44410 8.7 20446
44420 8.7 20533
44430 7.9 20612
44440 8.3 20695
44450 8.2 20777
44460 8.8 20865
44470 7.6 20941
44480 8.2 21023
44490 8.1 21104
44500 9.2 21196
44510 8 21276
44520 8.3 21359
44530 8.1 21440
44540 8.7 21527
44550 8.7 21614
44560 8.5 21699
44570 8 21779
44580 8.7 21866
44590 9.1 21957
44600 8.3 22040
44610 8.7 22127
44620 8.5 22212
44630 8.6 22298
44640 8.4 22382
44650 7.1 22453
44660 8.5 22538
44670 8.7 22625
44680 8.5 22710
44690 8.3 22793
44700 8.4 22877
44710 8.6 22963
44720 8.4 23047
44730 9.2 23139
44740 8.7 23226
44750 8.1 23307
44760 8.1 23388
44770 8.9 23477
44780 8.5 23562
44790 9.2 23654
44800 8.4 23738
44810 8.3 23821
44820 8.2 23903
44830 8.4 23987
44840 8.1 24068
44850 8.1 24149
44860 7.8 24227
44870 8.6 24313
44880 8.5 24398
44890 8.4 24482
44900 8 24562
44910 9.5 24657
44920 8.6 24743
44930 8.1 24824
44940 8.2 24906
44950 8.3 24989
44960 7.6 25065
44970 8 25145
44980 8.5 25230
44990 7.4 25304
45000 8.6 25390
45010 8.5 25475
45020 8.2 25557
45030 9 25647
45040 8.6 25733
45050 8.7 25820
45060 9 25910
45070 10.1 26011
45080 10.3 26114
45090 10.1 26215
45100 10.2 26317
45110 9.9 26416
45120 10.7 26523
45130 10.5 26628
45140 10.1 26729
45150 9.8 26827
45160 9.9 26926
45170 10.6 27032
45180 10.5 27137
45190 10.6 27243
45200 10.4 27347
45210 10.8 27455
45220 9.7 27552
45230 10.2 27654
45240 10.3 27757
45250 10.8 27865
45260 10.8 27973
45270 10.6 28079
45280 10.6 28185
45290 10.9 28294
45300 10.4 28398
45310 11.1 28509
45320 10.6 28615
45330 10.5 28720
45340 10 28820
45350 10.6 28926
45360 11.2 29038
45370 11.1 29149
45380 10.5 29254
45390 10.9 29363
45400 11.1 29474
45410 10.7 29581
45420 9.9 29680
45430 10.7 29787
45440 10.3 29890
45450 10.8 29998
45460 10.8 30106
45470 10.4 30210
45480 10.8 30318
45490 9.8 30416
45500 10.7 30523
45510 10.1 30624
45520 10.9 30733
45530 10.1 30834
45540 10.6 30940
45550 9.8 31038
45560 8.5 31123
45570 9.1 31214
45580 9 31304
45590 8.6 31390
45600 9.2 31482
45610 8.5 31567
45620 7.9 31646
45630 9 31736
45640 8.7 31823
45650 9.5 31918
45660 8.8 32006
45670 9.7 32103
45680 9.8 32201
45690 8.9 32290
45700 8.5 32375
45710 8.7 32462
45720 9.2 32554
45730 8.2 32636
45740 8.9 32725
45750 8.6 32811
45760 9.1 32902
45770 9.2 32994
45780 8.9 33083
45790 9.2 33175
45800 8.2 33257
45810 9.4 33351
45820 7.7 33428
45830 8.3 33511
45840 8.4 33595
45850 8.8 33683
45860 8.9 33772
45870 8.7 33859
45880 9.5 33954
45890 8.2 34036
45900 8.5 34121
45910 9.1 34212
45920 8.9 34301
45930 8.8 34389
45940 8.7 34476
45950 8.3 34559
45960 8.7 34646
45970 8.1 34727
45980 9.4 34821
45990 9 34911
46000 8.4 34995
46010 8.5 35080
46020 8.8 35168
46030 8.7 35255
46040 8.8 35343
46050 9 35433
46060 9.6 35529
46070 9.6 35625
46080 9 35715
46090 9.4 35809
46100 7.9 35888
46110 8.2 35970
46120 8.9 36059
46130 8.2 36141
46140 9 36231
46150 9.9 36330
46160 8.9 36419
46170 9.2 36511
46180 9.6 36607
46190 8.8 36695
46200 8.9 36784
46210 8.9 36873
46220 8.4 36957
46230 9.5 37052
46240 9.6 37148
46250 9 37238
46260 9.8 37336
46270 8.8 37424
46280 11.3 37537
46290 11.8 37655
46300 11.6 37771
46310 12 37891
46320 10.8 37999
46330 11.1 38110
46340 11.4 38224
46350 11.8 38342
46360 11.2 38454
46370 11.5 38569
46380 11.9 38688
46390 11.7 38805
46400 11.8 38923
46410 12.1 39044
46420 11.4 39158
46430 11.6 39274
46440 11.9 39393
46450 11.8 39511
46460 11.7 39628
46470 11.7 39745
46480 12.4 39869
46490 11.9 39988
46500 10.7 40095
46510 10.8 40203
46520 9.8 40301
46530 10 40401
46540 10.3 40504
46550 9.3 40597
46560 9.5 40692
46570 9.7 40789
46580 10.2 40891
46590 9.9 40990
46600 10.1 41091
46610 8.7 41178
46620 10 41278
46630 10.5 41383
46640 10.7 41490
46650 10.2 41592
46660 9.7 41689
46670 9.7 41786
46680 10.2 41888
46690 9.1 41979
46700 10.2 42081
46710 10 42181
46720 10 42281
46730 10.9 42390
46740 10.2 42492
46750 10.2 42594
46760 10.1 42695
46770 10.7 42802
46780 10.2 42904
46790 10.3 43007
46800 9.9 43106
46810 9.2 43198
46820 9.3 43291
46830 10.3 43394
46840 10.5 43499
46850 10.9 43608
46860 11.1 43719
46870 9.5 43814
46880 11.1 43925
46890 10.6 44031
46900 10.1 44132
46910 10.1 44233
46920 10.6 44339
46930 10.4 44443
46940 10.1 44544
46950 11.4 44658
46960 10.6 44764
46970 10 44864
46980 10.5 44969
46990 9.7 45066
47000 10.1 45167
47010 10.5 45272
47020 10.4 45376
47030 11 45486
47040 10.7 45593
47050 10.5 45698
47060 11.7 45815
47070 10.3 45918
47080 10.1 46019
47090 10.7 46126
47100 8.9 46215
47110 10.5 46320
47120 10.7 46427
47130 10.8 46535
47140 9.7 46632
47150 11.3 46745
47160 10.8 46853
47170 11 46963
47180 11 47073
47190 10 47173
47200 9.7 47270
47210 10.3 47373
47220 10.7 47480
47230 10.9 47589
47240 10.7 47696
47250 11.8 47814
47260 11.1 47925
47270 10.7 48032
47280 11 48142
47290 10.1 48243
47300 10.4 48347
47310 11.1 48458
47320 10.7 48565
47330 11.8 48683
47340 11.3 48796
47350 11.9 48915
47360 12.2 49037
47370 12.2 49159
47380 11.9 49278
47390 11.3 49391
47400 12.1 49512
47410 11 49622
47420 12.1 49743
47430 11.5 49858
47440 12.4 49982
47450 11.4 50096
47460 12.2 50218
47470 12.7 50345
47480 14.6 50491
47490 12.7 50618
47500 12.8 50746
47510 12.4 50870
47520 12.4 50994
47530 13.6 51130
47540 13.4 51264
47550 14.4 51408
47560 15.3 51561
47570 14.1 51702
47580 14.3 51845
47590 14.7 51992
47600 14.5 52137
47610 15.8 52295
47620 16.3 52458
47630 16.1 52619
47640 12.7 52746
47650 0.4 52750
47660 6.2 52812
47670 0 52812
47680 0 52812
47690 0 52812
47700 0 52812
47710 0 52812
47720 0 52812
47730 0 52812
47740 0 52812
47750 0 52812
47760 0 52812
47770 0 52812
47780 0 52812
47790 0 52812
47800 0 52812
47810 0 52812
47820 0 52812
47830 0 52812
47840 0 52812
47850 0 52812
47860 0 52812
47870 0 52812
47880 0 52812
47890 0 52812
47900 0 52812
47910 0 52812
47920 0 52812
47930 0 52812
47940 0 52812
47950 0 52812
47960 0 52812
47970 0 52812
47980 0 52812
47990 0 52812
48000 0 52812
48010 0 52812
48020 0 52812
48030 0 52812
48040 0 52812
48050 0 52812
48060 0 52812
48070 0 52812
48080 0 52812
48090 0 52812
48100 0 52812
48110 0 52812
48120 0 52812
48130 0 52812
48140 0 52812
48150 0 52812
48160 0 52812
48170 0 52812
48180 0 52812
48190 0 52812
48200 0 52812
48210 0 52812
48220 0 52812
48230 0 52812
48240 0 52812
48250 0 52812
48260 0 52812
48270 0 52812
48280 0 52812
48290 0 52812
48300 0 52812
48310 0 52812
48320 0 52812
48330 0 52812
48340 0 52812
48350 0 52812
48360 0 52812
48370 0 52812
48380 0 52812
48390 0 52812
48400 0 52812
48410 0 52812
48420 0 52812
48430 0 52812
48440 0 52812
48450 0 52812
48460 0 52812
48470 0 52812
48480 0 52812
48490 0 52812
48500 0 52812
48510 0 52812
48520 0 52812
48530 0 52812
48540 0 52812
48550 0 52812
48560 0 52812
48570 0 52812
48580 0 52812
48590 0 52812
48600 0.1 52813
48610 0 52813
48620 0 52813
48630 0.1 52814
48640 0 52814
48650 0 52814
48660 0 52814
48670 1.8 52832
48680 7.1 52903
48690 1.9 52922
48700 0.1 52923
48710 2.6 52949
48720 1.9 52968
48730 0 52968
48740 8.1 53049
48750 9.8 53147
48760 10.3 53250
48770 10.1 53351
48780 9.7 53448
48790 8.6 53534
48800 10.6 53640
48810 10.7 53747
48820 9.9 53846
48830 9.6 53942
48840 9.8 54040
48850 9.7 54137
48860 10.1 54238
48870 10 54338
48880 10.5 54443
48890 10.5 54548
48900 9.7 54645
48910 9.5 54740
48920 9.6 54836
48930 10.3 54939
48940 9.1 55030
48950 9.7 55127
48960 10.5 55232
48970 9.7 55329
48980 11.8 55447
48990 13 55577
49000 12.5 55702
49010 11.6 55818
49020 11 55928
49030 11.5 56043
49040 11.8 56161
49050 12.3 56284
49060 12.2 56406
49070 12.5 56531
49080 12.6 56657
49090 12.9 56786
49100 12.6 56912
49110 11.9 57031
49120 11.8 57149
49130 12.9 57278
49140 12.8 57406
49150 12.1 57527
49160 11.9 57646
49170 11.2 57758
49180 11.2 57870
49190 8 57950
49200 7.9 58029
49210 8.7 58116
49220 9 58206
49230 7.7 58283
49240 7.7 58360
49250 9.2 58452
49260 12.3 58575
49270 13.7 58712
49280 14.1 58853
49290 13.4 58987
49300 14.3 59130
49310 13.3 59263
49320 12.3 59386
49330 13.3 59519
49340 13.3 59652
49350 13.8 59790
49360 13.5 59925
49370 13.8 60063
49380 13.9 60202
49390 9.3 60295
49400 4 60335
49410 9.7 60432
49420 3.2 60464
49430 0.2 60466
49440 14.6 60612
49450 9.9 60711
49460 0 60711
49470 0 60711
49480 0 60711
49490 0 60711
49500 0 60711
49510 0 60711
49520 0 60711
49530 0 60711
49540 0 60711
49550 0 60711
49560 0 60711
49570 0 60711
49580 0 60711
49590 0 60711
49600 0 60711
49610 0 60711
49620 0 60711
49630 0 60711
49640 0 60711
49650 0 60711
49660 0 60711
49670 0 60711
49680 0 60711
49690 0 60711
49700 0 60711
49710 0 60711
49720 0 60711
49730 0 60711
49740 0 60711
49750 0 60711
49760 0 60711
49770 0 60711
49780 0 60711
49790 0 60711
49800 0 60711
49810 0 60711
49820 0 60711
49830 0 60711
49840 0 60711
49850 0 60711
49860 0 60711
49870 0 60711
49880 0 60711
49890 0 60711
49900 0 60711
49910 0 60711
49920 0 60711
49930 0 60711
49940 0 60711
49950 0 60711
49960 0 60711
49970 0 60711
49980 0 60711
49990 0 60711
50000 0 60711
50010 0 60711
50020 0 60711
50030 0 60711
50040 0 60711
50050 0 60711
50060 0 60711
50070 0 60711
50080 0 60711
50090 0 60711
50100 0 60711
50110 0 60711
50120 0 60711
50130 0 60711
50140 0 60711
50150 0 60711
50160 0 60711
50170 0 60711
50180 0 60711
50190 0 60711
50200 0 60711
50210 0 60711
50220 0 60711
50230 0 60711
50240 0 60711
50250 0 60711
50260 0 60711
50270 0 60711
50280 0 60711
50290 0 60711
50300 0 60711
50310 0 60711
50320 0 60711
50330 0 60711
50340 0 60711
50350 0 60711
50360 0 60711
50370 0 60711
50380 0 60711
50390 0 60711
50400 0 60711
50410 0 60711
50420 0 60711
50430 0.1 60712
50440 0 60712
50450 0 60712
50460 0 60712
50470 0 60712
50480 0 60712
50490 0 60712
50500 0 60712
50510 0 60712
50520 0 60712
50530 0 60712
50540 0 60712
50550 0 60712
50560 0 60712
50570 0 60712
50580 0 60712
50590 0 60712
50600 0 60712
50610 0 60712
50620 0 60712
50630 0 60712
50640 0 60712
50650 0 60712
50660 0 60712
50670 0 60712
50680 0 60712
50690 0 60712
50700 0 60712
50710 0 60712
50720 0 60712
50730 0 60712
50740 0 60712
50750 0 60712
50760 0 60712
50770 0 60712
50780 0 60712
50790 0 60712
50800 0 60712
50810 0 60712
50820 0 60712
50830 0 60712
50840 0 60712
50850 0 60712
50860 0 60712
50870 0 60712
50880 0 60712
50890 0 60712
50900 0 60712
50910 0 60712
50920 0 60712
50930 0 60712
50940 0 60712
50950 0 60712
50960 0 60712
50970 0 60712
50980 0 60712
50990 0 60712
51000 0 60712
51010 0 60712
51020 0 60712
51030 0 60712
51040 0 60712
51050 0 60712
51060 0 60712
51070 0 60712
51080 3.3 60745
51090 0 60745
51100 0 60745
51110 6.1 60806
51120 0 60806
51130 0 60806
51140 6.9 60875
51150 1.2 60887
51160 0 60887
51170 7.5 60962
51180 5.4 61016
51190 3.8 61054
51200 6.9 61123
51210 11.7 61240
51220 7.1 61311
51230 10.2 61413
51240 10.4 61517
51250 11.3 61630
51260 10.4 61734
51270 10.5 61839
51280 9.8 61937
51290 10.9 62046
51300 9.9 62145
51310 10.3 62248
51320 10.2 62350
51330 9.9 62449
51340 10.5 62554
51350 10.5 62659
51360 9.5 62754
51370 10.7 62861
51380 9.4 62955
51390 9.5 63050
51400 10 63150
51410 10.3 63253
51420 9.9 63352
51430 10.5 63457
51440 10.2 63559
51450 10.4 63663
51460 10.2 63765
51470 10 63865
51480 9.7 63962
51490 9.4 64056
51500 9.6 64152
51510 10.3 64255
51520 10.7 64362
51530 10.3 64465
51540 10 64565
51550 9.2 64657
51560 9.6 64753
51570 10.2 64855
51580 9.8 64953
51590 10 65053
51600 9.2 65145
51610 10 65245
51620 9.2 65337
51630 10.1 65438
51640 11.3 65551
51650 9 65641
51660 9.5 65736
51670 9.9 65835
51680 9.4 65929
51690 7.9 66008
51700 10.1 66109
51710 9.9 66208
51720 9.6 66304
51730 10.1 66405
51740 9.3 66498
51750 10.5 66603
51760 9.5 66698
51770 10.6 66804
51780 9.7 66901
51790 9.6 66997
51800 10 67097
51810 9.4 67191
51820 10.8 67299
51830 9.8 67397
51840 9.8 67495
51850 10 67595
51860 10 67695
51870 9.2 67787
51880 10 67887
51890 10.3 67990
51900 10.3 68093
51910 10.3 68196
51920 9.9 68295
51930 9 68385
51940 10.3 68488
51950 9.5 68583
51960 10.5 68688
51970 8.9 68777
51980 9.7 68874
51990 10 68974
52000 9.5 69069
52010 10.2 69171
52020 10.3 69274
52030 8.8 69362
52040 9.6 69458
52050 10.2 69560
52060 9.9 69659
52070 9.2 69751
52080 9.3 69844
52090 9.2 69936
52100 9.1 70027
52110 10 70127
52120 9.4 70221
52130 10.2 70323
52140 10 70423
52150 10.4 70527
52160 9.8 70625
52170 9.9 70724
52180 9.2 70816
52190 10.5 70921
52200 9.5 71016
52210 10.4 71120
52220 10 71220
52230 10.4 71324
52240 8.3 71407
52250 10.2 71509
52260 10.7 71616
52270 9.6 71712
52280 9.6 71808
52290 10 71908
52300 9.3 72001
52310 9.8 72099
52320 9.5 72194
52330 9.5 72289
52340 10.3 72392
52350 10.1 72493
52360 9.9 72592
52370 10.4 72696
52380 10.1 72797
52390 10 72897
52400 9.7 72994
52410 10.1 73095
52420 9.6 73191
52430 10.1 73292
52440 9.7 73389
52450 9.9 73488
52460 8.8 73576
52470 7.9 73655
52480 10.4 73759
52490 11.2 73871
52500 9.8 73969
52510 9.1 74060
52520 10.2 74162
52530 9.9 74261
52540 9.9 74360
52550 10.3 74463
52560 10.5 74568
52570 10.1 74669
52580 9.3 74762
52590 9.7 74859
52600 10.4 74963
52610 9.8 75061
52620 10.2 75163
52630 10 75263
52640 9 75353
52650 9.7 75450
52660 9.7 75547
52670 10.6 75653
52680 9.9 75752
52690 9.4 75846
52700 9.9 75945
52710 10.4 76049
52720 9.9 76148
52730 10 76248
52740 10 76348
52750 10.8 76456
52760 9.1 76547
52770 10.2 76649
52780 10 76749
52790 9.9 76848
52800 9.1 76939
52810 11.2 77051
52820 10.5 77156
52830 10.7 77263
52840 10.6 77369
52850 9.8 77467
52860 9.8 77565
52870 9.8 77663
52880 10.7 77770
52890 9 77860
52900 7.3 77933
52910 5.1 77984
52920 1.6 78000
52930 0 78000
52940 0 78000
