42240 0.7 7
42250 1.7 24
42260 2 44
42270 3.1 75
42280 4.7 122
42290 4.5 167
42300 5.8 225
42310 9.9 324
42320 8.6 410
42330 9.2 502
42340 13 632
42350 12.7 759
42360 15 909
42370 17.4 1083
42380 14.6 1229
42390 17.8 1407
42400 18.1 1588
42410 17.3 1761
42420 19.4 1955
42430 15.3 2108
42440 18.9 2297
42450 20.9 2506
42460 20.2 2708
42470 21.2 2920
42480 22.1 3141
42490 18.9 3330
42500 20.9 3539
42510 20.2 3741
42520 19.1 3932
42530 20.4 4136
42540 16.5 4301
42550 15.9 4460
42560 16.8 4628
42570 13.7 4765
42580 10.6 4871
42590 12.3 4994
42600 8.7 5081
42610 10.9 5190
42620 13.3 5323
42630 11 5433
42640 12.1 5554
42650 16.1 5715
42660 13.2 5847
42670 14.6 5993
42680 15.1 6144
42690 12 6264
42700 15.2 6416
42710 18.2 6598
42720 15.3 6751
42730 19.7 6948
42740 19.2 7140
42750 16.7 7307
42760 18.6 7493
42770 18.7 7680
42780 18.3 7863
42790 20.2 8065
42800 19.2 8257
42810 17.1 8428
42820 18.9 8617
42830 15.8 8775
42840 16 8935
42850 16.7 9102
42860 13.5 9237
42870 14.9 9386
42880 14.9 9535
42890 13.5 9670
42900 13.5 9805
42910 11.9 9924
42920 12.6 10050
42930 14.4 10194
42940 12.8 10322
42950 12.1 10443
42960 13 10573
42970 14.4 10717
42980 16.6 10883
42990 15.1 11034
43000 14.6 11180
43010 14.6 11326
43020 11.9 11445
43030 12.2 11567
43040 14.2 11709
43050 13.7 11846
43060 12.4 11970
43070 13.3 12103
43080 11.5 12218
43090 12.9 12347
43100 14.1 12488
43110 13.5 12623
43120 14.2 12765
43130 13.7 12902
43140 13.3 13035
43150 12.4 13159
43160 13.8 13297
43170 13 13427
43180 11.2 13539
43190 12.7 13666
43200 11.9 13785
43210 14.6 13931
43220 13.1 14062
43230 12.9 14191
43240 11.6 14307
43250 13.4 14441
43260 15 14591
43270 14.1 14732
43280 18.3 14915
43290 19.7 15112
43300 18.9 15301
43310 20.9 15510
43320 20.4 15714
43330 22.3 15937
43340 24.4 16181
43350 23.1 16412
43360 24.3 16655
43370 25.1 16906
43380 24.2 17148
43390 28.4 17432
43400 26.3 17695
43410 26.5 17960
43420 25.5 18215
43430 28.8 18503
43440 28.1 18784
43450 28.3 19067
43460 29.7 19364
43470 30.6 19670
43480 31.3 19983
43490 30.8 20291
43500 29.6 20587
43510 28.9 20876
43520 33.3 21209
43530 29.8 21507
43540 30.2 21809
43550 25.9 22068
43560 26.7 22335
43570 27.3 22608
43580 26.9 22877
43590 28.5 23162
43600 24.8 23410
43610 27.4 23684
43620 24 23924
43630 25.7 24181
43640 26 24441
43650 26.3 24704
43660 25.7 24961
43670 26 25221
43680 28.5 25506
43690 28.3 25789
43700 30.2 26091
43710 29 26381
43720 27.1 26652
43730 27.5 26927
43740 29.6 27223
43750 29.6 27519
43760 29.7 27816
43770 26.7 28083
43780 28.5 28368
43790 29.9 28667
43800 27.7 28944
43810 33.3 29277
43820 28 29557
43830 30.6 29863
43840 34.8 30211
43850 28.3 30494
43860 38.2 30876
43870 34.1 31217
43880 28 31497
43890 36.4 31861
43900 31.7 32178
43910 29.7 32475
43920 32.4 32799
43930 29.2 33091
43940 30.7 33398
43950 31.3 33711
43960 31.4 34025
43970 31.3 34338
43980 31.8 34656
43990 32.8 34984
44000 30.7 35291
44010 32.4 35615
44020 35.2 35967
44030 33.8 36305
44040 31.7 36622
44050 32.7 36949
44060 29.6 37245
44070 29.4 37539
44080 31.5 37854
44090 30.6 38160
44100 29.1 38451
44110 28.2 38733
44120 26.8 39001
44130 29.3 39294
44140 29.8 39592
44150 31.2 39904
44160 32.2 40226
44170 29.5 40521
44180 29.6 40817
44190 29.9 41116
44200 28.1 41397
44210 31.1 41708
44220 28.6 41994
44230 28.2 42276
44240 27.6 42552
44250 30.7 42859
44260 28 43139
44270 29.9 43438
44280 33.8 43776
44290 30.4 44080
44300 30 44380
44310 34.4 44724
44320 31.7 45041
44330 34.1 45382
44340 37.3 45755
44350 33.6 46091
44360 34.5 46436
44370 33.3 46769
44380 31 47079
44390 33.8 47417
44400 31.7 47734
44410 33.5 48069
44420 36.1 48430
44430 32.5 48755
44440 36.2 49117
44450 35.7 49474
44460 33.6 49810
44470 32.8 50138
44480 37.7 50515
44490 34 50855
44500 30.2 51157
44510 33.9 51496
44520 32 51816
44530 34 52156
44540 34.8 52504
44550 31.1 52815
44560 31.2 53127
44570 36.7 53494
44580 35.8 53852
44590 32.6 54178
44600 35.8 54536
44610 33.5 54871
44620 33 55201
44630 35.7 55558
44640 31.3 55871
44650 32.2 56193
44660 32.9 56522
44670 34.8 56870
44680 35.3 57223
44690 34.8 57571
44700 36 57931
44710 36.4 58295
44720 33 58625
44730 32.4 58949
44740 35.8 59307
44750 36.4 59671
44760 36.6 60037
44770 34.9 60386
44780 35.2 60738
44790 34.7 61085
44800 36.4 61449
44810 38.8 61837
44820 37 62207
44830 38.4 62591
44840 38 62971
44850 36.4 63335
44860 39.3 63728
44870 37.8 64106
44880 33.4 64440
44890 40.2 64842
44900 34.8 65190
44910 35.6 65546
44920 34.9 65895
44930 34.2 66237
44940 36.2 66599
44950 33.2 66931
44960 32.8 67259
44970 36 67619
44980 32.9 67948
44990 35.9 68307
45000 36.4 68671
45010 35.1 69022
45020 39.8 69420
45030 39.3 69813
45040 39.3 70206
45050 39.7 70603
45060 36.6 70969
45070 38.9 71358
45080 35.9 71717
45090 33.7 72054
45100 38.6 72440
45110 32.4 72764
45120 32 73084
45130 33.1 73415
45140 28.1 73696
45150 29.8 73994
45160 31 74304
45170 31.4 74618
45180 31.6 74934
45190 30.9 75243
45200 29.9 75542
45210 27.8 75820
45220 29.7 76117
45230 31.3 76430
45240 30.6 76736
45250 35.4 77090
45260 29.1 77381
45270 34.6 77727
45280 37.6 78103
45290 31.9 78422
45300 36.3 78785
45310 34.9 79134
45320 30.7 79441
45330 30.6 79747
45340 31.9 80066
45350 27.6 80342
45360 32.1 80663
45370 34.5 81008
45380 28.4 81292
45390 30.4 81596
45400 30.5 81901
45410 30.5 82206
45420 33.9 82545
45430 31.1 82856
45440 29.8 83154
45450 29.7 83451
45460 30.1 83752
45470 29.9 84051
45480 28.9 84340
45490 32.6 84666
45500 31.1 84977
45510 34.5 85322
45520 30.9 85631
45530 29 85921
45540 32.1 86242
45550 33.3 86575
45560 35.3 86928
45570 38.1 87309
45580 35.4 87663
45590 36.5 88028
45600 35.8 88386
45610 34.9 88735
45620 39.2 89127
45630 41.4 89541
45640 39.4 89935
45650 41.3 90348
45660 39.4 90742
45670 41.4 91156
45680 40.7 91563
45690 40.8 91971
45700 41.6 92387
45710 40.2 92789
45720 40.9 93198
45730 40.1 93599
45740 44.5 94044
45750 43.6 94480
45760 38.8 94868
45770 42.4 95292
45780 39.1 95683
45790 40 96083
45800 43.1 96514
45810 39.2 96906
45820 39.2 97298
45830 42.3 97721
45840 41.5 98136
45850 45.9 98595
45860 45.6 99051
45870 42.1 99472
45880 44 99912
45890 44.5 100357
45900 44.7 100804
45910 42.4 101228
45920 39.9 101627
45930 38.7 102014
45940 39.2 102406
45950 43.3 102839
45960 43.1 103270
45970 41 103680
45980 40.9 104089
45990 40.4 104493
46000 41.2 104905
46010 39.6 105301
46020 40.9 105710
46030 41.4 106124
46040 40.5 106529
46050 45.3 106982
46060 42.3 107405
46070 42.2 107827
46080 43.4 108261
46090 38.8 108649
46100 38.3 109032
46110 40.6 109438
46120 39.2 109830
46130 36.3 110193
46140 37.4 110567
46150 38.6 110953
46160 36.1 111314
46170 39.4 111708
46180 41 112118
46190 39.9 112517
46200 41.4 112931
46210 42.6 113357
46220 40.3 113760
46230 43.3 114193
46240 44.9 114642
46250 41.8 115060
46260 45.2 115512
46270 38.8 115900
46280 39 116290
46290 42.4 116714
46300 37.7 117091
46310 40.1 117492
46320 38.2 117874
46330 38 118254
46340 35.5 118609
46350 34.9 118958
46360 33.8 119296
46370 31.3 119609
46380 31.7 119926
46390 36 120286
46400 32.6 120612
46410 33.9 120951
46420 36.7 121318
46430 31.7 121635
46440 34.4 121979
46450 34.1 122320
46460 34 122660
46470 35 123010
46480 31.2 123322
46490 34.2 123664
46500 30.7 123971
46510 34.6 124317
46520 39.8 124715
46530 38 125095
46540 41.3 125508
46550 43.9 125947
46560 39.3 126340
46570 46.2 126802
46580 44.8 127250
46590 41.9 127669
46600 47.2 128141
46610 48.8 128629
46620 48 129109
46630 45.2 129561
46640 45.1 130012
46650 40.2 130414
46660 45 130864
46670 44.1 131305
46680 44.8 131753
46690 45.3 132206
46700 43.6 132642
46710 41.6 133058
46720 40.8 133466
46730 42.1 133887
46740 38.3 134270
46750 44.9 134719
46760 46.3 135182
46770 41.4 135596
46780 41.7 136013
46790 42 136433
46800 43.1 136864
46810 40.9 137273
46820 41.3 137686
46830 46 138146
46840 41.3 138559
46850 41.6 138975
46860 45.9 139434
46870 41 139844
46880 44.1 140285
46890 42.6 140711
46900 41.7 141128
46910 44.5 141573
46920 39.7 141970
46930 43.1 142401
46940 45.7 142858
46950 41.6 143274
46960 45.7 143731
46970 46 144191
46980 41.4 144605
46990 44.3 145048
47000 42.2 145470
47010 42.4 145894
47020 42.8 146322
47030 43.5 146757
47040 44.6 147203
47050 43 147633
47060 45.7 148090
47070 43.3 148523
47080 44.3 148966
47090 44.8 149414
47100 45.2 149866
47110 42 150286
47120 38.3 150669
47130 43.8 151107
47140 38.6 151493
47150 42.9 151922
47160 45.7 152379
47170 43 152809
47180 40.1 153210
47190 43.1 153641
47200 47.9 154120
47210 44.9 154569
47220 44.8 155017
47230 43.8 155455
47240 41.8 155873
47250 39.3 156266
47260 42.1 156687
47270 42.2 157109
47280 44.1 157550
47290 43.8 157988
47300 41.8 158406
47310 43.7 158843
47320 38.9 159232
47330 42.2 159654
47340 38.2 160036
47350 37.3 160409
47360 38.3 160792
47370 36.2 161154
47380 39.7 161551
47390 39.2 161943
47400 32.8 162271
47410 33.2 162603
47420 30.2 162905
47430 25.3 163158
47440 22.5 163383
47450 23.4 163617
47460 20.7 163824
47470 16.1 163985
47480 17.5 164160
47490 10.9 164269
47500 5.6 164325
47510 10.1 164426
47520 4.8 164474
47530 4.6 164520
47540 3.5 164555
47550 1.2 164567
47560 0 164567
47570 0 164567
47580 0 164567
47590 0 164567
47600 0 164567
47610 0 164567
47620 0 164567
47630 0 164567
47640 0 164567
47650 0 164567
47660 0 164567
47670 0 164567
47680 0 164567
47690 0 164567
47700 0 164567
47710 0 164567
47720 0 164567
47730 0 164567
47740 0 164567
47750 0 164567
47760 0 164567
47770 0 164567
47780 0 164567
47790 0 164567
47800 0 164567
47810 0 164567
47820 0 164567
47830 0 164567
47840 0 164567
47850 0 164567
47860 0 164567
47870 0 164567
47880 0 164567
47890 0 164567
47900 0 164567
47910 0 164567
47920 0 164567
47930 0 164567
47940 0 164567
47950 0 164567
47960 0 164567
47970 0 164567
47980 0 164567
47990 0 164567
48000 0 164567
48010 0 164567
48020 0 164567
48030 0 164567
48040 0 164567
48050 0 164567
48060 0 164567
48070 0 164567
48080 0 164567
48090 0 164567
48100 1 164577
48110 6.3 164640
48120 10.7 164747
48130 15.2 164899
48140 21.4 165113
48150 26.3 165376
48160 27.4 165650
48170 29.8 165948
48180 36.8 166316
48190 37.9 166695
48200 41.1 167106
48210 43.5 167541
48220 43.8 167979
48230 40.3 168382
48240 45 168832
48250 46.7 169299
48260 47.1 169770
48270 46 170230
48280 44.5 170675
48290 46.9 171144
48300 44.8 171592
48310 47.3 172065
48320 47 172535
48330 46.5 173000
48340 46 173460
48350 46.5 173925
48360 45.4 174379
48370 41.6 174795
48380 40.6 175201
48390 40.5 175606
48400 38.5 175991
48410 39.3 176384
48420 38.7 176771
48430 39.8 177169
48440 41.7 177586
48450 37 177956
48460 45.9 178415
48470 46 178875
48480 43.1 179306
48490 50.3 179809
48500 39.9 180208
48510 42.1 180629
48520 48.5 181114
48530 47.6 181590
48540 46.8 182058
48550 48.1 182539
48560 47.9 183018
48570 52.1 183539
48580 52.2 184061
48590 53.1 184592
48600 54.6 185138
48610 49.5 185633
48620 56.3 186196
48630 58.2 186778
48640 54.5 187323
48650 54.9 187872
48660 58.8 188460
48670 59.6 189056
48680 56.1 189617
48690 57.1 190188
48700 58.2 190770
48710 50.1 191271
48720 57.7 191848
48730 56.5 192413
48740 49.9 192912
48750 55.5 193467
48760 52.3 193990
48770 51 194500
48780 55.2 195052
48790 52.2 195574
48800 51.9 196093
48810 56.3 196656
48820 54 197196
48830 54.1 197737
48840 56.8 198305
48850 49.7 198802
48860 52.9 199331
48870 55.9 199890
48880 57.3 200463
48890 57.8 201041
48900 57.6 201617
48910 60.1 202218
48920 55.5 202773
48930 57.2 203345
48940 58.3 203928
48950 54.7 204475
48960 57.5 205050
48970 55.5 205605
48980 49.1 206096
48990 51.2 206608
49000 48.4 207092
49010 48.8 207580
49020 49 208070
49030 44.6 208516
49040 46.8 208984
49050 44.4 209428
49060 47.7 209905
49070 46.5 210370
49080 42.3 210793
49090 50.2 211295
49100 48.1 211776
49110 47.7 212253
49120 51.4 212767
49130 47.3 213240
49140 49.9 213739
49150 53.6 214275
49160 51.4 214789
49170 50.6 215295
49180 52 215815
49190 55.1 216366
49200 55 216916
49210 56.9 217485
49220 63.6 218121
49230 62 218741
49240 60.8 219349
49250 65.2 220001
49260 59.5 220596
49270 59.3 221189
49280 56.6 221755
49290 54.1 222296
49300 54.6 222842
49310 55.1 223393
49320 46.3 223856
49330 50.4 224360
49340 50.9 224869
49350 47.1 225340
49360 51.2 225852
49370 50.2 226354
49380 45 226804
49390 52.7 227331
49400 53.4 227865
49410 50.2 228367
49420 53.2 228899
49430 55.6 229455
49440 46.3 229918
49450 51.2 230430
49460 55.5 230985
49470 45.6 231441
49480 52.1 231962
49490 54.7 232509
49500 50 233009
49510 53.1 233540
49520 54.4 234084
49530 50.2 234586
49540 56.3 235149
49550 49.2 235641
49560 52.3 236164
49570 51.9 236683
49580 51.4 237197
49590 56.1 237758
49600 52.5 238283
49610 53.5 238818
49620 54.1 239359
49630 52.6 239885
49640 57 240455
49650 59.2 241047
49660 53.1 241578
49670 55.5 242133
49680 55.2 242685
49690 49.2 243177
49700 58 243757
49710 59.9 244356
49720 57.5 244931
49730 55.9 245490
49740 57.8 246068
49750 56.1 246629
49760 58.1 247210
49770 51.6 247726
49780 52 248246
49790 55.5 248801
49800 55.1 249352
49810 52.1 249873
49820 58.9 250462
49830 58.7 251049
49840 56.5 251614
49850 60.1 252215
49860 60.3 252818
49870 54.5 253363
49880 60.4 253967
49890 63.6 254603
49900 59.1 255194
49910 53.2 255726
49920 65.4 256380
49930 64.1 257021
49940 58.6 257607
49950 66.4 258271
49960 63 258901
49970 55.7 259458
49980 60.9 260067
49990 56.9 260636
50000 57.4 261210
50010 61.7 261827
50020 59.1 262418
50030 58 262998
50040 61.1 263609
50050 58.2 264191
50060 59.9 264790
50070 65.2 265442
50080 62 266062
50090 55 266612
50100 60.3 267215
50110 57.2 267787
50120 54.9 268336
50130 59.5 268931
50140 54.7 269478
50150 58.6 270064
50160 59.9 270663
50170 58.3 271246
50180 59.8 271844
50190 64.5 272489
50200 60 273089
50210 62.3 273712
50220 58.8 274300
50230 57 274870
50240 64.6 275516
50250 63.9 276155
50260 57.1 276726
50270 67.3 277399
50280 60.2 278001
50290 58.2 278583
50300 65 279233
50310 58 279813
50320 61.5 280428
50330 61 281038
50340 61 281648
50350 62.2 282270
50360 62.9 282899
50370 62.2 283521
50380 60.9 284130
50390 61.1 284741
50400 59.7 285338
50410 66.7 286005
50420 65.1 286656
50430 66.3 287319
50440 67 287989
50450 63.8 288627
50460 65.5 289282
50470 64.4 289926
50480 67.1 290597
50490 59.3 291190
50500 64 291830
50510 63.6 292466
50520 61.6 293082
50530 67.3 293755
50540 61 294365
50550 63.5 295000
50560 67.6 295676
50570 63.1 296307
50580 61.3 296920
50590 64 297560
50600 60.3 298163
50610 59.3 298756
50620 58.9 299345
50630 62.2 299967
50640 60 300567
50650 57.3 301140
50660 56.3 301703
50670 56.3 302266
50680 62.2 302888
50690 60.1 303489
50700 58.4 304073
50710 58.9 304662
50720 58.3 305245
50730 63 305875
50740 51.2 306387
50750 54.8 306935
50760 56.4 307499
50770 58.2 308081
50780 61.4 308695
50790 58.8 309283
50800 58.1 309864
50810 59.6 310460
50820 60.9 311069
50830 67.8 311747
50840 64.8 312395
50850 64.1 313036
50860 66 313696
50870 64.5 314341
50880 58.1 314922
50890 63.4 315556
50900 62.1 316177
50910 63.3 316810
50920 61.2 317422
50930 56.8 317990
50940 63.4 318624
50950 57.1 319195
50960 60.3 319798
50970 62.2 320420
50980 57.5 320995
50990 64.2 321637
51000 67.6 322313
51010 66.4 322977
51020 65.7 323634
51030 73.6 324370
51040 69.5 325065
51050 65.9 325724
51060 68 326404
51070 67.7 327081
51080 67.9 327760
51090 73.9 328499
51100 70.7 329206
51110 63.7 329843
51120 75.6 330599
51130 66.6 331265
51140 68.3 331948
51150 75.9 332707
51160 64.9 333356
51170 66.9 334025
51180 72.5 334750
51190 66.7 335417
51200 72.3 336140
51210 64.4 336784
51220 65.3 337437
51230 72.3 338160
51240 68.8 338848
51250 70.1 339549
51260 67.7 340226
51270 68.2 340908
51280 70 341608
51290 70.4 342312
51300 65.6 342968
51310 69 343658
51320 70.8 344366
51330 73.1 345097
51340 74.3 345840
51350 70.6 346546
51360 71.2 347258
51370 73.8 347996
51380 68.8 348684
51390 66.5 349349
51400 70.7 350056
51410 72 350776
51420 72.2 351498
51430 74.3 352241
51440 73.6 352977
51450 71.5 353692
51460 74.2 354434
51470 73.5 355169
51480 71.6 355885
51490 71 356595
51500 71.4 357309
51510 77.8 358087
51520 75.5 358842
51530 71.3 359555
51540 77.7 360332
51550 75.2 361084
51560 73.7 361821
51570 77.7 362598
51580 71.1 363309
51590 70.5 364014
51600 77.4 364788
51610 80.4 365592
51620 75.2 366344
51630 78.2 367126
51640 74.7 367873
51650 76.9 368642
51660 77.7 369419
51670 78.4 370203
51680 79.5 370998
51690 76.5 371763
51700 72.8 372491
51710 77.4 373265
51720 79.1 374056
51730 71.2 374768
51740 80.4 375572
51750 76.3 376335
51760 76.7 377102
51770 81.4 377916
51780 79.4 378710
51790 81.4 379524
51800 81.4 380338
51810 82.1 381159
51820 80.9 381968
51830 84.2 382810
51840 82.3 383633
51850 79.9 384432
51860 76.2 385194
51870 79.1 385985
51880 78.1 386766
51890 76.3 387529
51900 78.7 388316
51910 75.5 389071
51920 79.2 389863
51930 71.9 390582
51940 73.5 391317
51950 73.3 392050
51960 69.5 392745
51970 75.9 393504
51980 75.6 394260
51990 71.3 394973
52000 70.3 395676
52010 72.2 396398
52020 75.3 397151
52030 76.5 397916
52040 77.6 398692
52050 76.2 399454
52060 78.9 400243
52070 79.3 401036
52080 76.5 401801
52090 78.6 402587
52100 77.5 403362
52110 80.7 404169
52120 76.7 404936
52130 78.7 405723
52140 79.2 406515
52150 74 407255
52160 78.5 408040
52170 74 408780
52180 74.1 409521
52190 78.3 410304
52200 74.4 411048
52210 77.8 411826
52220 79.9 412625
52230 82.7 413452
52240 79.5 414247
52250 80.6 415053
52260 82.2 415875
52270 78.4 416659
52280 84.1 417500
52290 88.7 418387
52300 89.2 419279
52310 89.4 420173
52320 89.6 421069
52330 90.2 421971
52340 87.5 422846
52350 83.8 423684
52360 82.2 424506
52370 81.9 425325
52380 83.9 426164
52390 84 427004
52400 79 427794
52410 82 428614
52420 79.8 429412
52430 80.2 430214
52440 81.5 431029
52450 77.6 431805
52460 77.3 432578
52470 78.4 433362
52480 76.9 434131
52490 75.1 434882
52500 74.7 435629
52510 75.8 436387
52520 78.1 437168
52530 81.6 437984
52540 78.5 438769
52550 74.9 439518
52560 80.6 440324
52570 80.9 441133
52580 78.5 441918
52590 85.6 442774
52600 78 443554
52610 80.3 444357
52620 84.3 445200
52630 79.4 445994
52640 79.8 446792
52650 85 447642
52660 81.4 448456
52670 86.8 449324
52680 86.8 450192
52690 83.7 451029
52700 86.2 451891
52710 77.7 452668
52720 84.5 453513
52730 84.2 454355
52740 79.1 455146
52750 89.1 456037
52760 75.6 456793
52770 79.2 457585
52780 87.1 458456
52790 82.9 459285
52800 80.9 460094
52810 54.4 460638
52820 31.8 460956
52830 24.5 461201
52840 6.8 461269
52850 4.8 461317
52860 1.6 461333
52870 0 461333
52880 0 461333
52890 0 461333
52900 0 461333
52910 0 461333
52920 0 461333
52930 0 461333
52940 0 461333
