42310 0.1 1
42320 0 1
42330 0 1
42340 0.7 8
42350 0.5 13
42360 1 23
42370 1.2 35
42380 0.6 41
42390 1.9 60
42400 2.3 83
42410 1.8 101
42420 2.2 123
42430 2.5 148
42440 2.8 176
42450 3.2 208
42460 2.3 231
42470 3.9 270
42480 3.4 304
42490 3 334
42500 3 364
42510 3.9 403
42520 3.2 435
42530 4.1 476
42540 2.8 504
42550 4.5 549
42560 4 589
42570 2.8 617
42580 2.9 646
42590 3.2 678
42600 2.8 706
42610 2.9 735
42620 2.7 762
42630 2.3 785
42640 2.4 809
42650 2.5 834
42660 2.5 859
42670 2.3 882
42680 2.8 910
42690 3 940
42700 3 970
42710 3.3 1003
42720 1.9 1022
42730 2.5 1047
42740 2.6 1073
42750 1.8 1091
42760 2.9 1120
42770 2.5 1145
42780 2 1165
42790 3.4 1199
42800 3.5 1234
42810 2.5 1259
42820 3.1 1290
42830 3.2 1322
42840 3.3 1355
42850 3.9 1394
42860 3.2 1426
42870 3.2 1458
42880 3.1 1489
42890 2.6 1515
42900 2.6 1541
42910 2.2 1563
42920 2.5 1588
42930 2.7 1615
42940 1.9 1634
42950 1.9 1653
42960 2.2 1675
42970 2.4 1699
42980 2.5 1724
42990 2 1744
43000 2.5 1769
43010 1.7 1786
43020 2.6 1812
43030 1.8 1830
43040 3.6 1866
43050 1.6 1882
43060 2.1 1903
43070 1.6 1919
43080 2 1939
43090 1.4 1953
43100 2.9 1982
43110 2.7 2009
43120 2.7 2036
43130 2.6 2062
43140 1.5 2077
43150 1.8 2095
43160 2.9 2124
43170 2.9 2153
43180 1.7 2170
43190 1.3 2183
43200 0.9 2192
43210 2.6 2218
43220 2.5 2243
43230 1.6 2259
43240 2.2 2281
43250 2.5 2306
43260 2.3 2329
43270 2.2 2351
43280 1.5 2366
43290 2 2386
43300 1.4 2400
43310 3.6 2436
43320 3.2 2468
43330 4 2508
43340 4.1 2549
43350 2.8 2577
43360 4.3 2620
43370 4 2660
43380 3.9 2699
43390 4.6 2745
43400 4.7 2792
43410 4.5 2837
43420 4.7 2884
43430 4.1 2925
43440 5.7 2982
43450 5.2 3034
43460 6.6 3100
43470 5.1 3151
43480 6.2 3213
43490 6.5 3278
43500 6.3 3341
43510 5.4 3395
43520 6.1 3456
43530 6.4 3520
43540 5.6 3576
43550 6.9 3645
43560 4.8 3693
43570 6.8 3761
43580 4 3801
43590 6.3 3864
43600 5 3914
43610 5.9 3973
43620 5.6 4029
43630 4.3 4072
43640 7.7 4149
43650 4.5 4194
43660 6.8 4262
43670 4.2 4304
43680 6.3 4367
43690 4.7 4414
43700 5.8 4472
43710 5.4 4526
43720 5.7 4583
43730 6.3 4646
43740 6.6 4712
43750 6.3 4775
43760 6.1 4836
43770 4.8 4884
43780 5.8 4942
43790 6.2 5004
43800 5.5 5059
43810 7 5129
43820 6.4 5193
43830 5.8 5251
43840 6.3 5314
43850 5.2 5366
43860 7.5 5441
43870 7.2 5513
43880 5.1 5564
43890 9.5 5659
43900 7.3 5732
43910 5.7 5789
43920 8.6 5875
43930 6.1 5936
43940 6.8 6004
43950 7.8 6082
43960 6.3 6145
43970 6.3 6208
43980 5.8 6266
43990 6.1 6327
44000 6.3 6390
44010 7.6 6466
44020 7.4 6540
44030 7.3 6613
44040 6.4 6677
44050 6.7 6744
44060 5.7 6801
44070 7.7 6878
44080 7.4 6952
44090 6.8 7020
44100 6.1 7081
44110 7.3 7154
44120 5.2 7206
44130 5.4 7260
44140 6.3 7323
44150 6 7383
44160 7.7 7460
44170 6 7520
44180 6.2 7582
44190 5.8 7640
44200 6.7 7707
44210 7.1 7778
44220 6.4 7842
44230 6 7902
44240 6.7 7969
44250 6.9 8038
44260 5.1 8089
44270 5.9 8148
44280 4.7 8195
44290 5.4 8249
44300 6.9 8318
44310 7.5 8393
44320 6.2 8455
44330 6.8 8523
44340 9 8613
44350 6 8673
44360 6.3 8736
44370 6.4 8800
44380 6.6 8866
44390 8 8946
44400 7.5 9021
44410 6.5 9086
44420 7.6 9162
44430 6.1 9223
44440 7.1 9294
44450 6.9 9363
44460 6.6 9429
44470 8.4 9513
44480 8.5 9598
44490 7.6 9674
44500 6.4 9738
44510 7.4 9812
44520 7 9882
44530 7.3 9955
44540 7.9 10034
44550 4.4 10078
44560 6.2 10140
44570 7.9 10219
44580 7.1 10290
44590 5.9 10349
44600 7.4 10423
44610 7.3 10496
44620 6.6 10562
44630 9.4 10656
44640 6.6 10722
44650 7.1 10793
44660 7.2 10865
44670 8.2 10947
44680 6.6 11013
44690 6.6 11079
44700 7.6 11155
44710 8.1 11236
44720 7 11306
44730 6.6 11372
44740 8.3 11455
44750 7.6 11531
44760 7.7 11608
44770 6.4 11672
44780 6.8 11740
44790 6.7 11807
44800 7.2 11879
44810 10.2 11981
44820 7 12051
44830 7.8 12129
44840 6.9 12198
44850 8.6 12284
44860 8.4 12368
44870 8.1 12449
44880 6.2 12511
44890 10.7 12618
44900 8.5 12703
44910 6.8 12771
44920 8.3 12854
44930 7 12924
44940 9 13014
44950 8.1 13095
44960 8.6 13181
44970 8.2 13263
44980 6.9 13332
44990 7 13402
45000 6.2 13464
45010 6.7 13531
45020 7.7 13608
45030 6.8 13676
45040 7.2 13748
45050 9 13838
45060 7.1 13909
45070 7.3 13982
45080 8.5 14067
45090 9.9 14166
45100 9.5 14261
45110 7 14331
45120 6.5 14396
45130 8.2 14478
45140 5.4 14532
45150 7.5 14607
45160 7.4 14681
45170 8.3 14764
45180 6.1 14825
45190 6.1 14886
45200 5.9 14945
45210 6.6 15011
45220 6.3 15074
45230 7.7 15151
45240 5.6 15207
45250 5.6 15263
45260 5.7 15320
45270 5.1 15371
45280 7.5 15446
45290 4.9 15495
45300 8.8 15583
45310 7.3 15656
45320 6.4 15720
45330 8.8 15808
45340 8.1 15889
45350 6.2 15951
45360 5.5 16006
45370 6.8 16074
45380 4.9 16123
45390 6 16183
45400 5.1 16234
45410 5.7 16291
45420 7.2 16363
45430 6.4 16427
45440 6.5 16492
45450 7 16562
45460 5.8 16620
45470 7.3 16693
45480 5.6 16749
45490 7.9 16828
45500 5.3 16881
45510 6.7 16948
45520 6.1 17009
45530 6.2 17071
45540 6.6 17137
45550 6.4 17201
45560 7.7 17278
45570 7.1 17349
45580 5.3 17402
45590 6.5 17467
45600 7.3 17540
45610 7.1 17611
45620 9.5 17706
45630 7.3 17779
45640 7.6 17855
45650 7.7 17932
45660 7.9 18011
45670 6.4 18075
45680 8.8 18163
45690 9.8 18261
45700 11.2 18373
45710 8.4 18457
45720 7.7 18534
45730 8.8 18622
45740 8.4 18706
45750 7.9 18785
45760 7.9 18864
45770 9.4 18958
45780 8.8 19046
45790 8.4 19130
45800 11.8 19248
45810 7.2 19320
45820 9.3 19413
45830 8.6 19499
45840 8.7 19586
45850 8.9 19675
45860 9.2 19767
45870 7.9 19846
45880 8.8 19934
45890 10.7 20041
45900 10.9 20150
45910 10 20250
45920 9.3 20343
45930 8.8 20431
45940 8.6 20517
45950 10.4 20621
45960 10 20721
45970 9.4 20815
45980 8.4 20899
45990 7.8 20977
46000 9.2 21069
46010 9.6 21165
46020 8.8 21253
46030 9.2 21345
46040 9.1 21436
46050 9.9 21535
46060 8.8 21623
46070 7.2 21695
46080 9 21785
46090 7.7 21862
46100 10.4 21966
46110 11.2 22078
46120 8.7 22165
46130 8.2 22247
46140 9.5 22342
46150 6.9 22411
46160 8.8 22499
46170 9.2 22591
46180 8.7 22678
46190 6.2 22740
46200 9.1 22831
46210 7.9 22910
46220 8.9 22999
46230 8.4 23083
46240 10 23183
46250 9.6 23279
46260 8.4 23363
46270 8.7 23450
46280 9.4 23544
46290 10.7 23651
46300 9.1 23742
46310 8 23822
46320 9.6 23918
46330 7.8 23996
46340 9 24086
46350 7.7 24163
46360 7.3 24236
46370 7.6 24312
46380 6.9 24381
46390 7.9 24460
46400 6.7 24527
46410 6 24587
46420 7.3 24660
46430 6.4 24724
46440 7.4 24798
46450 8.1 24879
46460 7.2 24951
46470 7.2 25023
46480 6.4 25087
46490 6.7 25154
46500 7.4 25228
46510 5.6 25284
46520 7.1 25355
46530 5.8 25413
46540 6.2 25475
46550 8.3 25558
46560 7.4 25632
46570 10 25732
46580 9.2 25824
46590 6.9 25893
46600 10.7 26000
46610 10.5 26105
46620 8.4 26189
46630 9.1 26280
46640 9.3 26373
46650 9 26463
46660 11.1 26574
46670 10.8 26682
46680 8.9 26771
46690 10.6 26877
46700 7.3 26950
46710 9.7 27047
46720 9.3 27140
46730 9.8 27238
46740 9.5 27333
46750 10.1 27434
46760 9.8 27532
46770 8.4 27616
46780 9.7 27713
46790 7.3 27786
46800 8.2 27868
46810 10.3 27971
46820 10.2 28073
46830 9.2 28165
46840 7.8 28243
46850 8.9 28332
46860 9.6 28428
46870 9.2 28520
46880 9.3 28613
46890 11.1 28724
46900 8.4 28808
46910 9.4 28902
46920 7.9 28981
46930 9.7 29078
46940 10.5 29183
46950 9 29273
46960 8.3 29356
46970 10.1 29457
46980 8.4 29541
46990 9.3 29634
47000 9 29724
47010 8.2 29806
47020 11 29916
47030 8.6 30002
47040 10 30102
47050 9 30192
47060 9 30282
47070 8.8 30370
47080 9.3 30463
47090 10.4 30567
47100 10.4 30671
47110 9.7 30768
47120 8.7 30855
47130 9.7 30952
47140 8.8 31040
47150 8.4 31124
47160 9.5 31219
47170 6.4 31283
47180 8.3 31366
47190 9.7 31463
47200 11.4 31577
47210 8.4 31661
47220 9.6 31757
47230 9.3 31850
47240 8.3 31933
47250 8.7 32020
47260 11.2 32132
47270 10.9 32241
47280 8.3 32324
47290 10.1 32425
47300 8.1 32506
47310 8.3 32589
47320 8.5 32674
47330 9.9 32773
47340 10.6 32879
47350 7.9 32958
47360 8.1 33039
47370 8.5 33124
47380 8.2 33206
47390 7.3 33279
47400 5 33329
47410 8.4 33413
47420 7.1 33484
47430 7.4 33558
47440 7.1 33629
47450 6.9 33698
47460 4.2 33740
47470 4.7 33787
47480 4.4 33831
47490 5.3 33884
47500 3.6 33920
47510 5.7 33977
47520 3.5 34012
47530 3 34042
47540 2.9 34071
47550 2 34091
47560 1.7 34108
47570 1.8 34126
47580 1.5 34141
47590 1 34151
47600 1.3 34164
47610 0.4 34168
47620 0.4 34172
47630 0.5 34177
47640 0.3 34180
47650 0 34180
47660 0 34180
47670 0 34180
47680 0 34180
47690 0 34180
47700 0 34180
47710 0 34180
47720 0 34180
47730 0 34180
47740 0 34180
47750 0 34180
47760 0 34180
47770 0 34180
47780 0 34180
47790 0 34180
47800 0 34180
47810 0 34180
47820 0 34180
47830 0 34180
47840 0 34180
47850 0 34180
47860 0 34180
47870 0 34180
47880 0 34180
47890 0 34180
47900 0 34180
47910 0 34180
47920 0 34180
47930 0 34180
47940 0 34180
47950 0 34180
47960 0 34180
47970 0 34180
47980 0 34180
47990 0 34180
48000 0 34180
48010 0 34180
48020 0 34180
48030 0 34180
48040 0 34180
48050 0 34180
48060 0 34180
48070 0 34180
48080 0 34180
48090 0 34180
48100 0 34180
48110 0 34180
48120 0 34180
48130 0 34180
48140 0 34180
48150 0 34180
48160 0.2 34182
48170 1.7 34199
48180 2.8 34227
48190 2.8 34255
48200 4.5 34300
48210 5.6 34356
48220 4.4 34400
48230 6.6 34466
48240 6.6 34532
48250 8.2 34614
48260 7.1 34685
48270 9.3 34778
48280 5.7 34835
48290 7.4 34909
48300 6.5 34974
48310 9 35064
48320 7.9 35143
48330 7.6 35219
48340 8.4 35303
48350 7.9 35382
48360 7.3 35455
48370 5.1 35506
48380 7.2 35578
48390 8.2 35660
48400 6.9 35729
48410 5.8 35787
48420 6.2 35849
48430 5.7 35906
48440 6.7 35973
48450 4.8 36021
48460 6.1 36082
48470 7.1 36153
48480 5.9 36212
48490 8.9 36301
48500 5.3 36354
48510 7.1 36425
48520 9.4 36519
48530 8.1 36600
48540 7.1 36671
48550 7.6 36747
48560 7.6 36823
48570 7.8 36901
48580 10.2 37003
48590 9 37093
48600 9.6 37189
48610 7.4 37263
48620 10.2 37365
48630 11.5 37480
48640 9.5 37575
48650 10 37675
48660 10.9 37784
48670 12 37904
48680 11.8 38022
48690 10.8 38130
48700 9 38220
48710 9.9 38319
48720 12.1 38440
48730 10.8 38548
48740 9.7 38645
48750 13.2 38777
48760 12.1 38898
48770 10.5 39003
48780 11.5 39118
48790 10 39218
48800 11 39328
48810 12.9 39457
48820 12 39577
48830 11.8 39695
48840 12.3 39818
48850 9.7 39915
48860 10.5 40020
48870 13.9 40159
48880 10.9 40268
48890 12.4 40392
48900 12.2 40514
48910 13.6 40650
48920 11.9 40769
48930 12.7 40896
48940 14.1 41037
48950 12.7 41164
48960 13.8 41302
48970 13.9 41441
48980 11.4 41555
48990 11.5 41670
49000 12.2 41792
49010 13.4 41926
49020 12.5 42051
49030 8.7 42138
49040 10.1 42239
49050 9.2 42331
49060 10.7 42438
49070 10 42538
49080 10.4 42642
49090 10.3 42745
49100 10.2 42847
49110 9.6 42943
49120 12.1 43064
49130 7.9 43143
49140 9.5 43238
49150 11.5 43353
49160 9.6 43449
49170 10.5 43554
49180 12.1 43675
49190 11.6 43791
49200 11.2 43903
49210 11.4 44017
49220 11.4 44131
49230 11.7 44248
49240 12.2 44370
49250 13.8 44508
49260 12.7 44635
49270 13 44765
49280 16 44925
49290 14.9 45074
49300 12.3 45197
49310 12.8 45325
49320 11.8 45443
49330 11.6 45559
49340 11.7 45676
49350 11.9 45795
49360 12.2 45917
49370 12.1 46038
49380 8.9 46127
49390 10.1 46228
49400 8.1 46309
49410 8.7 46396
49420 10.8 46504
49430 8.5 46589
49440 10.3 46692
49450 12.7 46819
49460 10.2 46921
49470 5.8 46979
49480 9.4 47073
49490 9 47163
49500 8.1 47244
49510 8.9 47333
49520 11.6 47449
49530 7.1 47520
49540 9.1 47611
49550 8.6 47697
49560 9 47787
49570 11 47897
49580 6.1 47958
49590 11.1 48069
49600 7.7 48146
49610 8.8 48234
49620 8.2 48316
49630 8.3 48399
49640 10.4 48503
49650 9.7 48600
49660 9.7 48697
49670 10.1 48798
49680 11.3 48911
49690 7.1 48982
49700 12 49102
49710 9.5 49197
49720 9.4 49291
49730 8.3 49374
49740 9.9 49473
49750 10.9 49582
49760 12.4 49706
49770 10.3 49809
49780 10.3 49912
49790 10.5 50017
49800 9.7 50114
49810 9.6 50210
49820 10 50310
49830 8.5 50395
49840 9.4 50489
49850 11.3 50602
49860 10 50702
49870 9.9 50801
49880 11.9 50920
49890 12.6 51046
49900 8.8 51134
49910 10.3 51237
49920 11.1 51348
49930 10.9 51457
49940 9.9 51556
49950 12.5 51681
49960 10.8 51789
49970 10.6 51895
49980 12.9 52024
49990 11.8 52142
50000 10.6 52248
50010 12.3 52371
50020 10.5 52476
50030 10.1 52577
50040 10 52677
50050 9.4 52771
50060 11.5 52886
50070 13.3 53019
50080 12.1 53140
50090 10.4 53244
50100 11.7 53361
50110 11.6 53477
50120 9.4 53571
50130 12.8 53699
50140 9.5 53794
50150 9.5 53889
50160 9.9 53988
50170 9.6 54084
50180 10.4 54188
50190 11.5 54303
50200 11.2 54415
50210 12 54535
50220 10.9 54644
50230 10.8 54752
50240 13.1 54883
50250 12.8 55011
50260 10.6 55117
50270 10.7 55224
50280 10.1 55325
50290 9.7 55422
50300 12.9 55551
50310 10.4 55655
50320 13.2 55787
50330 12.7 55914
50340 10.7 56021
50350 11.7 56138
50360 10.3 56241
50370 11 56351
50380 11.5 56466
50390 12.6 56592
50400 10.6 56698
50410 12.9 56827
50420 12.1 56948
50430 11.2 57060
50440 11.5 57175
50450 10.5 57280
50460 12.4 57404
50470 12 57524
50480 14.1 57665
50490 13.5 57800
50500 11.2 57912
50510 11.4 58026
50520 11.4 58140
50530 11.9 58259
50540 10.6 58365
50550 10.3 58468
50560 13 58598
50570 11.3 58711
50580 12.4 58835
50590 12.7 58962
50600 10.8 59070
50610 11.7 59187
50620 11.9 59306
50630 10.2 59408
50640 12.5 59533
50650 11.3 59646
50660 10.6 59752
50670 9.2 59844
50680 12.4 59968
50690 12.1 60089
50700 8.9 60178
50710 9.9 60277
50720 10.8 60385
50730 12.3 60508
50740 9.8 60606
50750 9.5 60701
50760 11.1 60812
50770 10.4 60916
50780 10.8 61024
50790 9.4 61118
50800 9.1 61209
50810 10.1 61310
50820 10.3 61413
50830 13.2 61545
50840 11.5 61660
50850 10.3 61763
50860 10.9 61872
50870 12.2 61994
50880 11.6 62110
50890 12.7 62237
50900 13.2 62369
50910 11.5 62484
50920 11.9 62603
50930 10.9 62712
50940 11.5 62827
50950 10.3 62930
50960 11.7 63047
50970 11.2 63159
50980 7.7 63236
50990 11.6 63352
51000 12 63472
51010 10.8 63580
51020 12.2 63702
51030 13.5 63837
51040 12.6 63963
51050 12 64083
51060 14.6 64229
51070 14.4 64373
51080 15.6 64529
51090 15.5 64684
51100 12.8 64812
51110 11.5 64927
51120 12.9 65056
51130 11.7 65173
51140 14.6 65319
51150 17.7 65496
51160 12.1 65617
51170 13.2 65749
51180 16.6 65915
51190 14.5 66060
51200 16.1 66221
51210 12.8 66349
51220 13.2 66481
51230 16.9 66650
51240 15.9 66809
51250 16 66969
51260 14.1 67110
51270 13.5 67245
51280 15.2 67397
51290 17.4 67571
51300 14.6 67717
51310 15.1 67868
51320 14.3 68011
51330 17.4 68185
51340 17.4 68359
51350 15.1 68510
51360 15.1 68661
51370 16.6 68827
51380 17.8 69005
51390 16.3 69168
51400 15.9 69327
51410 14.4 69471
51420 16.8 69639
51430 17.1 69810
51440 15.4 69964
51450 15.3 70117
51460 16.7 70284
51470 17.3 70457
51480 15.8 70615
51490 17.5 70790
51500 17.8 70968
51510 16.5 71133
51520 15.4 71287
51530 15.6 71443
51540 16.6 71609
51550 16.6 71775
51560 17.7 71952
51570 19.2 72144
51580 15.2 72296
51590 15.7 72453
51600 18.5 72638
51610 16.8 72806
51620 16.3 72969
51630 18.2 73151
51640 15.3 73304
51650 17.1 73475
51660 19.9 73674
51670 19.4 73868
51680 18.7 74055
51690 18.8 74243
51700 16.5 74408
51710 17.8 74586
51720 17.4 74760
51730 16.6 74926
51740 19.3 75119
51750 16.8 75287
51760 16 75447
51770 19.1 75638
51780 17.7 75815
51790 18.1 75996
51800 17.7 76173
51810 18.5 76358
51820 18.4 76542
51830 19.7 76739
51840 19.7 76936
51850 19.4 77130
51860 18.8 77318
51870 17.8 77496
51880 18.4 77680
51890 18.1 77861
51900 19.3 78054
51910 15.6 78210
51920 16.7 78377
51930 18.5 78562
51940 18.2 78744
51950 17.9 78923
51960 14.9 79072
51970 19.3 79265
51980 19.5 79460
51990 14.4 79604
52000 15 79754
52010 14.5 79899
52020 18.3 80082
52030 18.6 80268
52040 17.8 80446
52050 16.3 80609
52060 16.6 80775
52070 17.5 80950
52080 16.7 81117
52090 18 81297
52100 19.2 81489
52110 18.1 81670
52120 20.8 81878
52130 18.6 82064
52140 18.9 82253
52150 15.9 82412
52160 18.7 82599
52170 18.1 82780
52180 17.6 82956
52190 17.5 83131
52200 17.3 83304
52210 16.5 83469
52220 18.2 83651
52230 14.5 83796
52240 19.6 83992
52250 16.7 84159
52260 18.9 84348
52270 16.7 84515
52280 20.2 84717
52290 21.8 84935
52300 19.1 85126
52310 18 85306
52320 18.1 85487
52330 18.2 85669
52340 21.6 85885
52350 22.4 86109
52360 22.4 86333
52370 19.9 86532
52380 21.1 86743
52390 17.9 86922
52400 17.4 87096
52410 16.6 87262
52420 17.7 87439
52430 17.7 87616
52440 21.4 87830
52450 19.9 88029
52460 19.7 88226
52470 19.7 88423
52480 18.3 88606
52490 17.6 88782
52500 16.9 88951
52510 16.9 89120
52520 18.6 89306
52530 18.7 89493
52540 17.8 89671
52550 14.8 89819
52560 16.1 89980
52570 18.2 90162
52580 19.8 90360
52590 20.4 90564
52600 15.6 90720
52610 17.4 90894
52620 20.2 91096
52630 18.7 91283
52640 20 91483
52650 19.5 91678
52660 18.3 91861
52670 18.4 92045
52680 19.6 92241
52690 17.6 92417
52700 19.7 92614
52710 20 92814
52720 18.6 93000
52730 23.3 93233
52740 19.4 93427
52750 21 93637
52760 15.1 93788
52770 16.8 93956
52780 19.9 94155
52790 17.3 94328
52800 19.7 94525
52810 18.6 94711
52820 15.5 94866
52830 15.2 95018
52840 8.1 95099
52850 7.5 95174
52860 3.8 95212
52870 3 95242
52880 2.3 95265
52890 3.8 95303
52900 5.3 95356
52910 7 95426
52920 10.7 95533
52930 12.4 95657
52940 10.5 95762
