48170 0.3 3
48180 0 3
48190 0.3 6
48200 0.2 8
48210 0 8
48220 0.3 11
48230 0 11
48240 0 11
48250 0 11
48260 0.2 13
48270 0 13
48280 0 13
48290 0 13
48300 0 13
48310 0 13
48320 0.3 16
48330 0.2 18
48340 0.3 21
48350 0 21
48360 0 21
48370 0 21
48380 0.3 24
48390 0 24
48400 0.2 26
48410 0.2 28
48420 0 28
48430 0 28
48440 0 28
48450 0 28
48460 0 28
48470 0 28
48480 0 28
48490 0 28
48500 0 28
48510 0 28
48520 0 28
48530 0 28
48540 0 28
48550 0 28
48560 0.1 29
48570 0.1 30
48580 0 30
48590 0 30
48600 0.2 32
48610 0 32
48620 0 32
48630 0.3 35
48640 0 35
48650 0 35
48660 0 35
48670 0 35
48680 0 35
48690 0 35
48700 0.1 36
48710 0 36
48720 0 36
48730 0 36
48740 0 36
48750 0 36
48760 0 36
48770 0 36
48780 0 36
48790 0 36
48800 0 36
48810 0 36
48820 0 36
48830 0 36
48840 0 36
48850 0 36
48860 0 36
48870 0 36
48880 0 36
48890 0 36
48900 0 36
48910 0 36
48920 0 36
48930 0 36
48940 0 36
48950 0 36
48960 0 36
48970 0 36
48980 0 36
48990 0 36
49000 0 36
49010 0 36
49020 0 36
49030 0 36
49040 0 36
49050 0 36
49060 0 36
49070 0 36
49080 0 36
49090 0 36
49100 0 36
49110 0 36
49120 0 36
49130 0 36
49140 0 36
49150 0 36
49160 0 36
49170 0 36
49180 0 36
49190 0 36
49200 0 36
49210 0 36
49220 0 36
49230 0 36
49240 0 36
49250 0 36
49260 0 36
49270 0 36
49280 0 36
49290 0 36
49300 0 36
49310 0 36
49320 0 36
49330 0 36
49340 0 36
49350 0 36
49360 0 36
49370 0 36
49380 0 36
49390 0 36
49400 0 36
49410 0 36
49420 0 36
49430 0 36
49440 0 36
49450 0 36
49460 0 36
49470 0 36
49480 0 36
49490 0 36
49500 0 36
49510 0 36
49520 0 36
49530 0 36
49540 0 36
49550 0 36
49560 0.6 42
49570 0 42
49580 0.2 44
49590 0 44
49600 0 44
49610 0 44
49620 0.1 45
49630 0.1 46
49640 0 46
49650 0 46
49660 0 46
49670 0.2 48
49680 0 48
49690 0 48
49700 0 48
49710 0.1 49
49720 0 49
49730 0.1 50
49740 0 50
49750 0 50
49760 0.1 51
49770 0.1 52
49780 0 52
49790 0 52
49800 0 52
49810 0.1 53
49820 0.1 54
49830 0 54
49840 0 54
49850 0.2 56
49860 0 56
49870 0 56
49880 0 56
49890 0.1 57
49900 0.3 60
49910 0 60
49920 0 60
49930 0.1 61
49940 0.1 62
49950 0.1 63
49960 0 63
49970 0 63
49980 0 63
49990 0 63
50000 0 63
50010 0.1 64
50020 0 64
50030 0 64
50040 0 64
50050 0.7 71
50060 0 71
50070 0 71
50080 0 71
50090 0 71
50100 0 71
50110 0.2 73
50120 0 73
50130 0.2 75
50140 0 75
50150 0 75
50160 0 75
50170 0.1 76
50180 0.2 78
50190 0 78
50200 0.3 81
50210 0.2 83
50220 0 83
50230 0 83
50240 0 83
50250 0 83
50260 0 83
50270 0 83
50280 0.3 86
50290 0.2 88
50300 0 88
50310 0.2 90
50320 0 90
50330 0 90
50340 0 90
50350 0 90
50360 0.1 91
50370 0 91
50380 0.1 92
50390 0.3 95
50400 0 95
50410 0 95
50420 0 95
50430 0.2 97
50440 0.2 99
50450 0 99
50460 0.1 100
50470 0.1 101
50480 0 101
50490 0 101
50500 0 101
50510 0 101
50520 0 101
50530 0 101
50540 0 101
50550 0.1 102
50560 0.3 105
50570 0 105
50580 0.1 106
50590 0 106
50600 0.1 107
50610 0.1 108
50620 0 108
50630 0 108
50640 0.2 110
50650 0 110
50660 0 110
50670 0 110
50680 0 110
50690 0.1 111
50700 0.1 112
50710 0.1 113
50720 0 113
50730 0 113
50740 0.2 115
50750 0.2 117
50760 0 117
50770 0.2 119
50780 0 119
50790 0 119
50800 0.1 120
50810 0 120
50820 0 120
50830 0.7 127
50840 0.3 130
50850 0 130
50860 0 130
50870 0 130
50880 0 130
50890 0 130
50900 0 130
50910 0 130
50920 0 130
50930 0.2 132
50940 0 132
50950 0 132
50960 0 132
50970 0 132
50980 0.1 133
50990 0.2 135
51000 0.3 138
51010 0.1 139
51020 0 139
51030 0 139
51040 0 139
51050 0.2 141
51060 0.3 144
51070 0 144
51080 0 144
51090 0 144
51100 0 144
51110 0 144
51120 0 144
51130 0 144
51140 0 144
51150 0 144
51160 0 144
51170 0 144
51180 0 144
51190 0 144
51200 0 144
51210 0 144
51220 0 144
51230 0 144
51240 0 144
51250 0 144
51260 0 144
51270 0 144
51280 0 144
51290 0 144
51300 0 144
51310 0 144
51320 0 144
51330 0 144
51340 0 144
51350 0 144
51360 0 144
51370 0 144
51380 0 144
51390 0 144
51400 0 144
51410 0 144
51420 0 144
51430 0 144
51440 0 144
51450 0 144
51460 0 144
51470 0 144
51480 0 144
51490 0 144
51500 0 144
51510 0 144
51520 0 144
51530 0 144
51540 0 144
51550 0 144
51560 0 144
51570 0 144
51580 0 144
51590 0 144
51600 0 144
51610 0 144
51620 0 144
51630 0 144
51640 0 144
51650 0 144
51660 0 144
51670 0 144
51680 0 144
51690 0 144
51700 0 144
51710 0 144
51720 0 144
51730 0 144
51740 0 144
51750 0 144
51760 0 144
51770 0 144
51780 0 144
51790 0 144
51800 0 144
51810 0 144
51820 0 144
51830 0 144
51840 0 144
51850 0 144
51860 0 144
51870 0 144
51880 0 144
51890 0 144
51900 0 144
51910 0 144
51920 0 144
51930 0 144
51940 0 144
51950 0 144
51960 0 144
51970 0 144
51980 0 144
51990 0 144
52000 0 144
52010 0 144
52020 0 144
52030 0 144
52040 0 144
52050 0 144
52060 0 144
52070 0 144
52080 0 144
52090 0 144
52100 0 144
52110 0 144
52120 0 144
52130 0 144
52140 0 144
52150 0 144
52160 0 144
52170 0 144
52180 0 144
52190 0 144
52200 0 144
52210 0 144
52220 0 144
52230 0 144
52240 0 144
52250 0 144
52260 0 144
52270 0 144
52280 0 144
52290 0 144
52300 0 144
52310 0 144
52320 0 144
52330 0 144
52340 0 144
52350 0 144
52360 0 144
52370 0 144
52380 0 144
52390 0 144
52400 0 144
52410 0 144
52420 0 144
52430 0 144
52440 0 144
52450 0 144
52460 0 144
52470 0 144
52480 0 144
52490 0 144
52500 0 144
52510 0 144
52520 0 144
52530 0 144
52540 0 144
52550 0 144
52560 0 144
52570 0 144
52580 0 144
52590 0 144
52600 0 144
52610 0 144
52620 0 144
52630 0 144
52640 0 144
52650 0 144
52660 0 144
52670 0 144
52680 0 144
52690 0 144
52700 0 144
52710 0 144
52720 0 144
52730 0 144
52740 0 144
52750 0 144
52760 0 144
52770 0 144
52780 0 144
52790 0 144
52800 0 144
52810 0 144
52820 0 144
52830 0 144
52840 0 144
52850 0 144
52860 0 144
52870 0 144
52880 0 144
52890 0 144
52900 0 144
52910 0 144
52920 0 144
52930 0 144
52940 0 144
