0 0.5 5
10 0.5 10
20 0.8 18
30 0.3 21
40 0.5 26
50 0.7 33
60 0.8 41
70 0.9 50
80 1.2 62
90 1.2 74
100 1.2 86
110 0.8 94
120 1 104
130 0.9 113
140 0.8 121
150 0.7 128
160 0.5 133
170 1.3 146
180 0.8 154
190 1.5 169
200 1.3 182
210 0.9 191
220 0.6 197
230 0.8 205
240 0.8 213
250 0.9 222
260 1.2 234
270 1.3 247
280 0.8 255
290 0.6 261
300 1.3 274
310 1.1 285
320 0.6 291
330 1.4 305
340 1.2 317
350 0.8 325
360 0.9 334
370 0.8 342
380 1.1 353
390 1.3 366
400 0.8 374
410 1.2 386
420 1 396
430 1.7 413
440 0.8 421
450 1.5 436
460 0.9 445
470 1.1 456
480 0.9 465
490 0.8 473
500 1 483
510 0.8 491
520 0.7 498
530 0.7 505
540 1.2 517
550 1.5 532
560 1.5 547
570 0.9 556
580 0.9 565
590 0.8 573
600 0.7 580
610 0.7 587
620 1.3 600
630 0.6 606
640 0.7 613
650 1.1 624
660 0.9 633
670 0.9 642
680 1 652
690 1.1 663
700 1.6 679
710 0.4 683
720 1.4 697
730 0.8 705
740 0.9 714
750 1.3 727
760 1.1 738
770 0.8 746
780 0.7 753
790 0.4 757
800 1.1 768
810 1 778
820 0.5 783
830 0.5 788
840 0.7 795
850 0.6 801
860 0.9 810
870 0.9 819
880 0.4 823
890 1.1 834
900 1 844
910 0.8 852
920 0.9 861
930 1.2 873
940 1.1 884
950 1.3 897
960 1.3 910
970 0.8 918
980 1 928
990 0.9 937
1000 1.5 952
1010 0.8 960
1020 1.3 973
1030 0.7 980
1040 1.3 993
1050 0.9 1002
1060 0.7 1009
1070 1.1 1020
1080 0.8 1028
1090 0.9 1037
1100 1 1047
1110 0.6 1053
1120 0.6 1059
1130 1.1 1070
1140 0.9 1079
1150 1.2 1091
1160 0.7 1098
1170 0.9 1107
1180 1.2 1119
1190 0.8 1127
1200 1 1137
1210 0.9 1146
1220 1 1156
1230 0.7 1163
1240 0.5 1168
1250 1 1178
1260 1 1188
1270 0.6 1194
1280 1 1204
1290 0.8 1212
1300 0.7 1219
1310 1.6 1235
1320 0.8 1243
1330 0.6 1249
1340 0.7 1256
1350 1.4 1270
1360 0.9 1279
1370 0.7 1286
1380 0.4 1290
1390 0.8 1298
1400 1.1 1309
1410 0.9 1318
1420 0.6 1324
1430 1 1334
1440 1.7 1351
1450 0.5 1356
1460 1.4 1370
1470 1.2 1382
1480 2.2 1404
1490 1 1414
1500 0.9 1423
1510 1.1 1434
1520 0.7 1441
1530 0.6 1447
1540 0.8 1455
1550 1.2 1467
1560 1.4 1481
1570 1.4 1495
1580 0.9 1504
1590 1.6 1520
1600 1.4 1534
1610 1.1 1545
1620 0.6 1551
1630 0.5 1556
1640 0.4 1560
1650 0.6 1566
1660 1 1576
1670 1.5 1591
1680 1.6 1607
1690 1 1617
1700 1.2 1629
1710 1 1639
1720 1.5 1654
1730 1.4 1668
1740 0.4 1672
1750 1 1682
1760 0.7 1689
1770 0.6 1695
1780 2 1715
1790 1.4 1729
1800 0.9 1738
1810 0.8 1746
1820 0.8 1754
1830 0.9 1763
1840 0.4 1767
1850 0.7 1774
1860 0.9 1783
1870 1.2 1795
1880 0.8 1803
1890 0.3 1806
1900 0.7 1813
1910 0.6 1819
1920 1.2 1831
1930 0.9 1840
1940 1.5 1855
1950 1.4 1869
1960 1.1 1880
1970 1.1 1891
1980 0.9 1900
1990 1.3 1913
2000 1 1923
2010 0.6 1929
2020 1.3 1942
2030 0.5 1947
2040 0.8 1955
2050 0.6 1961
2060 0.8 1969
2070 0.7 1976
2080 0.8 1984
2090 1 1994
2100 1.3 2007
2110 0.5 2012
2120 1.2 2024
2130 1 2034
2140 0.7 2041
2150 0.7 2048
2160 1 2058
2170 0.6 2064
2180 1.5 2079
2190 0.4 2083
2200 1.3 2096
2210 0.7 2103
2220 1 2113
2230 0.3 2116
2240 0.5 2121
2250 1.6 2137
2260 0.8 2145
2270 0.9 2154
2280 0.5 2159
2290 0.8 2167
2300 0.6 2173
2310 0.6 2179
2320 1 2189
2330 0.9 2198
2340 0.6 2204
2350 0.5 2209
2360 1.2 2221
2370 0.6 2227
2380 0.5 2232
2390 0.5 2237
2400 1.2 2249
2410 0.7 2256
2420 1.2 2268
2430 0.7 2275
2440 1.2 2287
2450 1.6 2303
2460 1.2 2315
2470 0.1 2316
2480 0.9 2325
2490 0.8 2333
2500 1.1 2344
2510 2.1 2365
2520 1.1 2376
2530 0.6 2382
2540 0.9 2391
2550 1.3 2404
2560 0.8 2412
2570 0.7 2419
2580 0.4 2423
2590 0.9 2432
2600 1.1 2443
2610 1.6 2459
2620 0.7 2466
2630 1.2 2478
2640 0.9 2487
2650 0.9 2496
2660 0.8 2504
2670 0.9 2513
2680 1.5 2528
2690 1.2 2540
2700 0.7 2547
2710 1.1 2558
2720 1.3 2571
2730 0.7 2578
2740 1.5 2593
2750 1.3 2606
2760 0.5 2611
2770 1.5 2626
2780 2 2646
2790 0.7 2653
2800 1.2 2665
2810 0.9 2674
2820 1.4 2688
2830 0.7 2695
2840 0.7 2702
2850 1.4 2716
2860 1.1 2727
2870 1 2737
2880 2 2757
2890 0.9 2766
2900 0.7 2773
2910 0.7 2780
2920 0.9 2789
2930 0.6 2795
2940 0.8 2803
2950 1.2 2815
2960 0.9 2824
2970 1 2834
2980 1.3 2847
2990 0.9 2856
3000 1.3 2869
3010 0.7 2876
3020 1.2 2888
3030 1.1 2899
3040 1.1 2910
3050 1 2920
3060 0.5 2925
3070 0.8 2933
3080 0.9 2942
3090 1 2952
3100 1.4 2966
3110 0.8 2974
3120 1 2984
3130 1.4 2998
3140 0.9 3007
3150 1.3 3020
3160 0.6 3026
3170 0.8 3034
3180 0.6 3040
3190 1 3050
3200 1.1 3061
3210 0.8 3069
3220 0.8 3077
3230 0.4 3081
3240 1.2 3093
3250 1.3 3106
3260 1.2 3118
3270 0.9 3127
3280 1.6 3143
3290 0.8 3151
3300 0.4 3155
3310 1.3 3168
3320 1.1 3179
3330 1.2 3191
3340 0.4 3195
3350 0.7 3202
3360 1 3212
3370 0.8 3220
3380 0.5 3225
3390 1 3235
3400 0.9 3244
3410 0.8 3252
3420 1.3 3265
3430 1.1 3276
3440 1.6 3292
3450 1.4 3306
3460 1.2 3318
3470 0.5 3323
3480 1.1 3334
3490 0.8 3342
3500 1.7 3359
3510 1.7 3376
3520 0.5 3381
3530 0.8 3389
3540 1.1 3400
3550 0.4 3404
3560 0.7 3411
3570 1 3421
3580 1.7 3438
3590 1.3 3451
3600 2 3471
3610 0.8 3479
3620 0.8 3487
3630 0.7 3494
3640 0.9 3503
3650 0.9 3512
3660 0.9 3521
3670 1.3 3534
3680 1.2 3546
3690 0.9 3555
3700 0.9 3564
3710 0.7 3571
3720 1.7 3588
3730 1.1 3599
3740 1 3609
3750 1.7 3626
3760 1.4 3640
3770 1.4 3654
3780 0.7 3661
3790 0.8 3669
3800 0.8 3677
3810 0.9 3686
3820 1.2 3698
3830 1.1 3709
3840 0.7 3716
3850 0.7 3723
3860 1 3733
3870 0.8 3741
3880 0.7 3748
3890 0.9 3757
3900 1.3 3770
3910 0.6 3776
3920 1.2 3788
3930 1 3798
3940 1.2 3810
3950 0.8 3818
3960 1.1 3829
3970 0.6 3835
3980 1.4 3849
3990 1.6 3865
4000 1 3875
4010 1 3885
4020 1.2 3897
4030 0.8 3905
4040 0.9 3914
4050 0.7 3921
4060 0.9 3930
4070 1.3 3943
4080 0.9 3952
4090 1.5 3967
4100 0.8 3975
4110 1.2 3987
4120 0.8 3995
4130 0.8 4003
4140 0.6 4009
4150 1.4 4023
4160 0.8 4031
4170 1.1 4042
4180 1.2 4054
4190 1 4064
4200 1.3 4077
4210 1.1 4088
4220 1.3 4101
4230 0.8 4109
4240 0.9 4118
4250 1 4128
4260 1.1 4139
4270 0.9 4148
4280 0.8 4156
4290 1.1 4167
4300 0.8 4175
4310 1.1 4186
4320 1.8 4204
4330 1 4214
4340 0.7 4221
4350 0.9 4230
4360 1.7 4247
4370 1 4257
4380 1 4267
4390 1.4 4281
4400 0.4 4285
4410 0.2 4287
4420 0.7 4294
4430 1.1 4305
4440 0.4 4309
4450 1.3 4322
4460 0.9 4331
4470 0.7 4338
4480 0.9 4347
4490 0.8 4355
4500 0.7 4362
4510 1.4 4376
4520 1.2 4388
4530 1.2 4400
4540 1.3 4413
4550 0.6 4419
4560 0.4 4423
4570 1.6 4439
4580 1.8 4457
4590 0.4 4461
4600 1.6 4477
4610 0.9 4486
4620 1.2 4498
4630 0.7 4505
4640 0.9 4514
4650 0.5 4519
4660 0.8 4527
4670 1 4537
4680 1.5 4552
4690 0.7 4559
4700 0.2 4561
4710 1.7 4578
4720 1.2 4590
4730 1.2 4602
4740 1.1 4613
4750 0.8 4621
4760 0.7 4628
4770 1 4638
4780 1 4648
4790 1 4658
4800 0.5 4663
4810 1.7 4680
4820 1.8 4698
4830 0.9 4707
4840 0.9 4716
4850 0.9 4725
4860 0.6 4731
4870 1.3 4744
4880 1.4 4758
4890 1 4768
4900 1 4778
4910 0.6 4784
4920 1 4794
4930 0.8 4802
4940 1.4 4816
4950 1.3 4829
4960 0.7 4836
4970 0.9 4845
4980 0.9 4854
4990 1.1 4865
5000 0.9 4874
5010 0.9 4883
5020 1.2 4895
5030 1.8 4913
5040 1.5 4928
5050 1.3 4941
5060 1.4 4955
5070 2 4975
5080 1 4985
5090 0.7 4992
5100 1.7 5009
5110 1.8 5027
5120 1 5037
5130 0.7 5044
5140 0.6 5050
5150 0.5 5055
5160 0.6 5061
5170 1.2 5073
5180 1.1 5084
5190 0.9 5093
5200 1.2 5105
5210 1.5 5120
5220 0.8 5128
5230 0.3 5131
5240 1.2 5143
5250 0.6 5149
5260 0.6 5155
5270 0.6 5161
5280 1.6 5177
5290 1.4 5191
5300 1.2 5203
5310 0.6 5209
5320 0.9 5218
5330 0.9 5227
5340 1 5237
5350 1.4 5251
5360 1.5 5266
5370 0.6 5272
5380 0.7 5279
5390 1.9 5298
5400 1.2 5310
5410 1 5320
5420 0.4 5324
5430 1.1 5335
5440 1.1 5346
5450 1.3 5359
5460 0.5 5364
5470 0.7 5371
5480 0.6 5377
5490 0.5 5382
5500 1.3 5395
5510 1.3 5408
5520 1.1 5419
5530 0.9 5428
5540 0.5 5433
5550 1 5443
5560 1.3 5456
5570 0.6 5462
5580 0.4 5466
5590 1.1 5477
5600 0.9 5486
5610 0.8 5494
5620 1.4 5508
5630 0.7 5515
5640 1.1 5526
5650 0.6 5532
5660 0.9 5541
5670 0.6 5547
5680 0.7 5554
5690 0.7 5561
5700 0.7 5568
5710 1.2 5580
5720 0.9 5589
5730 1 5599
5740 0.8 5607
5750 1.5 5622
5760 0.9 5631
5770 1 5641
5780 0.9 5650
5790 1.1 5661
5800 0.9 5670
5810 0.9 5679
5820 0.7 5686
5830 1.1 5697
5840 1.9 5716
5850 1.4 5730
5860 0.9 5739
5870 0.8 5747
5880 0.8 5755
5890 1.2 5767
5900 0.8 5775
5910 0.7 5782
5920 2 5802
5930 0.9 5811
5940 1.3 5824
5950 1.3 5837
5960 1.3 5850
5970 1.1 5861
5980 1.1 5872
5990 0.8 5880
6000 0.8 5888
6010 1 5898
6020 0.4 5902
6030 1.5 5917
6040 2.1 5938
6050 1 5948
6060 1 5958
6070 1.4 5972
6080 0.9 5981
6090 0.9 5990
6100 1.2 6002
6110 1 6012
6120 1.2 6024
6130 0.9 6033
6140 1 6043
6150 0.9 6052
6160 0.7 6059
6170 1.2 6071
6180 1 6081
6190 1.3 6094
6200 0.9 6103
6210 0.7 6110
6220 1 6120
6230 0.8 6128
6240 1.6 6144
6250 1.1 6155
6260 0.6 6161
6270 0.8 6169
6280 0.7 6176
6290 1 6186
6300 0.5 6191
6310 1.3 6204
6320 0.9 6213
6330 0.7 6220
6340 1 6230
6350 2 6250
6360 0.9 6259
6370 0.8 6267
6380 1 6277
6390 0.7 6284
6400 1.1 6295
6410 1.9 6314
6420 0.4 6318
6430 0.7 6325
6440 2.7 6352
6450 1.3 6365
6460 0.9 6374
6470 0.8 6382
6480 1.1 6393
6490 0.4 6397
6500 0.9 6406
6510 1.3 6419
6520 1.2 6431
6530 1.1 6442
6540 1.5 6457
6550 0.7 6464
6560 0.5 6469
6570 1.3 6482
6580 1.5 6497
6590 1.1 6508
6600 0.9 6517
6610 0.9 6526
6620 0.8 6534
6630 1.5 6549
6640 0.8 6557
6650 0.4 6561
6660 1.2 6573
6670 0.8 6581
6680 1.1 6592
6690 1.4 6606
6700 1.6 6622
6710 0.7 6629
6720 1.4 6643
6730 0.7 6650
6740 1.2 6662
6750 0.8 6670
6760 0.9 6679
6770 1 6689
6780 0.8 6697
6790 1.3 6710
6800 0.8 6718
6810 1.2 6730
6820 1.1 6741
6830 1.1 6752
6840 0.8 6760
6850 0.8 6768
6860 1.2 6780
6870 1.7 6797
6880 0.8 6805
6890 0.6 6811
6900 1 6821
6910 0.8 6829
6920 1 6839
6930 1.3 6852
6940 0.5 6857
6950 0.5 6862
6960 0.7 6869
6970 0.7 6876
6980 1.4 6890
6990 1.3 6903
7000 0.8 6911
7010 1.8 6929
7020 1.9 6948
7030 1 6958
7040 0.9 6967
7050 1 6977
7060 0.6 6983
7070 1 6993
7080 0.9 7002
7090 0.9 7011
7100 0.6 7017
7110 1.4 7031
7120 0.7 7038
7130 0.8 7046
7140 0.8 7054
7150 1.2 7066
7160 0.7 7073
7170 1.4 7087
7180 1.3 7100
7190 0.7 7107
7200 0.8 7115
7210 0.6 7121
7220 0.1 7122
7230 0.7 7129
7240 1.8 7147
7250 1.2 7159
7260 1 7169
7270 1.3 7182
7280 1.3 7195
7290 0.8 7203
7300 1.6 7219
7310 0.9 7228
7320 0.7 7235
7330 1.1 7246
7340 0.6 7252
7350 1.2 7264
7360 1.5 7279
7370 1.2 7291
7380 1 7301
7390 0.6 7307
7400 1.7 7324
7410 0.9 7333
7420 0.4 7337
7430 0.9 7346
7440 1.2 7358
7450 0.6 7364
7460 1.3 7377
7470 0.6 7383
7480 1 7393
7490 1.2 7405
7500 0.9 7414
7510 0.6 7420
7520 0.8 7428
7530 0.7 7435
7540 0.7 7442
7550 0.8 7450
7560 1.6 7466
7570 0.9 7475
7580 0.9 7484
7590 1.2 7496
7600 1.1 7507
7610 0.5 7512
7620 0.7 7519
7630 1 7529
7640 0.5 7534
7650 0.8 7542
7660 1 7552
7670 1.7 7569
7680 0.8 7577
7690 0.8 7585
7700 0.4 7589
7710 1 7599
7720 1.3 7612
7730 1.3 7625
7740 1.1 7636
7750 0.6 7642
7760 0.8 7650
7770 0.6 7656
7780 1.9 7675
7790 0.5 7680
7800 1 7690
7810 1 7700
7820 0.9 7709
7830 1.3 7722
7840 1.4 7736
7850 0.9 7745
7860 0.3 7748
7870 1.4 7762
7880 0.7 7769
7890 0.8 7777
7900 1.3 7790
7910 2.3 7813
7920 0.9 7822
7930 0.9 7831
7940 1.4 7845
7950 0.7 7852
7960 1.4 7866
7970 0.8 7874
7980 0.7 7881
7990 1.2 7893
8000 0.8 7901
8010 1 7911
8020 0.9 7920
8030 1 7930
8040 0.9 7939
8050 0.6 7945
8060 1.3 7958
8070 1.6 7974
8080 0.9 7983
8090 0.4 7987
8100 1.2 7999
8110 1.4 8013
8120 0.9 8022
8130 1 8032
8140 0.7 8039
8150 1 8049
8160 0.7 8056
8170 1.2 8068
8180 0.8 8076
8190 1.1 8087
8200 1 8097
8210 0.9 8106
8220 0.7 8113
8230 0.7 8120
8240 0.7 8127
8250 0.3 8130
8260 1.1 8141
8270 0.6 8147
8280 0.4 8151
8290 1 8161
8300 0.4 8165
8310 1.3 8178
8320 0.6 8184
8330 0.7 8191
8340 1.6 8207
8350 0.8 8215
8360 0.7 8222
8370 0.4 8226
8380 0.9 8235
8390 1 8245
8400 0.7 8252
8410 0.9 8261
8420 1 8271
8430 1.1 8282
8440 1.2 8294
8450 0.6 8300
8460 1.6 8316
8470 0.9 8325
8480 1.3 8338
8490 0.7 8345
8500 0.9 8354
8510 0.7 8361
8520 0.9 8370
8530 1.8 8388
8540 0.6 8394
8550 1.2 8406
8560 1.2 8418
8570 0.8 8426
8580 1 8436
8590 0.6 8442
8600 0.7 8449
8610 1 8459
8620 0.8 8467
8630 1 8477
8640 1.3 8490
8650 1.1 8501
8660 0.9 8510
8670 0.9 8519
8680 0.7 8526
8690 1.5 8541
8700 0.7 8548
8710 0.9 8557
8720 1.2 8569
8730 0.6 8575
8740 1.2 8587
8750 1 8597
8760 1.6 8613
8770 1 8623
8780 0.8 8631
8790 0.8 8639
8800 1 8649
8810 1.7 8666
8820 0.5 8671
8830 0.9 8680
8840 0.7 8687
8850 1.1 8698
8860 1.1 8709
8870 0.7 8716
8880 1 8726
8890 0.9 8735
8900 1.1 8746
8910 0.5 8751
8920 1.1 8762
8930 1.3 8775
8940 1 8785
8950 1.1 8796
8960 0.7 8803
8970 1.1 8814
8980 0.3 8817
8990 0.8 8825
9000 0.9 8834
9010 0.6 8840
9020 1 8850
9030 1.3 8863
9040 1 8873
9050 1.2 8885
9060 1 8895
9070 0.5 8900
9080 1.2 8912
9090 1.2 8924
9100 0.7 8931
9110 1.4 8945
9120 1.1 8956
9130 1.1 8967
9140 0.7 8974
9150 1.1 8985
9160 0.8 8993
9170 0.8 9001
9180 1.3 9014
9190 1.5 9029
9200 0.5 9034
9210 1.3 9047
9220 1.1 9058
9230 1.8 9076
9240 1.7 9093
9250 1.2 9105
9260 0.4 9109
9270 1.8 9127
9280 1.9 9146
9290 0.6 9152
9300 0.7 9159
9310 1.2 9171
9320 0.7 9178
9330 0.6 9184
9340 0.4 9188
9350 0.7 9195
9360 0.4 9199
9370 0.6 9205
9380 0.7 9212
9390 0.6 9218
9400 0.8 9226
9410 0.8 9234
9420 0.6 9240
9430 1.1 9251
9440 0.7 9258
9450 0.8 9266
9460 1 9276
9470 1.5 9291
9480 1.1 9302
9490 1.3 9315
9500 0.7 9322
9510 1.2 9334
9520 1.3 9347
9530 1.1 9358
9540 0.7 9365
9550 1.3 9378
9560 0.8 9386
9570 1.5 9401
9580 2.1 9422
9590 1.1 9433
9600 1.1 9444
9610 1.2 9456
9620 1 9466
9630 0.8 9474
9640 1.3 9487
9650 0.7 9494
9660 0.9 9503
9670 0.9 9512
9680 0.8 9520
9690 0.6 9526
9700 1.5 9541
9710 1.4 9555
9720 1 9565
9730 1.4 9579
9740 1.1 9590
9750 0.6 9596
9760 0.8 9604
9770 1 9614
9780 1 9624
9790 0.9 9633
9800 1.3 9646
9810 1.2 9658
9820 0.8 9666
9830 0.8 9674
9840 1 9684
9850 0.9 9693
9860 1.5 9708
9870 0.7 9715
9880 0.9 9724
9890 1.1 9735
9900 0.9 9744
9910 0.7 9751
9920 0.9 9760
9930 1 9770
9940 1.1 9781
9950 0.6 9787
9960 1 9797
9970 1.6 9813
9980 0.9 9822
9990 1.1 9833
10000 0.7 9840
10010 1.5 9855
10020 0.9 9864
10030 0.7 9871
10040 0.6 9877
10050 0.3 9880
10060 2.4 9904
10070 1.2 9916
10080 0.6 9922
10090 1.1 9933
10100 0.8 9941
10110 0.8 9949
10120 1.1 9960
10130 2.1 9981
10140 1.1 9992
10150 1.6 10008
10160 1 10018
10170 0.7 10025
10180 0.8 10033
10190 1.4 10047
10200 0.9 10056
10210 0.6 10062
10220 1.2 10074
10230 0.8 10082
10240 0.5 10087
10250 1.5 10102
10260 1.7 10119
10270 1 10129
10280 0.7 10136
10290 0.7 10143
10300 1.3 10156
10310 0.6 10162
10320 0.4 10166
10330 0.5 10171
10340 1.3 10184
10350 1.1 10195
10360 0.9 10204
10370 1.3 10217
10380 0.7 10224
10390 1.4 10238
10400 0.7 10245
10410 0.9 10254
10420 1.9 10273
10430 0.8 10281
10440 0.4 10285
10450 0.1 10286
10460 1.3 10299
10470 0.7 10306
10480 0.8 10314
10490 0.8 10322
10500 1.2 10334
10510 1.2 10346
10520 1 10356
10530 1.8 10374
10540 1.2 10386
10550 1 10396
10560 1.2 10408
10570 1.1 10419
10580 1.6 10435
10590 1 10445
10600 1.1 10456
10610 0.8 10464
10620 0.7 10471
10630 0.6 10477
10640 0.9 10486
10650 0.8 10494
10660 0.9 10503
10670 0.6 10509
10680 0.6 10515
10690 1.4 10529
10700 0.8 10537
10710 1 10547
10720 1 10557
10730 0.4 10561
10740 0.8 10569
10750 1 10579
10760 1 10589
10770 0.7 10596
10780 0.6 10602
10790 1 10612
10800 1 10622
10810 1.2 10634
10820 0.6 10640
10830 0.7 10647
10840 0.8 10655
10850 1.2 10667
10860 0.9 10676
10870 1.1 10687
10880 0.5 10692
10890 1.2 10704
10900 0.9 10713
10910 1.1 10724
10920 1.6 10740
10930 1.7 10757
10940 1 10767
10950 1.3 10780
10960 0.6 10786
10970 0.9 10795
10980 0.8 10803
10990 0.7 10810
11000 1.2 10822
11010 0.7 10829
11020 0.8 10837
11030 1.8 10855
11040 1.5 10870
11050 1.2 10882
11060 0.6 10888
11070 0.8 10896
11080 2.2 10918
11090 1 10928
11100 1.2 10940
11110 0.7 10947
11120 0.3 10950
11130 0.8 10958
11140 0.7 10965
11150 1.3 10978
11160 0.6 10984
11170 1.2 10996
11180 0.7 11003
11190 0.7 11010
11200 0 11010
11210 1.4 11024
11220 0.6 11030
11230 0.7 11037
11240 0.6 11043
11250 1 11053
11260 1 11063
11270 0.3 11066
11280 0.9 11075
11290 1.4 11089
11300 0.9 11098
11310 1.1 11109
11320 0.6 11115
11330 2 11135
11340 1.8 11153
11350 1.5 11168
11360 0.8 11176
11370 0.7 11183
11380 1.1 11194
11390 1 11204
11400 0.8 11212
11410 0.5 11217
11420 2.1 11238
11430 0.5 11243
11440 0.9 11252
11450 0.8 11260
11460 1.2 11272
11470 1.3 11285
11480 0.9 11294
11490 1.1 11305
11500 0.7 11312
11510 0.6 11318
11520 1.2 11330
11530 0.5 11335
11540 0.5 11340
11550 1.3 11353
11560 1.2 11365
11570 0.7 11372
11580 0.7 11379
11590 1.2 11391
11600 0.7 11398
11610 1.1 11409
11620 1 11419
11630 0.8 11427
11640 0.7 11434
11650 1.1 11445
11660 1.2 11457
11670 1.2 11469
11680 1 11479
11690 0.7 11486
11700 0.5 11491
11710 1.1 11502
11720 1.2 11514
11730 1.2 11526
11740 0.8 11534
11750 1.3 11547
11760 1 11557
11770 0.7 11564
11780 1.1 11575
11790 0.9 11584
11800 0.8 11592
11810 1.6 11608
11820 0.9 11617
11830 0.9 11626
11840 1.1 11637
11850 0.7 11644
11860 0.9 11653
11870 0.5 11658
11880 0.7 11665
11890 0.8 11673
11900 0.6 11679
11910 0.5 11684
11920 1 11694
11930 0.8 11702
11940 0.7 11709
11950 1.1 11720
11960 0.5 11725
11970 1.1 11736
11980 1 11746
11990 0.9 11755
12000 1 11765
12010 0.8 11773
12020 0.7 11780
12030 1 11790
12040 1.2 11802
12050 0.6 11808
12060 1 11818
12070 0.8 11826
12080 0.7 11833
12090 1.1 11844
12100 0.8 11852
12110 2 11872
12120 1.2 11884
12130 0.8 11892
12140 0.8 11900
12150 0.7 11907
12160 1.1 11918
12170 1 11928
12180 1 11938
12190 1.3 11951
12200 0.4 11955
12210 0.5 11960
12220 2.1 11981
12230 0.8 11989
12240 0.9 11998
12250 1.1 12009
12260 2.5 12034
12270 1.1 12045
12280 1 12055
12290 1 12065
12300 1.5 12080
12310 1 12090
12320 1 12100
12330 0.8 12108
12340 0.8 12116
12350 1.1 12127
12360 0.8 12135
12370 1.4 12149
12380 0.5 12154
12390 1.5 12169
12400 0.5 12174
12410 0.6 12180
12420 1.6 12196
12430 1 12206
12440 0.3 12209
12450 1.4 12223
12460 0.8 12231
12470 0.8 12239
12480 1.4 12253
12490 1.2 12265
12500 0.8 12273
12510 1 12283
12520 1.1 12294
12530 1.2 12306
12540 0.7 12313
12550 1.3 12326
12560 1.8 12344
12570 0.7 12351
12580 0.5 12356
12590 0.2 12358
12600 1 12368
12610 1.4 12382
12620 0.6 12388
12630 1.2 12400
12640 0.9 12409
12650 0.9 12418
12660 1.3 12431
12670 1.7 12448
12680 1.3 12461
12690 0.3 12464
12700 1.1 12475
12710 0.7 12482
12720 1.4 12496
12730 0.8 12504
12740 0.9 12513
12750 2 12533
12760 0.6 12539
12770 0.6 12545
12780 1.3 12558
12790 0.8 12566
12800 2.1 12587
12810 0.8 12595
12820 0.7 12602
12830 0.4 12606
12840 0.9 12615
12850 1.2 12627
12860 1.5 12642
12870 1.7 12659
12880 1.7 12676
12890 0.8 12684
12900 1.8 12702
12910 1 12712
12920 0.7 12719
12930 0.5 12724
12940 1 12734
12950 1.2 12746
12960 0.5 12751
12970 1.1 12762
12980 0.5 12767
12990 0.9 12776
13000 0.9 12785
13010 0.4 12789
13020 1.2 12801
13030 1.2 12813
13040 0.2 12815
13050 1 12825
13060 1 12835
13070 0.8 12843
13080 0.8 12851
13090 0.9 12860
13100 1.8 12878
13110 0.9 12887
13120 0.8 12895
13130 0.9 12904
13140 1 12914
13150 1.2 12926
13160 1 12936
13170 0.9 12945
13180 0.4 12949
13190 0.9 12958
13200 0.8 12966
13210 0.5 12971
13220 0.5 12976
13230 1 12986
13240 1.7 13003
13250 1.1 13014
13260 1 13024
13270 2.2 13046
13280 0.8 13054
13290 1.5 13069
13300 0.4 13073
13310 0.9 13082
13320 1.8 13100
13330 0.4 13104
13340 0.7 13111
13350 1.1 13122
13360 1 13132
13370 1 13142
13380 1.5 13157
13390 0.7 13164
13400 1.4 13178
13410 0.8 13186
13420 1.4 13200
13430 0.9 13209
13440 1.4 13223
13450 1.9 13242
13460 0.5 13247
13470 1.5 13262
13480 1.1 13273
13490 1.4 13287
13500 1.4 13301
13510 1.1 13312
13520 1.2 13324
13530 0.4 13328
13540 1.4 13342
13550 1.1 13353
13560 1 13363
13570 1 13373
13580 0.7 13380
13590 1.2 13392
13600 1.2 13404
13610 0.4 13408
13620 2.2 13430
13630 1.2 13442
13640 0.9 13451
13650 0.6 13457
13660 0.9 13466
13670 1 13476
13680 0.6 13482
13690 0.8 13490
13700 0.8 13498
13710 1.9 13517
13720 1.5 13532
13730 0.9 13541
13740 1.5 13556
13750 0.5 13561
13760 0.7 13568
13770 1 13578
13780 1.2 13590
13790 0.6 13596
13800 1.9 13615
13810 0.5 13620
13820 0.8 13628
13830 0.3 13631
13840 0.9 13640
13850 0.3 13643
13860 1.2 13655
13870 1.1 13666
13880 1.5 13681
13890 1.2 13693
13900 1 13703
13910 1.3 13716
13920 1 13726
13930 0.8 13734
13940 0.3 13737
13950 0.9 13746
13960 1 13756
13970 1.3 13769
13980 0.7 13776
13990 1.1 13787
14000 2 13807
14010 1.5 13822
14020 1.3 13835
14030 0.8 13843
14040 1.5 13858
14050 0.6 13864
14060 0.9 13873
14070 1 13883
14080 0.9 13892
14090 0.6 13898
14100 1.4 13912
14110 0.7 13919
14120 1.1 13930
14130 0.4 13934
14140 0.4 13938
14150 1.2 13950
14160 1 13960
14170 1.2 13972
14180 1.2 13984
14190 0.5 13989
14200 1.1 14000
14210 1.1 14011
14220 1 14021
14230 0.9 14030
14240 0.4 14034
14250 1.2 14046
14260 1 14056
14270 0.9 14065
14280 1.1 14076
14290 1.2 14088
14300 0.8 14096
14310 1.2 14108
14320 1.9 14127
14330 0.5 14132
14340 1.1 14143
14350 0.6 14149
14360 0.9 14158
14370 1 14168
14380 1.2 14180
14390 0.8 14188
14400 0.5 14193
14410 0.6 14199
14420 1.3 14212
14430 1.6 14228
14440 1.2 14240
14450 1.4 14254
14460 1.2 14266
14470 0.4 14270
14480 0.8 14278
14490 1 14288
14500 0.9 14297
14510 1 14307
14520 1 14317
14530 0.6 14323
14540 1.1 14334
14550 1 14344
14560 0.8 14352
14570 1.2 14364
14580 1 14374
14590 0.6 14380
14600 1.1 14391
14610 1.9 14410
14620 0.4 14414
14630 1.1 14425
14640 1.5 14440
14650 1.3 14453
14660 1.2 14465
14670 1.2 14477
14680 1.1 14488
14690 0.4 14492
14700 0.6 14498
14710 1 14508
14720 0.7 14515
14730 0.6 14521
14740 0.3 14524
14750 1.8 14542
14760 0.8 14550
14770 1.3 14563
14780 1 14573
14790 0.1 14574
14800 0.7 14581
14810 0.4 14585
14820 0.6 14591
14830 0.6 14597
14840 0.6 14603
14850 0.8 14611
14860 1.4 14625
14870 0.8 14633
14880 1.5 14648
14890 2.1 14669
14900 0.9 14678
14910 1.1 14689
14920 1 14699
14930 0.7 14706
14940 2.2 14728
14950 1.5 14743
14960 1.1 14754
14970 1.1 14765
14980 0.6 14771
14990 1 14781
15000 1.4 14795
15010 0.8 14803
15020 1.1 14814
15030 1.5 14829
15040 0.8 14837
15050 1.1 14848
15060 0.7 14855
15070 0.6 14861
15080 1.4 14875
15090 1.4 14889
15100 0.7 14896
15110 1 14906
15120 0.9 14915
15130 1.4 14929
15140 1.2 14941
15150 1.7 14958
15160 0.7 14965
15170 1.9 14984
15180 1 14994
15190 0.6 15000
15200 1.7 15017
15210 0.9 15026
15220 1.4 15040
15230 0.8 15048
15240 0.7 15055
15250 0.9 15064
15260 1 15074
15270 0.8 15082
15280 0.6 15088
15290 0.8 15096
15300 0.7 15103
15310 1.2 15115
15320 0.5 15120
15330 1 15130
15340 1.7 15147
15350 0.8 15155
15360 0.6 15161
15370 0.7 15168
15380 0.8 15176
15390 1.3 15189
15400 1.2 15201
15410 0.7 15208
15420 0.6 15214
15430 0.9 15223
15440 0.7 15230
15450 0.8 15238
15460 1.2 15250
15470 0.6 15256
15480 0.9 15265
15490 0.7 15272
15500 1.1 15283
15510 1.5 15298
15520 0.6 15304
15530 0.7 15311
15540 0.9 15320
15550 0.7 15327
15560 0.6 15333
15570 1 15343
15580 1.5 15358
15590 1.2 15370
15600 0.6 15376
15610 0.7 15383
15620 0.9 15392
15630 0.5 15397
15640 0.9 15406
15650 0.9 15415
15660 1.3 15428
15670 0.6 15434
15680 1.2 15446
15690 1.3 15459
15700 0.7 15466
15710 0.4 15470
15720 1.1 15481
15730 1.3 15494
15740 1.5 15509
15750 0.9 15518
15760 1.3 15531
15770 0.9 15540
15780 0.9 15549
15790 1.4 15563
15800 0.5 15568
15810 1.2 15580
15820 0.8 15588
15830 1.4 15602
15840 0.5 15607
15850 1.1 15618
15860 1.6 15634
15870 1.5 15649
15880 0.7 15656
15890 1.4 15670
15900 0.6 15676
15910 0.6 15682
15920 1 15692
15930 1.3 15705
15940 0.6 15711
15950 0.9 15720
15960 0.7 15727
15970 0.5 15732
15980 0.4 15736
15990 0.9 15745
16000 1 15755
16010 0.7 15762
16020 1.5 15777
16030 1 15787
16040 0.6 15793
16050 0.6 15799
16060 1.2 15811
16070 0.8 15819
16080 0.6 15825
16090 0.6 15831
16100 0.8 15839
16110 1.1 15850
16120 1.1 15861
16130 1.1 15872
16140 0.7 15879
16150 1 15889
16160 0.6 15895
16170 1.4 15909
16180 0.9 15918
16190 1.4 15932
16200 0.7 15939
16210 0.9 15948
16220 0.8 15956
16230 1.4 15970
16240 1.6 15986
16250 1 15996
16260 0.9 16005
16270 0.8 16013
16280 1.1 16024
16290 0.8 16032
16300 0.8 16040
16310 1 16050
16320 0.6 16056
16330 0.7 16063
16340 1.2 16075
16350 1.2 16087
16360 0.8 16095
16370 0.3 16098
16380 0.9 16107
16390 2.6 16133
16400 1.1 16144
16410 1 16154
16420 1.2 16166
16430 0.8 16174
16440 0.5 16179
16450 0.6 16185
16460 0.7 16192
16470 1.4 16206
16480 0.9 16215
16490 1.2 16227
16500 0.7 16234
16510 1.9 16253
16520 1.3 16266
16530 0.7 16273
16540 1.4 16287
16550 1 16297
16560 1.3 16310
16570 0.8 16318
16580 0.8 16326
16590 1.6 16342
16600 1.4 16356
16610 1.4 16370
16620 1.1 16381
16630 1.2 16393
16640 0.5 16398
16650 0.8 16406
16660 1.1 16417
16670 1.1 16428
16680 1.1 16439
16690 0.8 16447
16700 0.9 16456
16710 0.8 16464
16720 0.9 16473
16730 0.9 16482
16740 0.9 16491
16750 0.8 16499
16760 1.1 16510
16770 1.2 16522
16780 1.1 16533
16790 0.8 16541
16800 1.1 16552
16810 0.5 16557
16820 1 16567
16830 1.4 16581
16840 1.3 16594
16850 0.8 16602
16860 1.2 16614
16870 0.6 16620
16880 1.8 16638
16890 1.1 16649
16900 0.7 16656
16910 1 16666
16920 1.4 16680
16930 0.5 16685
16940 0.8 16693
16950 1 16703
16960 1.2 16715
16970 0.8 16723
16980 0.9 16732
16990 0.7 16739
17000 0.3 16742
17010 1.8 16760
17020 1.2 16772
17030 0.6 16778
17040 1.3 16791
17050 1.5 16806
17060 0.7 16813
17070 0.7 16820
17080 1.5 16835
17090 1 16845
17100 1.4 16859
17110 1 16869
17120 0.8 16877
17130 0.5 16882
17140 0.8 16890
17150 0.5 16895
17160 0.9 16904
17170 0.6 16910
17180 0.7 16917
17190 0.7 16924
17200 1 16934
17210 0.8 16942
17220 0.6 16948
17230 0.8 16956
17240 1 16966
17250 1.2 16978
17260 0.6 16984
17270 0.4 16988
17280 0.7 16995
17290 0.4 16999
17300 1.1 17010
17310 1.2 17022
17320 1 17032
17330 0.4 17036
17340 1.9 17055
17350 0.9 17064
17360 2.1 17085
17370 2.3 17108
17380 1.4 17122
17390 1.1 17133
17400 1.4 17147
17410 1.4 17161
17420 1.1 17172
17430 0.6 17178
17440 0.9 17187
17450 1.2 17199
17460 0.9 17208
17470 0.5 17213
17480 1.4 17227
17490 0.8 17235
17500 0.8 17243
17510 0.7 17250
17520 0.7 17257
17530 1 17267
17540 1.3 17280
17550 1.2 17292
17560 1.1 17303
17570 0.8 17311
17580 0.1 17312
17590 1.3 17325
17600 1 17335
17610 0.8 17343
17620 0.9 17352
17630 0.5 17357
17640 1 17367
17650 1 17377
17660 1.1 17388
17670 1.2 17400
17680 1.5 17415
17690 0.6 17421
17700 0.5 17426
17710 0.9 17435
17720 0.7 17442
17730 1.6 17458
17740 1.2 17470
17750 1.3 17483
17760 1.9 17502
17770 1.6 17518
17780 1.5 17533
17790 0.9 17542
17800 0.7 17549
17810 1.8 17567
17820 0.8 17575
17830 1.6 17591
17840 0.5 17596
17850 0.9 17605
17860 0.9 17614
17870 0.7 17621
17880 1.3 17634
17890 0.6 17640
17900 1.2 17652
17910 0.9 17661
17920 0.8 17669
17930 0.8 17677
17940 0.9 17686
17950 0.5 17691
17960 1.1 17702
17970 1 17712
17980 1 17722
17990 1 17732
18000 0.7 17739
18010 1 17749
18020 0.9 17758
18030 1.1 17769
18040 1.6 17785
18050 1 17795
18060 0.7 17802
18070 0.5 17807
18080 1.2 17819
18090 1 17829
18100 0.8 17837
18110 0.5 17842
18120 1.3 17855
18130 0.8 17863
18140 2.4 17887
18150 1.2 17899
18160 0.8 17907
18170 1.3 17920
18180 1.1 17931
18190 0.7 17938
18200 1.1 17949
18210 0.7 17956
18220 1.2 17968
18230 1.1 17979
18240 0.7 17986
18250 0.9 17995
18260 1.3 18008
18270 0.3 18011
18280 1.2 18023
18290 0.9 18032
18300 1.5 18047
18310 0.7 18054
18320 1.1 18065
18330 1.2 18077
18340 1 18087
18350 1.3 18100
18360 1.5 18115
18370 0.7 18122
18380 1.8 18140
18390 1 18150
18400 0.8 18158
18410 0.9 18167
18420 1 18177
18430 0.8 18185
18440 1.2 18197
18450 0.7 18204
18460 0.7 18211
18470 1.1 18222
18480 0.9 18231
18490 1.3 18244
18500 0.9 18253
18510 0.9 18262
18520 1.2 18274
18530 1.5 18289
18540 0.9 18298
18550 1.2 18310
18560 1.2 18322
18570 0.7 18329
18580 1.1 18340
18590 1.5 18355
18600 1.5 18370
18610 1.9 18389
18620 1 18399
18630 1.1 18410
18640 1 18420
18650 0.8 18428
18660 0.9 18437
18670 0.5 18442
18680 1.7 18459
18690 1.3 18472
18700 1.3 18485
18710 0.3 18488
18720 0.9 18497
18730 1 18507
18740 1.1 18518
18750 0.7 18525
18760 1 18535
18770 1.2 18547
18780 0.9 18556
18790 0.8 18564
18800 0.9 18573
18810 0.6 18579
18820 1.3 18592
18830 1.2 18604
18840 1 18614
18850 1 18624
18860 0.9 18633
18870 0.7 18640
18880 0.9 18649
18890 2 18669
18900 1.4 18683
18910 1.2 18695
18920 1.4 18709
18930 1.2 18721
18940 0.7 18728
18950 0.7 18735
18960 1.4 18749
18970 0.8 18757
18980 1.1 18768
18990 0.9 18777
19000 1 18787
19010 1 18797
19020 1 18807
19030 0.8 18815
19040 0.9 18824
19050 1 18834
19060 1.2 18846
19070 1.2 18858
19080 1 18868
19090 1.1 18879
19100 1.2 18891
19110 1.1 18902
19120 0.8 18910
19130 0.6 18916
19140 0.6 18922
19150 1.2 18934
19160 1.1 18945
19170 0.8 18953
19180 0.9 18962
19190 1.1 18973
19200 0.5 18978
19210 0.9 18987
19220 0.5 18992
19230 0.8 19000
19240 2.2 19022
19250 0.6 19028
19260 1 19038
19270 1.1 19049
19280 1.3 19062
19290 1.5 19077
19300 0.9 19086
19310 0.5 19091
19320 0.9 19100
19330 1.3 19113
19340 1 19123
19350 0.8 19131
19360 1 19141
19370 1.3 19154
19380 1.5 19169
19390 1 19179
19400 1.3 19192
19410 0.8 19200
19420 1.1 19211
19430 0.3 19214
19440 0.7 19221
19450 1.6 19237
19460 1.5 19252
19470 1.3 19265
19480 1.2 19277
19490 1.1 19288
19500 0.4 19292
19510 1 19302
19520 0.8 19310
19530 0.8 19318
19540 0.6 19324
19550 0.7 19331
19560 0.8 19339
19570 1.3 19352
19580 0.3 19355
19590 1.1 19366
19600 0.6 19372
19610 1.1 19383
19620 1.6 19399
19630 0.7 19406
19640 0.4 19410
19650 0.9 19419
19660 0.7 19426
19670 0.8 19434
19680 2.2 19456
19690 1 19466
19700 1.2 19478
19710 1.3 19491
19720 1.2 19503
19730 1.9 19522
19740 0.8 19530
19750 0.9 19539
19760 0.7 19546
19770 1 19556
19780 1.2 19568
19790 0.7 19575
19800 0.5 19580
19810 0.8 19588
19820 0.8 19596
19830 1 19606
19840 0.9 19615
19850 0.6 19621
19860 0.3 19624
19870 1.1 19635
19880 1.1 19646
19890 0.5 19651
19900 0.9 19660
19910 0.8 19668
19920 1.1 19679
19930 0.6 19685
19940 0.7 19692
19950 0.9 19701
19960 0.9 19710
19970 0.7 19717
19980 1.1 19728
19990 1.5 19743
20000 0.7 19750
20010 0.4 19754
20020 0.4 19758
20030 1.1 19769
20040 0.6 19775
20050 0.5 19780
20060 0.9 19789
20070 0.7 19796
20080 0.9 19805
20090 1.2 19817
20100 0.9 19826
20110 0.7 19833
20120 1.7 19850
20130 0.9 19859
20140 1.2 19871
20150 0.7 19878
20160 1.2 19890
20170 1.3 19903
20180 1.4 19917
20190 0.5 19922
20200 1.1 19933
20210 1.3 19946
20220 0.6 19952
20230 0.6 19958
20240 1.2 19970
20250 1.2 19982
20260 0.9 19991
20270 0.9 20000
20280 0.9 20009
20290 1.1 20020
20300 0.9 20029
20310 0.7 20036
20320 0.9 20045
20330 0.5 20050
20340 1 20060
20350 1.9 20079
20360 0.8 20087
20370 1.1 20098
20380 1.1 20109
20390 0.2 20111
20400 1.4 20125
20410 1.5 20140
20420 1.3 20153
20430 1.1 20164
20440 1.1 20175
20450 1 20185
20460 1.2 20197
20470 1 20207
20480 0.5 20212
20490 0.7 20219
20500 0.3 20222
20510 1.1 20233
20520 0.9 20242
20530 1 20252
20540 1 20262
20550 0.9 20271
20560 1.5 20286
20570 1.5 20301
20580 1 20311
20590 0.8 20319
20600 0.7 20326
20610 1.3 20339
20620 1 20349
20630 0.9 20358
20640 0.4 20362
20650 0.8 20370
20660 1.1 20381
20670 1.1 20392
20680 1.1 20403
20690 0.4 20407
20700 1.3 20420
20710 1 20430
20720 2 20450
20730 0.8 20458
20740 0.7 20465
20750 0.6 20471
20760 0.7 20478
20770 1.5 20493
20780 0.7 20500
20790 1 20510
20800 1 20520
20810 1.4 20534
20820 0.9 20543
20830 1.2 20555
20840 0.9 20564
20850 0.7 20571
20860 1 20581
20870 0.9 20590
20880 0.7 20597
20890 0.8 20605
20900 0.6 20611
20910 0.7 20618
20920 0.8 20626
20930 1 20636
20940 1.4 20650
20950 0.6 20656
20960 0.5 20661
20970 2.2 20683
20980 1.3 20696
20990 1 20706
21000 0.9 20715
21010 1.8 20733
21020 1 20743
21030 0.9 20752
21040 1.5 20767
21050 0.9 20776
21060 0.9 20785
21070 1.2 20797
21080 1.4 20811
21090 1.2 20823
21100 0.9 20832
21110 1.4 20846
21120 0.9 20855
21130 0.9 20864
21140 0.7 20871
21150 0.8 20879
21160 0.9 20888
21170 0.9 20897
21180 1.1 20908
21190 1.3 20921
21200 1.2 20933
21210 0.6 20939
21220 0.9 20948
21230 0.6 20954
21240 1.1 20965
21250 1.9 20984
21260 2 21004
21270 0.8 21012
21280 1.1 21023
21290 0.9 21032
21300 1.2 21044
21310 0.8 21052
21320 0.8 21060
21330 1 21070
21340 0.9 21079
21350 1.4 21093
21360 0.6 21099
21370 0.7 21106
21380 1.4 21120
21390 1.4 21134
21400 1.3 21147
21410 0.6 21153
21420 0.8 21161
21430 1 21171
21440 1.4 21185
21450 1.5 21200
21460 0.7 21207
21470 0.7 21214
21480 0.5 21219
21490 1.1 21230
21500 1.4 21244
21510 0.4 21248
21520 0.5 21253
21530 1.1 21264
21540 0.6 21270
21550 0.3 21273
21560 0.8 21281
21570 0.6 21287
21580 0.9 21296
21590 0.7 21303
21600 0.7 21310
21610 1 21320
21620 1.5 21335
21630 1.9 21354
21640 0.8 21362
21650 0.7 21369
21660 1 21379
21670 1.2 21391
21680 1 21401
21690 1.2 21413
21700 1 21423
21710 1.3 21436
21720 0.8 21444
21730 2.4 21468
21740 1.2 21480
21750 0.7 21487
21760 1.1 21498
21770 0.8 21506
21780 1.5 21521
21790 0.9 21530
21800 0.6 21536
21810 0.9 21545
21820 1.4 21559
21830 0.8 21567
21840 0.7 21574
21850 1 21584
21860 1.3 21597
21870 0.6 21603
21880 1.2 21615
21890 0.2 21617
21900 1.5 21632
21910 0.9 21641
21920 1.6 21657
21930 1 21667
21940 0.8 21675
21950 1.2 21687
21960 0.8 21695
21970 0.8 21703
21980 1.3 21716
21990 0.8 21724
22000 1.3 21737
22010 0.5 21742
22020 0.9 21751
22030 0.6 21757
22040 1.3 21770
22050 0.9 21779
22060 0.7 21786
22070 1.1 21797
22080 1.2 21809
22090 1 21819
22100 0.6 21825
22110 1 21835
22120 0.7 21842
22130 1.7 21859
22140 1.1 21870
22150 0.2 21872
22160 0.9 21881
22170 1.4 21895
22180 1.2 21907
22190 0.8 21915
22200 1.1 21926
22210 0.8 21934
22220 0.7 21941
22230 0.9 21950
22240 0.8 21958
22250 0.9 21967
22260 0.6 21973
22270 1.1 21984
22280 1.2 21996
22290 0.8 22004
22300 1.7 22021
22310 1.3 22034
22320 1.4 22048
22330 1.2 22060
22340 1.3 22073
22350 0.7 22080
22360 0.6 22086
22370 1.2 22098
22380 1 22108
22390 1.5 22123
22400 1.7 22140
22410 1.2 22152
22420 1.2 22164
22430 0.6 22170
22440 1.1 22181
22450 0.9 22190
22460 0.9 22199
22470 1.6 22215
22480 1.1 22226
22490 0.8 22234
22500 3.2 22266
22510 1.3 22279
22520 0.8 22287
22530 0.3 22290
22540 0.6 22296
22550 1.3 22309
22560 0.9 22318
22570 0.6 22324
22580 0.7 22331
22590 0.7 22338
22600 0.6 22344
22610 1.6 22360
22620 0.8 22368
22630 1 22378
22640 0.7 22385
22650 1.2 22397
22660 1 22407
22670 0.8 22415
22680 0.8 22423
22690 0.4 22427
22700 0.7 22434
22710 0.9 22443
22720 1.1 22454
22730 0.4 22458
22740 1.1 22469
22750 0.6 22475
22760 0.9 22484
22770 1.2 22496
22780 1.3 22509
22790 0.4 22513
22800 0.7 22520
22810 1.4 22534
22820 0.7 22541
22830 0.8 22549
22840 0.6 22555
22850 1.1 22566
22860 0.9 22575
22870 1.4 22589
22880 0.9 22598
22890 1.2 22610
22900 0.4 22614
22910 0.9 22623
22920 1.2 22635
22930 0.6 22641
22940 0.8 22649
22950 1.2 22661
22960 0.7 22668
22970 0.9 22677
22980 0.5 22682
22990 1.7 22699
23000 0.8 22707
23010 0.7 22714
23020 1.1 22725
23030 1.2 22737
23040 0.9 22746
23050 1.2 22758
23060 0.6 22764
23070 1.4 22778
23080 0.8 22786
23090 1 22796
23100 1.5 22811
23110 0.4 22815
23120 0.7 22822
23130 0.8 22830
23140 0.6 22836
23150 0.9 22845
23160 1 22855
23170 0.7 22862
23180 1.3 22875
23190 1.8 22893
23200 1.3 22906
23210 0.7 22913
23220 0.7 22920
23230 0.8 22928
23240 1.2 22940
23250 0.5 22945
23260 0.6 22951
23270 1.2 22963
23280 1.8 22981
23290 1.1 22992
23300 1.8 23010
23310 0.6 23016
23320 1.1 23027
23330 1.3 23040
23340 1.5 23055
23350 1.6 23071
23360 0.3 23074
23370 1.2 23086
23380 0.7 23093
23390 1.1 23104
23400 0.6 23110
23410 1.1 23121
23420 0.8 23129
23430 0.9 23138
23440 1.3 23151
23450 0.8 23159
23460 0.8 23167
23470 0.7 23174
23480 0.5 23179
23490 1.5 23194
23500 0.6 23200
23510 0.6 23206
23520 0.7 23213
23530 0.7 23220
23540 1.5 23235
23550 1 23245
23560 0.7 23252
23570 1.3 23265
23580 1 23275
23590 0.8 23283
23600 0.5 23288
23610 1.3 23301
23620 1.1 23312
23630 0.7 23319
23640 0.6 23325
23650 1.2 23337
23660 0.3 23340
23670 0.8 23348
23680 1.2 23360
23690 0.8 23368
23700 0.4 23372
23710 0.6 23378
23720 1.1 23389
23730 0.9 23398
23740 1.6 23414
23750 1.1 23425
23760 0.5 23430
23770 1 23440
23780 0.9 23449
23790 0.9 23458
23800 1 23468
23810 2 23488
23820 0.6 23494
23830 0.9 23503
23840 1.2 23515
23850 1.7 23532
23860 1 23542
23870 1.2 23554
23880 0.9 23563
23890 0.8 23571
23900 0.5 23576
23910 1.5 23591
23920 0.6 23597
23930 1.2 23609
23940 0.5 23614
23950 0.9 23623
23960 1.1 23634
23970 0.5 23639
23980 0.9 23648
23990 0.5 23653
24000 0.4 23657
24010 0.9 23666
24020 0.7 23673
24030 0.8 23681
24040 0.8 23689
24050 1.4 23703
24060 1.3 23716
24070 2.1 23737
24080 0.3 23740
24090 0.5 23745
24100 0.8 23753
24110 0.7 23760
24120 1.6 23776
24130 2.1 23797
24140 1 23807
24150 1.6 23823
24160 0.8 23831
24170 0.7 23838
24180 1.6 23854
24190 1.7 23871
24200 0.8 23879
24210 0.8 23887
24220 0.8 23895
24230 1.4 23909
24240 0.9 23918
24250 1 23928
24260 0.6 23934
24270 1.2 23946
24280 0.6 23952
24290 1 23962
24300 1 23972
24310 1.4 23986
24320 0.8 23994
24330 0.8 24002
24340 1.6 24018
24350 1.2 24030
24360 0.9 24039
24370 1.2 24051
24380 0.7 24058
24390 0.8 24066
24400 1.1 24077
24410 0.7 24084
24420 0.7 24091
24430 0.7 24098
24440 1.6 24114
24450 0.9 24123
24460 0.6 24129
24470 0.4 24133
24480 0.9 24142
24490 3 24172
24500 1.3 24185
24510 0.7 24192
24520 0.4 24196
24530 0.7 24203
24540 1.4 24217
24550 1.6 24233
24560 0.7 24240
24570 0.9 24249
24580 1.1 24260
24590 0.9 24269
24600 1.8 24287
24610 0.7 24294
24620 1.3 24307
24630 1.4 24321
24640 1.7 24338
24650 1.6 24354
24660 0.7 24361
24670 0.6 24367
24680 1.1 24378
24690 1.7 24395
24700 1.2 24407
24710 0.7 24414
24720 0.9 24423
24730 0.7 24430
24740 1.2 24442
24750 1.3 24455
24760 1.3 24468
24770 0.4 24472
24780 0.8 24480
24790 1.1 24491
24800 0.3 24494
24810 0.6 24500
24820 0.5 24505
24830 0.9 24514
24840 0.6 24520
24850 0.7 24527
24860 0.4 24531
24870 1.5 24546
24880 0.9 24555
24890 1.2 24567
24900 0.8 24575
24910 0.6 24581
24920 0.9 24590
24930 1.3 24603
24940 1.8 24621
24950 0.8 24629
24960 1 24639
24970 0.9 24648
24980 0.6 24654
24990 1.4 24668
25000 0.8 24676
25010 0.6 24682
25020 0.5 24687
25030 1.4 24701
25040 2.1 24722
25050 1.2 24734
25060 1.1 24745
25070 1.6 24761
25080 1 24771
25090 0.8 24779
25100 1.3 24792
25110 0.7 24799
25120 1.4 24813
25130 1 24823
25140 1.2 24835
25150 0.7 24842
25160 1.3 24855
25170 1.8 24873
25180 0.8 24881
25190 0.7 24888
25200 0.9 24897
25210 1.1 24908
25220 0.8 24916
25230 1 24926
25240 0.6 24932
25250 1.7 24949
25260 1.8 24967
25270 0.8 24975
25280 1.2 24987
25290 0.8 24995
25300 0.5 25000
25310 0.5 25005
25320 1.1 25016
25330 1.5 25031
25340 1.2 25043
25350 1 25053
25360 0.9 25062
25370 0.6 25068
25380 0.8 25076
25390 0.8 25084
25400 0.8 25092
25410 0.5 25097
25420 0.7 25104
25430 0.8 25112
25440 1 25122
25450 1.3 25135
25460 1 25145
25470 0.9 25154
25480 1.4 25168
25490 0.9 25177
25500 0.8 25185
25510 1.4 25199
25520 1.8 25217
25530 1.3 25230
25540 1.4 25244
25550 1 25254
25560 0.8 25262
25570 0.5 25267
25580 1.3 25280
25590 1 25290
25600 1.6 25306
25610 0.9 25315
25620 1 25325
25630 0.9 25334
25640 0.6 25340
25650 1.5 25355
25660 1.3 25368
25670 1.5 25383
25680 1.2 25395
25690 0.9 25404
25700 1.4 25418
25710 1.3 25431
25720 0.4 25435
25730 0.6 25441
25740 0.9 25450
25750 0.5 25455
25760 1 25465
25770 1.4 25479
25780 1.5 25494
25790 1 25504
25800 1 25514
25810 0.5 25519
25820 0.6 25525
25830 0.6 25531
25840 0.7 25538
25850 1 25548
25860 1.9 25567
25870 1.2 25579
25880 1 25589
25890 0.9 25598
25900 1.2 25610
25910 0.8 25618
25920 1 25628
25930 1.3 25641
25940 0.6 25647
25950 1.2 25659
25960 0.5 25664
25970 0.7 25671
25980 0.9 25680
25990 1 25690
26000 1.2 25702
26010 1.9 25721
26020 1.2 25733
26030 1.3 25746
26040 1.1 25757
26050 0.9 25766
26060 1.5 25781
26070 0.8 25789
26080 0.9 25798
26090 1.2 25810
26100 0.7 25817
26110 0.8 25825
26120 0.9 25834
26130 1.3 25847
26140 0.7 25854
26150 1.4 25868
26160 0.9 25877
26170 1 25887
26180 1.1 25898
26190 1.2 25910
26200 1.3 25923
26210 1.6 25939
26220 0.5 25944
26230 0.6 25950
26240 0.8 25958
26250 1.2 25970
26260 0.8 25978
26270 1 25988
26280 1.1 25999
26290 1 26009
26300 0.7 26016
26310 1.7 26033
26320 1.2 26045
26330 0.7 26052
26340 1.5 26067
26350 1.8 26085
26360 0.6 26091
26370 1.5 26106
26380 1 26116
26390 1 26126
26400 1.4 26140
26410 0.7 26147
26420 0.6 26153
26430 1.5 26168
26440 1.3 26181
26450 1.5 26196
26460 0.5 26201
26470 1.4 26215
26480 0.8 26223
26490 1.6 26239
26500 2 26259
26510 0.5 26264
26520 0.8 26272
26530 0.6 26278
26540 1 26288
26550 1.3 26301
26560 1.3 26314
26570 0.9 26323
26580 0.6 26329
26590 1.5 26344
26600 1 26354
26610 0.9 26363
26620 1.2 26375
26630 1.4 26389
26640 0.9 26398
26650 0.3 26401
26660 0.4 26405
26670 1.2 26417
26680 1.2 26429
26690 1.6 26445
26700 1 26455
26710 0.7 26462
26720 0.4 26466
26730 1.4 26480
26740 0.8 26488
26750 0.5 26493
26760 1.1 26504
26770 0.5 26509
26780 0.5 26514
26790 0.7 26521
26800 0.7 26528
26810 1 26538
26820 0.5 26543
26830 0.9 26552
26840 0.6 26558
26850 1.5 26573
26860 1.5 26588
26870 0.4 26592
26880 1.5 26607
26890 1.9 26626
26900 1 26636
26910 1.2 26648
26920 0.8 26656
26930 0.7 26663
26940 1.1 26674
26950 0.6 26680
26960 0.8 26688
26970 0.9 26697
26980 1.3 26710
26990 0.5 26715
27000 0.7 26722
27010 1.1 26733
27020 0.8 26741
27030 0.9 26750
27040 1.4 26764
27050 0.7 26771
27060 1.1 26782
27070 0.7 26789
27080 1.4 26803
27090 1.1 26814
27100 1.2 26826
27110 1 26836
27120 1 26846
27130 1.3 26859
27140 1.3 26872
27150 0.9 26881
27160 1.2 26893
27170 1.5 26908
27180 0.8 26916
27190 1.3 26929
27200 0.6 26935
27210 1.2 26947
27220 1.5 26962
27230 1.2 26974
27240 0.8 26982
27250 1.1 26993
27260 0.9 27002
27270 0.7 27009
27280 1.3 27022
27290 1.4 27036
27300 1.5 27051
27310 0.8 27059
27320 0.8 27067
27330 1.7 27084
27340 0.9 27093
27350 0.9 27102
27360 0.9 27111
27370 1.3 27124
27380 1.3 27137
27390 1.1 27148
27400 0.9 27157
27410 1.4 27171
27420 1 27181
27430 1.2 27193
27440 1.1 27204
27450 0.8 27212
27460 0.7 27219
27470 1.6 27235
27480 1.2 27247
27490 1 27257
27500 1.6 27273
27510 0.6 27279
27520 1.4 27293
27530 1.4 27307
27540 1 27317
27550 0.7 27324
27560 0.8 27332
27570 1.4 27346
27580 1.5 27361
27590 0.6 27367
27600 1.6 27383
27610 1.4 27397
27620 1 27407
27630 0.8 27415
27640 0.9 27424
27650 0.8 27432
27660 0.6 27438
27670 0.6 27444
27680 1.8 27462
27690 1 27472
27700 0.8 27480
27710 0.7 27487
27720 1.1 27498
27730 0.9 27507
27740 0.6 27513
27750 1 27523
27760 0.8 27531
27770 0.7 27538
27780 1.1 27549
27790 2 27569
27800 1.9 27588
27810 1.4 27602
27820 0.6 27608
27830 0.4 27612
27840 0.8 27620
27850 0.8 27628
27860 0.2 27630
27870 1 27640
27880 1 27650
27890 1.4 27664
27900 1.6 27680
27910 0.9 27689
27920 1 27699
27930 1.5 27714
27940 0.7 27721
27950 0.9 27730
27960 0.9 27739
27970 1 27749
27980 1 27759
27990 1 27769
28000 0.7 27776
28010 0.9 27785
28020 0.9 27794
28030 2.6 27820
28040 2 27840
28050 1.1 27851
28060 1.2 27863
28070 0.8 27871
28080 0.6 27877
28090 1.2 27889
28100 1.2 27901
28110 1.1 27912
28120 0.5 27917
28130 1.6 27933
28140 1.5 27948
28150 1.4 27962
28160 0.8 27970
28170 0.5 27975
28180 1.2 27987
28190 0.5 27992
28200 1.1 28003
28210 1 28013
28220 1.2 28025
28230 0.8 28033
28240 1.1 28044
28250 0.6 28050
28260 0.7 28057
28270 0.9 28066
28280 0.8 28074
28290 1.1 28085
28300 1.1 28096
28310 0.7 28103
28320 0.7 28110
28330 0.9 28119
28340 1.1 28130
28350 0.5 28135
28360 0.8 28143
28370 0.9 28152
28380 1 28162
28390 2.1 28183
28400 0.7 28190
28410 0.8 28198
28420 0.7 28205
28430 1.7 28222
28440 0.3 28225
28450 0.7 28232
28460 1.2 28244
28470 1 28254
28480 0.8 28262
28490 1.3 28275
28500 0.8 28283
28510 0.9 28292
28520 0.7 28299
28530 0.5 28304
28540 0.7 28311
28550 0.8 28319
28560 1.5 28334
28570 1.3 28347
28580 0.4 28351
28590 0.6 28357
28600 1.1 28368
28610 0.7 28375
28620 1 28385
28630 0.7 28392
28640 0.7 28399
28650 1.3 28412
28660 0.9 28421
28670 0.7 28428
28680 0.8 28436
28690 2 28456
28700 1.8 28474
28710 1 28484
28720 1.3 28497
28730 0.9 28506
28740 1.5 28521
28750 0.6 28527
28760 0.8 28535
28770 0.9 28544
28780 0.9 28553
28790 1.7 28570
28800 0.7 28577
28810 1 28587
28820 1.7 28604
28830 0.8 28612
28840 1.4 28626
28850 0.8 28634
28860 0.9 28643
28870 0.8 28651
28880 0.9 28660
28890 1 28670
28900 1.1 28681
28910 1 28691
28920 1.1 28702
28930 0.7 28709
28940 0.4 28713
28950 0.4 28717
28960 1.2 28729
28970 0.6 28735
28980 0.9 28744
28990 0.7 28751
29000 1.8 28769
29010 1.3 28782
29020 0.4 28786
29030 0.8 28794
29040 1.4 28808
29050 1.2 28820
29060 0.9 28829
29070 0.7 28836
29080 0.8 28844
29090 1.1 28855
29100 2.1 28876
29110 1.4 28890
29120 0.4 28894
29130 1 28904
29140 1.5 28919
29150 1.3 28932
29160 0.8 28940
29170 0.4 28944
29180 0.7 28951
29190 1.2 28963
29200 0.9 28972
29210 0.7 28979
29220 1.2 28991
29230 1.5 29006
29240 0.5 29011
29250 1.8 29029
29260 1.4 29043
29270 1 29053
29280 1.1 29064
29290 1.6 29080
29300 0.9 29089
29310 1.2 29101
29320 0.6 29107
29330 0.9 29116
29340 0.3 29119
29350 1.1 29130
29360 1.3 29143
29370 1 29153
29380 0.6 29159
29390 0.6 29165
29400 1.1 29176
29410 1.1 29187
29420 1.2 29199
29430 1.6 29215
29440 2.1 29236
29450 1.6 29252
29460 1.2 29264
29470 0.4 29268
29480 0.9 29277
29490 1.4 29291
29500 1.5 29306
29510 1 29316
29520 1.3 29329
29530 1 29339
29540 1 29349
29550 1 29359
29560 0.9 29368
29570 0.7 29375
29580 1.1 29386
29590 1.4 29400
29600 0.9 29409
29610 0.7 29416
29620 0.8 29424
29630 1 29434
29640 0.6 29440
29650 0.3 29443
29660 0.9 29452
29670 0.9 29461
29680 0.5 29466
29690 0.6 29472
29700 1.1 29483
29710 1.1 29494
29720 0.5 29499
29730 1.2 29511
29740 0.9 29520
29750 1 29530
29760 1.1 29541
29770 0.6 29547
29780 0.7 29554
29790 0.8 29562
29800 0.7 29569
29810 0.5 29574
29820 1.1 29585
29830 0.9 29594
29840 1.4 29608
29850 1.2 29620
29860 1.3 29633
29870 1.7 29650
29880 0.9 29659
29890 1.5 29674
29900 0.8 29682
29910 1.4 29696
29920 0.7 29703
29930 1.2 29715
29940 1.1 29726
29950 0.5 29731
29960 1.5 29746
29970 1.3 29759
29980 0.6 29765
29990 1.4 29779
30000 1 29789
30010 2.4 29813
30020 1.6 29829
30030 0.4 29833
30040 1.7 29850
30050 0.4 29854
30060 1.3 29867
30070 1.3 29880
30080 0.7 29887
30090 1.7 29904
30100 1.8 29922
30110 1 29932
30120 1.2 29944
30130 1 29954
30140 0.7 29961
30150 0.7 29968
30160 1.3 29981
30170 0.4 29985
30180 0.6 29991
30190 1 30001
30200 0.6 30007
30210 1.3 30020
30220 0.7 30027
30230 0.9 30036
30240 0.7 30043
30250 0.8 30051
30260 1.4 30065
30270 0.5 30070
30280 1 30080
30290 1.2 30092
30300 0.7 30099
30310 0.9 30108
30320 1.6 30124
30330 0.5 30129
30340 1.8 30147
30350 0.5 30152
30360 1 30162
30370 0.9 30171
30380 1.3 30184
30390 1.2 30196
30400 0.5 30201
30410 0.9 30210
30420 0.7 30217
30430 0.5 30222
30440 0.6 30228
30450 0.6 30234
30460 0.6 30240
30470 1.2 30252
30480 0.6 30258
30490 1 30268
30500 1.3 30281
30510 1.4 30295
30520 0.5 30300
30530 1.9 30319
30540 0.2 30321
30550 1 30331
30560 0.5 30336
30570 2 30356
30580 1.3 30369
30590 1.2 30381
30600 0.7 30388
30610 1.3 30401
30620 0.6 30407
30630 0.9 30416
30640 1.3 30429
30650 1.5 30444
30660 0.9 30453
30670 1.9 30472
30680 1.6 30488
30690 0.5 30493
30700 0.6 30499
30710 0.8 30507
30720 0.8 30515
30730 0.9 30524
30740 1.1 30535
30750 0.7 30542
30760 1.5 30557
30770 0.6 30563
30780 1.1 30574
30790 0.4 30578
30800 0.7 30585
30810 0.7 30592
30820 1.1 30603
30830 0.8 30611
30840 1.4 30625
30850 0.8 30633
30860 0.6 30639
30870 0.7 30646
30880 0.6 30652
30890 1.3 30665
30900 0.8 30673
30910 0.6 30679
30920 0.6 30685
30930 1 30695
30940 0.7 30702
30950 2.1 30723
30960 0.7 30730
30970 1.4 30744
30980 0.8 30752
30990 1.8 30770
31000 0.9 30779
31010 2 30799
31020 1.7 30816
31030 0.6 30822
31040 0.8 30830
31050 1.4 30844
31060 1 30854
31070 1 30864
31080 0.7 30871
31090 0.8 30879
31100 2.5 30904
31110 0.9 30913
31120 0.6 30919
31130 0.8 30927
31140 1.2 30939
31150 1.7 30956
31160 0.9 30965
31170 1.2 30977
31180 1.3 30990
31190 1.1 31001
31200 1.4 31015
31210 1.6 31031
31220 0.6 31037
31230 0.9 31046
31240 1 31056
31250 0.9 31065
31260 0.6 31071
31270 0.5 31076
31280 0.5 31081
31290 1.2 31093
31300 1.5 31108
31310 1.5 31123
31320 0.6 31129
31330 0.8 31137
31340 0.8 31145
31350 0.5 31150
31360 1 31160
31370 0.8 31168
31380 0.5 31173
31390 1.4 31187
31400 1.3 31200
31410 1.4 31214
31420 1.1 31225
31430 1.4 31239
31440 0.9 31248
31450 0.8 31256
31460 1.1 31267
31470 0.8 31275
31480 0.9 31284
31490 0.9 31293
31500 1.4 31307
31510 0.6 31313
31520 1.4 31327
31530 0.8 31335
31540 1.5 31350
31550 1.1 31361
31560 1.5 31376
31570 0.8 31384
31580 1 31394
31590 0.5 31399
31600 2.1 31420
31610 0.6 31426
31620 0.5 31431
31630 1 31441
31640 1.2 31453
31650 1.6 31469
31660 1.8 31487
31670 1.3 31500
31680 0.6 31506
31690 1.1 31517
31700 1.1 31528
31710 1.2 31540
31720 0.4 31544
31730 1.3 31557
31740 0.7 31564
31750 0.7 31571
31760 0.5 31576
31770 1.3 31589
31780 1.2 31601
31790 0.9 31610
31800 1.1 31621
31810 0.8 31629
31820 0.7 31636
31830 0.9 31645
31840 0.7 31652
31850 1.8 31670
31860 0.9 31679
31870 1 31689
31880 0.6 31695
31890 0.9 31704
31900 0.9 31713
31910 0.4 31717
31920 0.8 31725
31930 2.1 31746
31940 0.8 31754
31950 1.5 31769
31960 0.7 31776
31970 1.3 31789
31980 1.6 31805
31990 2.6 31831
32000 1.2 31843
32010 0.9 31852
32020 0.9 31861
32030 0.8 31869
32040 1.2 31881
32050 1.2 31893
32060 0.9 31902
32070 1.2 31914
32080 1.1 31925
32090 1.4 31939
32100 1.4 31953
32110 0.8 31961
32120 1.1 31972
32130 1.2 31984
32140 1.2 31996
32150 0.9 32005
32160 0.7 32012
32170 0.5 32017
32180 1.6 32033
32190 1.8 32051
32200 1.3 32064
32210 1.5 32079
32220 1.1 32090
32230 0.8 32098
32240 0.9 32107
32250 0.7 32114
32260 0.9 32123
32270 0.5 32128
32280 0.7 32135
32290 1.5 32150
32300 1 32160
32310 1.6 32176
32320 0.9 32185
32330 0.8 32193
32340 1 32203
32350 1.4 32217
32360 0.4 32221
32370 0.8 32229
32380 0.8 32237
32390 0.8 32245
32400 1.5 32260
32410 1.3 32273
32420 1 32283
32430 1.6 32299
32440 1 32309
32450 1.3 32322
32460 0.6 32328
32470 1.4 32342
32480 2.6 32368
32490 1.2 32380
32500 0.8 32388
32510 0.7 32395
32520 0.8 32403
32530 0.7 32410
32540 1.4 32424
32550 1.1 32435
32560 1.3 32448
32570 0.4 32452
32580 0.8 32460
32590 1.1 32471
32600 1.1 32482
32610 1.2 32494
32620 0.6 32500
32630 0.6 32506
32640 0.4 32510
32650 0.6 32516
32660 0.8 32524
32670 0.9 32533
32680 1.6 32549
32690 1.1 32560
32700 1.2 32572
32710 0.9 32581
32720 1.3 32594
32730 1.3 32607
32740 1.3 32620
32750 1 32630
32760 0.9 32639
32770 0.7 32646
32780 0.8 32654
32790 1.5 32669
32800 0.9 32678
32810 0.3 32681
32820 1.9 32700
32830 1.1 32711
32840 0.7 32718
32850 0.5 32723
32860 1 32733
32870 0.8 32741
32880 0.9 32750
32890 1 32760
32900 2.2 32782
32910 0.6 32788
32920 0.9 32797
32930 0.8 32805
32940 1.3 32818
32950 1.5 32833
32960 0.5 32838
32970 1.3 32851
32980 0.4 32855
32990 1.2 32867
33000 0.3 32870
33010 1.3 32883
33020 1.2 32895
33030 1.6 32911
33040 1 32921
33050 0.7 32928
33060 1 32938
33070 1.1 32949
33080 1 32959
33090 1 32969
33100 0.8 32977
33110 1.1 32988
33120 0.9 32997
33130 1.1 33008
33140 1.5 33023
33150 0.6 33029
33160 1.1 33040
33170 1.2 33052
33180 0.9 33061
33190 1.3 33074
33200 1.2 33086
33210 0.6 33092
33220 1 33102
33230 1.5 33117
33240 0.9 33126
33250 0.8 33134
33260 1.1 33145
33270 1 33155
33280 0.5 33160
33290 1.8 33178
33300 0.8 33186
33310 1.2 33198
33320 0.4 33202
33330 1.1 33213
33340 0.9 33222
33350 0.9 33231
33360 1.2 33243
33370 0.7 33250
33380 0.6 33256
33390 0.6 33262
33400 0.9 33271
33410 0.5 33276
33420 0.8 33284
33430 0.4 33288
33440 1.2 33300
33450 0.1 33301
33460 0.8 33309
33470 1.2 33321
33480 0.5 33326
33490 1.6 33342
33500 0.7 33349
33510 0.9 33358
33520 0.9 33367
33530 1.5 33382
33540 0.8 33390
33550 0.4 33394
33560 1.1 33405
33570 1 33415
33580 0.9 33424
33590 0.4 33428
33600 0.7 33435
33610 0.6 33441
33620 1.1 33452
33630 1.1 33463
33640 0.6 33469
33650 1.4 33483
33660 0.6 33489
33670 1 33499
33680 0.9 33508
33690 0.9 33517
33700 1 33527
33710 1.7 33544
33720 1.2 33556
33730 1.5 33571
33740 1.7 33588
33750 0.5 33593
33760 0.8 33601
33770 1.1 33612
33780 0.6 33618
33790 2.5 33643
33800 0.7 33650
33810 1 33660
33820 0.7 33667
33830 1.2 33679
33840 1.6 33695
33850 1.3 33708
33860 0.8 33716
33870 0.6 33722
33880 1.5 33737
33890 1 33747
33900 1.8 33765
33910 0.6 33771
33920 0.5 33776
33930 1.3 33789
33940 1.2 33801
33950 0.6 33807
33960 0.6 33813
33970 1.2 33825
33980 1.3 33838
33990 1.5 33853
34000 0.7 33860
34010 1.1 33871
34020 1.2 33883
34030 1.1 33894
34040 0.9 33903
34050 1.1 33914
34060 1.4 33928
34070 0.7 33935
34080 1.2 33947
34090 0.5 33952
34100 0.6 33958
34110 0.5 33963
34120 1.2 33975
34130 0.7 33982
34140 0.7 33989
34150 1 33999
34160 0.6 34005
34170 1.4 34019
34180 0.7 34026
34190 1 34036
34200 1.3 34049
34210 1.7 34066
34220 1.6 34082
34230 0.9 34091
34240 1.1 34102
34250 0.3 34105
34260 1.6 34121
34270 0.7 34128
34280 1.1 34139
34290 0.9 34148
34300 1.1 34159
34310 0.8 34167
34320 0.7 34174
34330 0.7 34181
34340 1.9 34200
34350 1 34210
34360 1 34220
34370 0.8 34228
34380 1.6 34244
34390 1.5 34259
34400 1.2 34271
34410 1.4 34285
34420 0.7 34292
34430 1.1 34303
34440 1.3 34316
34450 1.1 34327
34460 0.3 34330
34470 1.6 34346
34480 1.4 34360
34490 1.1 34371
34500 0.9 34380
34510 1 34390
34520 0.5 34395
34530 1.6 34411
34540 1 34421
34550 1.4 34435
34560 1 34445
34570 1 34455
34580 0.8 34463
34590 1.1 34474
34600 1.1 34485
34610 0.5 34490
34620 0.9 34499
34630 0.9 34508
34640 0.7 34515
34650 0.6 34521
34660 0.7 34528
34670 1.3 34541
34680 0.5 34546
34690 1 34556
34700 0.7 34563
34710 1.1 34574
34720 1.1 34585
34730 1 34595
34740 0.5 34600
34750 1.2 34612
34760 0.3 34615
34770 0.7 34622
34780 0.3 34625
34790 1.7 34642
34800 1.5 34657
34810 1.5 34672
34820 1.3 34685
34830 0.6 34691
34840 1.3 34704
34850 0.9 34713
34860 1 34723
34870 0.9 34732
34880 1 34742
34890 1.5 34757
34900 0.8 34765
34910 0.9 34774
34920 1.9 34793
34930 1 34803
34940 0.8 34811
34950 1.2 34823
34960 1.2 34835
34970 0.4 34839
34980 0.8 34847
34990 0.3 34850
35000 1 34860
35010 1.7 34877
35020 1 34887
35030 1 34897
35040 2 34917
35050 1.4 34931
35060 0.9 34940
35070 1.2 34952
35080 0.7 34959
35090 0.9 34968
35100 1 34978
35110 1 34988
35120 0.7 34995
35130 1.1 35006
35140 0.6 35012
35150 1.7 35029
35160 1.1 35040
35170 0.6 35046
35180 1.2 35058
35190 0.7 35065
35200 0.9 35074
35210 0.8 35082
35220 0.8 35090
35230 1.1 35101
35240 0.4 35105
35250 1.1 35116
35260 1.2 35128
35270 0.8 35136
35280 1.3 35149
35290 1.1 35160
35300 0.9 35169
35310 1.2 35181
35320 1.5 35196
35330 1.8 35214
35340 0.9 35223
35350 1.3 35236
35360 0.5 35241
35370 0.8 35249
35380 1.1 35260
35390 0.9 35269
35400 1.2 35281
35410 1.1 35292
35420 1.2 35304
35430 0.8 35312
35440 1.2 35324
35450 1 35334
35460 0.9 35343
35470 1.4 35357
35480 1.1 35368
35490 1.3 35381
35500 0.9 35390
35510 0.8 35398
35520 0.6 35404
35530 0.8 35412
35540 0.9 35421
35550 0.7 35428
35560 0.7 35435
35570 1 35445
35580 0.8 35453
35590 0.8 35461
35600 0.8 35469
35610 1 35479
35620 0.6 35485
35630 1.3 35498
35640 0.7 35505
35650 1.3 35518
35660 0.9 35527
35670 1.2 35539
35680 0.5 35544
35690 0.5 35549
35700 0.9 35558
35710 0.6 35564
35720 0.7 35571
35730 1.1 35582
35740 1.5 35597
35750 0.4 35601
35760 1.3 35614
35770 1.3 35627
35780 0.8 35635
35790 0.6 35641
35800 1.3 35654
35810 1 35664
35820 1.2 35676
35830 0.6 35682
35840 0.9 35691
35850 1.7 35708
35860 0.7 35715
35870 0.7 35722
35880 0.8 35730
35890 1.4 35744
35900 1 35754
35910 1 35764
35920 0.5 35769
35930 1 35779
35940 1.2 35791
35950 1.5 35806
35960 1.2 35818
35970 0.5 35823
35980 0.8 35831
35990 0.5 35836
36000 0.2 35838
36010 0.8 35846
36020 1.4 35860
36030 1.7 35877
36040 1.8 35895
36050 1.7 35912
36060 1.8 35930
36070 2.1 35951
36080 1.6 35967
36090 1.9 35986
36100 3.3 36019
36110 3 36049
36120 1.9 36068
36130 0.9 36077
36140 3.6 36113
36150 2.7 36140
36160 1.4 36154
36170 1.7 36171
36180 1.7 36188
36190 2.2 36210
36200 2.7 36237
36210 1.7 36254
36220 1.1 36265
36230 2.3 36288
36240 2.2 36310
36250 1.5 36325
36260 1.7 36342
36270 2.4 36366
36280 1.8 36384
36290 1.6 36400
36300 2.7 36427
36310 2.2 36449
36320 3 36479
36330 2.1 36500
36340 2.1 36521
36350 2.1 36542
36360 1 36552
36370 1.8 36570
36380 3.2 36602
36390 2.6 36628
36400 2.1 36649
36410 1.5 36664
36420 1.5 36679
36430 1.9 36698
36440 1.1 36709
36450 2.7 36736
36460 2.2 36758
36470 1.1 36769
36480 1.1 36780
36490 2 36800
36500 2.5 36825
36510 1.9 36844
36520 2.6 36870
36530 1.8 36888
36540 1.7 36905
36550 1.8 36923
36560 1.7 36940
36570 1.7 36957
36580 1.3 36970
36590 3 37000
36600 1.9 37019
36610 1 37029
36620 3 37059
36630 2 37079
36640 3.3 37112
36650 4.7 37159
36660 4.3 37202
36670 2.6 37228
36680 2.5 37253
36690 1.9 37272
36700 2.4 37296
36710 3.8 37334
36720 2.2 37356
36730 2.2 37378
36740 3.1 37409
36750 4.1 37450
36760 3.3 37483
36770 3.4 37517
36780 2.7 37544
36790 2.2 37566
36800 3.4 37600
36810 3 37630
36820 2.1 37651
36830 4 37691
36840 2.9 37720
36850 3.6 37756
36860 2.9 37785
36870 2.5 37810
36880 3.5 37845
36890 3.9 37884
36900 2.8 37912
36910 2.7 37939
36920 2.3 37962
36930 3.2 37994
36940 2.8 38022
36950 4.5 38067
36960 2.1 38088
36970 2.6 38114
36980 2.5 38139
36990 2.5 38164
37000 2.7 38191
37010 4.1 38232
37020 4.3 38275
37030 2.1 38296
37040 1.9 38315
37050 4.2 38357
37060 2.2 38379
37070 2.4 38403
37080 4.4 38447
37090 2.6 38473
37100 2.8 38501
37110 3.4 38535
37120 3.7 38572
37130 3.3 38605
37140 2.5 38630
37150 2.4 38654
37160 3.2 38686
37170 3.7 38723
37180 2.1 38744
37190 1.8 38762
37200 4.2 38804
37210 3.7 38841
37220 5.2 38893
37230 4.8 38941
37240 5 38991
37250 4.4 39035
37260 3.7 39072
37270 3 39102
37280 3.7 39139
37290 4.3 39182
37300 4 39222
37310 5.3 39275
37320 4.6 39321
37330 4.9 39370
37340 5.6 39426
37350 3.2 39458
37360 4 39498
37370 3.4 39532
37380 3 39562
37390 4.5 39607
37400 3.5 39642
37410 3.9 39681
37420 4 39721
37430 4.9 39770
37440 5.2 39822
37450 3.6 39858
37460 6.4 39922
37470 3 39952
37480 3.8 39990
37490 4.1 40031
37500 4.3 40074
37510 4.4 40118
37520 4.7 40165
37530 2.5 40190
37540 4 40230
37550 3 40260
37560 3.4 40294
37570 3.6 40330
37580 4.6 40376
37590 4.6 40422
37600 1.8 40440
37610 5 40490
37620 3.7 40527
37630 5.7 40584
37640 5 40634
37650 3.9 40673
37660 3 40703
37670 4.9 40752
37680 4.1 40793
37690 4.5 40838
37700 5.4 40892
37710 3.8 40930
37720 3 40960
37730 2.1 40981
37740 4.8 41029
37750 4.7 41076
37760 4 41116
37770 4.1 41157
37780 4.3 41200
37790 2.1 41221
37800 0.8 41229
37810 3.3 41262
37820 5.1 41313
37830 2.9 41342
37840 6 41402
37850 5.2 41454
37860 4.9 41503
37870 4.8 41551
37880 6.7 41618
37890 5.6 41674
37900 2.8 41702
37910 6.3 41765
37920 4.8 41813
37930 5.4 41867
37940 6.1 41928
37950 4.4 41972
37960 4.2 42014
37970 4.5 42059
37980 4.3 42102
37990 6.9 42171
38000 4.1 42212
38010 4.5 42257
38020 5.8 42315
38030 3.4 42349
38040 8 42429
38050 5.6 42485
38060 4.8 42533
38070 4.2 42575
38080 4.8 42623
38090 4.8 42671
38100 5 42721
38110 6.1 42782
38120 4.3 42825
38130 4 42865
38140 6.4 42929
38150 4.8 42977
38160 5.1 43028
38170 7.1 43099
38180 6.1 43160
38190 2.9 43189
38200 4.1 43230
38210 6.4 43294
38220 4 43334
38230 6.4 43398
38240 6.1 43459
38250 4.4 43503
38260 2.7 43530
38270 6.9 43599
38280 4.6 43645
38290 6.3 43708
38300 4.3 43751
38310 4.5 43796
38320 5.6 43852
38330 4.2 43894
38340 3.7 43931
38350 5.6 43987
38360 7 44057
38370 4 44097
38380 3.6 44133
38390 5.2 44185
38400 3.2 44217
38410 5.1 44268
38420 4 44308
38430 5.4 44362
38440 6.7 44429
38450 8 44509
38460 6.1 44570
38470 6.3 44633
38480 5.4 44687
38490 5.9 44746
38500 7.6 44822
38510 6.6 44888
38520 7.8 44966
38530 5.7 45023
38540 6.1 45084
38550 7.2 45156
38560 8.4 45240
38570 6.2 45302
38580 6.4 45366
38590 5.3 45419
38600 5.3 45472
38610 5.4 45526
38620 6.6 45592
38630 6.4 45656
38640 7.5 45731
38650 4.7 45778
38660 5.9 45837
38670 6.5 45902
38680 7.4 45976
38690 3.9 46015
38700 6.8 46083
38710 4.9 46132
38720 6.4 46196
38730 6.5 46261
38740 4.2 46303
38750 6.8 46371
38760 8.2 46453
38770 5 46503
38780 8 46583
38790 5.6 46639
38800 6.4 46703
38810 5 46753
38820 7.1 46824
38830 4.9 46873
38840 6.9 46942
38850 5.5 46997
38860 5.2 47049
38870 10 47149
38880 5.7 47206
38890 3.3 47239
38900 7.2 47311
38910 7.7 47388
38920 5.1 47439
38930 6.3 47502
38940 7.7 47579
38950 7.2 47651
38960 6.1 47712
38970 6.3 47775
38980 5 47825
38990 4.6 47871
39000 8.6 47957
39010 4.9 48006
39020 7.3 48079
39030 6.1 48140
39040 7.5 48215
39050 6.7 48282
39060 4.8 48330
39070 8.5 48415
39080 8.3 48498
39090 6.1 48559
39100 9.1 48650
39110 7.2 48722
39120 6.4 48786
39130 6.5 48851
39140 8.5 48936
39150 4.5 48981
39160 9.6 49077
39170 8.2 49159
39180 6.8 49227
39190 8.2 49309
39200 6.5 49374
39210 6 49434
39220 7 49504
39230 10.8 49612
39240 6.9 49681
39250 6.3 49744
39260 6.4 49808
39270 8.7 49895
39280 5.2 49947
39290 7.1 50018
39300 6.7 50085
39310 6.7 50152
39320 5.7 50209
39330 8.5 50294
39340 9.7 50391
39350 5.3 50444
39360 5.8 50502
39370 7.1 50573
39380 7.6 50649
39390 6.4 50713
39400 7.9 50792
39410 5 50842
39420 8.4 50926
39430 6.8 50994
39440 4.8 51042
39450 10.8 51150
39460 5.8 51208
39470 5.3 51261
39480 10.1 51362
39490 7.3 51435
39500 4.4 51479
39510 11.2 51591
39520 6.8 51659
39530 5.9 51718
39540 5 51768
39550 9.8 51866
39560 6 51926
39570 7.2 51998
39580 7 52068
39590 5.8 52126
39600 7 52196
39610 6.3 52259
39620 6.7 52326
39630 7.3 52399
39640 5.5 52454
39650 8.7 52541
39660 4.5 52586
39670 7.8 52664
39680 7.8 52742
39690 5.1 52793
39700 9 52883
39710 7.1 52954
39720 8.5 53039
39730 7.9 53118
39740 7 53188
39750 7.1 53259
39760 5.1 53310
39770 8.5 53395
39780 7.7 53472
39790 7.3 53545
39800 6.6 53611
39810 5.1 53662
39820 6.9 53731
39830 10.6 53837
39840 5.9 53896
39850 7.1 53967
39860 5.9 54026
39870 5.3 54079
39880 6.1 54140
39890 5.1 54191
39900 4.4 54235
39910 9.9 54334
39920 7.5 54409
39930 3.8 54447
39940 6.7 54514
39950 6 54574
39960 10 54674
39970 7.2 54746
39980 9.1 54837
39990 5.3 54890
40000 5.8 54948
40010 6.1 55009
40020 8.8 55097
40030 4.9 55146
40040 6.9 55215
40050 8.3 55298
40060 5.3 55351
40070 9.6 55447
40080 9.6 55543
40090 6.5 55608
40100 5 55658
40110 7.5 55733
40120 6.4 55797
40130 6.8 55865
40140 6.3 55928
40150 7.6 56004
40160 5.2 56056
40170 8.5 56141
40180 7.2 56213
40190 6.1 56274
40200 7.1 56345
40210 8.5 56430
40220 11.6 56546
40230 9.5 56641
40240 11.1 56752
40250 10 56852
40260 7.1 56923
40270 8.5 57008
40280 8.5 57093
40290 8.6 57179
40300 8.5 57264
40310 9.6 57360
40320 10.3 57463
40330 7.2 57535
40340 10.1 57636
40350 9.9 57735
40360 6.7 57802
40370 7.5 57877
40380 8.5 57962
40390 7.6 58038
40400 8.8 58126
40410 9.8 58224
40420 9.6 58320
40430 7.8 58398
40440 9.3 58491
40450 9.3 58584
40460 9.5 58679
40470 8.1 58760
40480 9.3 58853
40490 6.9 58922
40500 10.4 59026
40510 9.3 59119
40520 7.3 59192
40530 10.4 59296
40540 9.3 59389
40550 8.9 59478
40560 10.1 59579
40570 9.8 59677
40580 10 59777
40590 8.7 59864
40600 9.2 59956
40610 8.6 60042
40620 8.3 60125
40630 6.5 60190
40640 11.7 60307
40650 7.3 60380
40660 8 60460
40670 11.4 60574
40680 5.6 60630
40690 12.4 60754
40700 8.6 60840
40710 10.7 60947
40720 8.5 61032
40730 8.3 61115
40740 10.9 61224
40750 8.3 61307
40760 8.9 61396
40770 10.1 61497
40780 7.3 61570
40790 8.7 61657
40800 10.7 61764
40810 9.7 61861
40820 10.5 61966
40830 8.6 62052
40840 10.6 62158
40850 9.2 62250
40860 9.8 62348
40870 11.6 62464
40880 11.4 62578
40890 9.9 62677
40900 9.4 62771
40910 9.5 62866
40920 8.2 62948
40930 10.8 63056
40940 11.6 63172
40950 8 63252
40960 9.5 63347
40970 10.4 63451
40980 11 63561
40990 13.7 63698
41000 7.9 63777
41010 11.2 63889
41020 11.6 64005
41030 8.7 64092
41040 10 64192
41050 10.9 64301
41060 11.3 64414
41070 10.1 64515
41080 10.5 64620
41090 10.7 64727
41100 9.6 64823
41110 10.8 64931
41120 9.8 65029
41130 8.3 65112
41140 12.2 65234
41150 10.2 65336
41160 8.4 65420
41170 9.1 65511
41180 9.2 65603
41190 7.2 65675
41200 10.1 65776
41210 11.2 65888
41220 9.9 65987
41230 11 66097
41240 7.5 66172
41250 11.6 66288
41260 9 66378
41270 8.5 66463
41280 10.5 66568
41290 12.4 66692
41300 10.1 66793
41310 7.9 66872
41320 10.2 66974
41330 9.9 67073
41340 8.7 67160
41350 8.6 67246
41360 12 67366
41370 11 67476
41380 9.4 67570
41390 9.8 67668
41400 8.6 67754
41410 9.4 67848
41420 8.5 67933
41430 12.1 68054
41440 8.4 68138
41450 11.6 68254
41460 7.7 68331
41470 10.5 68436
41480 9.9 68535
41490 9.3 68628
41500 11.2 68740
41510 10 68840
41520 8.3 68923
41530 11.3 69036
41540 10.8 69144
41550 10 69244
41560 9.6 69340
41570 8.3 69423
41580 10.6 69529
41590 10 69629
41600 11.4 69743
41610 9.2 69835
41620 8.8 69923
41630 10.8 70031
41640 10.4 70135
41650 8.3 70218
41660 10.5 70323
41670 7.3 70396
41680 13 70526
41690 9.6 70622
41700 9 70712
41710 11.3 70825
41720 8.1 70906
41730 10.1 71007
41740 8.6 71093
41750 8.8 71181
41760 11.9 71300
41770 9.7 71397
41780 7.7 71474
41790 10.6 71580
41800 11.6 71696
41810 11.4 71810
41820 10.4 71914
41830 11.7 72031
41840 11.9 72150
41850 10.4 72254
41860 10.4 72358
41870 13.2 72490
41880 10.9 72599
41890 11.3 72712
41900 10.9 72821
41910 9.4 72915
41920 11.9 73034
41930 10.4 73138
41940 12.8 73266
41950 11.1 73377
41960 11.6 73493
41970 8.7 73580
41980 12.4 73704
41990 12.2 73826
42000 9.9 73925
42010 11 74035
42020 11.4 74149
42030 10.4 74253
42040 9.4 74347
42050 9.8 74445
42060 10.1 74546
42070 9.6 74642
42080 8.7 74729
42090 9.3 74822
42100 9.5 74917
42110 6.5 74982
42120 10.5 75087
42130 11.4 75201
42140 9.1 75292
42150 7.8 75370
42160 8.9 75459
42170 10 75559
42180 11.6 75675
42190 12.3 75798
42200 10.4 75902
42210 10.1 76003
42220 10.1 76104
42230 10.8 76212
42240 11.1 76323
42250 11.8 76441
42260 11.6 76557
42270 10.5 76662
42280 9.7 76759
42290 9.7 76856
42300 9.4 76950
42310 9.6 77046
42320 9.5 77141
42330 9.7 77238
42340 10.4 77342
42350 9.8 77440
42360 10.2 77542
42370 10.9 77651
42380 10.2 77753
42390 11.5 77868
42400 11.7 77985
42410 11.1 78096
42420 11.3 78209
42430 11.9 78328
42440 12 78448
42450 12.2 78570
42460 11.4 78684
42470 12.8 78812
42480 12 78932
42490 11.5 79047
42500 11.6 79163
42510 12.8 79291
42520 12.1 79412
42530 12.2 79534
42540 11.7 79651
42550 14.6 79797
42560 14 79937
42570 13.4 80071
42580 13.3 80204
42590 13.2 80336
42600 12.5 80461
42610 12.4 80585
42620 12.1 80706
42630 12.2 80828
42640 12.3 80951
42650 12.3 81074
42660 11.8 81192
42670 12.2 81314
42680 12.8 81442
42690 12.9 81571
42700 13.5 81706
42710 13.5 81841
42720 12.7 81968
42730 13 82098
42740 13.2 82230
42750 12.6 82356
42760 13.7 82493
42770 13.2 82625
42780 12.9 82754
42790 13.7 82891
42800 13.9 83030
42810 12.4 83154
42820 13.8 83292
42830 14 83432
42840 13.9 83571
42850 14.3 83714
42860 13.4 83848
42870 13.8 83986
42880 12.7 84113
42890 13 84243
42900 12.8 84371
42910 12.8 84499
42920 12.8 84627
42930 13.2 84759
42940 12.3 84882
42950 12.7 85009
42960 12.7 85136
42970 12.5 85261
42980 13.3 85394
42990 12.6 85520
43000 12.4 85644
43010 12.5 85769
43020 12.8 85897
43030 12.4 86021
43040 14.5 86166
43050 12.8 86294
43060 12.5 86419
43070 11.9 86538
43080 12.3 86661
43090 12.5 86786
43100 13 86916
43110 13.5 87051
43120 12.7 87178
43130 13 87308
43140 12.7 87435
43150 12.9 87564
43160 13.1 87695
43170 13.9 87834
43180 12.9 87963
43190 11.7 88080
43200 11.9 88199
43210 13 88329
43220 13.1 88460
43230 12.7 88587
43240 12.8 88715
43250 13.4 88849
43260 12.6 88975
43270 10.9 89084
43280 10.4 89188
43290 10.7 89295
43300 10.3 89398
43310 12.4 89522
43320 12.4 89646
43330 12.3 89769
43340 13.1 89900
43350 12 90020
43360 12.6 90146
43370 13.2 90278
43380 11.8 90396
43390 13.2 90528
43400 13.9 90667
43410 13.9 90806
43420 14 90946
43430 13 91076
43440 14 91216
43450 14.1 91357
43460 14.8 91505
43470 13.1 91636
43480 14.1 91777
43490 15.1 91928
43500 14 92068
43510 13.7 92205
43520 14.3 92348
43530 15 92498
43540 14.4 92642
43550 15.2 92794
43560 13.1 92925
43570 15.1 93076
43580 12.9 93205
43590 15.3 93358
43600 13.3 93491
43610 14.3 93634
43620 13.3 93767
43630 13.4 93901
43640 15.5 94056
43650 12.9 94185
43660 14.6 94331
43670 12.4 94455
43680 13.4 94589
43690 12.7 94716
43700 14 94856
43710 14.1 94997
43720 13.2 95129
43730 14.5 95274
43740 15 95424
43750 14.9 95573
43760 14.4 95717
43770 13 95847
43780 13.2 95979
43790 14.4 96123
43800 14.8 96271
43810 15.5 96426
43820 14.9 96575
43830 13.8 96713
43840 14.8 96861
43850 13.1 96992
43860 15.3 97145
43870 15.2 97297
43880 13.7 97434
43890 17.5 97609
43900 15.8 97767
43910 14 97907
43920 17.4 98081
43930 14.4 98225
43940 14.8 98373
43950 15.5 98528
43960 14.8 98676
43970 14.6 98822
43980 13.5 98957
43990 15.1 99108
44000 14.3 99251
44010 15.9 99410
44020 15.9 99569
44030 15.3 99722
44040 15 99872
44050 15 100022
44060 14.1 100163
44070 15.9 100322
44080 15.2 100474
44090 15.5 100629
44100 14.2 100771
44110 15.6 100927
44120 13.5 101062
44130 14.2 101204
44140 14.7 101351
44150 14.9 101500
44160 15.3 101653
44170 13.6 101789
44180 15.2 101941
44190 14 102081
44200 14.9 102230
44210 15.3 102383
44220 14.7 102530
44230 14.3 102673
44240 15 102823
44250 15.5 102978
44260 13.8 103116
44270 14.6 103262
44280 13.7 103399
44290 13.5 103534
44300 14.3 103677
44310 15.8 103835
44320 14 103975
44330 15.8 104133
44340 16.7 104300
44350 14.2 104442
44360 15.3 104595
44370 15.3 104748
44380 14.6 104894
44390 16.4 105058
44400 15.4 105212
44410 15.2 105364
44420 16.4 105528
44430 13.9 105667
44440 15.3 105820
44450 15.1 105971
44460 15.4 106125
44470 16.8 106293
44480 16.6 106459
44490 15.6 106615
44500 15.5 106770
44510 15.3 106923
44520 15.5 107078
44530 15.3 107231
44540 16.7 107398
44550 12.9 107527
44560 14.6 107673
44570 15.7 107830
44580 16 107990
44590 15 108140
44600 15.5 108295
44610 16 108455
44620 15.1 108606
44630 17.9 108785
44640 15 108935
44650 15.2 109087
44660 15.7 109244
44670 16.3 109407
44680 15.2 109559
44690 14.9 109708
44700 15.9 109867
44710 16.8 110035
44720 15.3 110188
44730 15.6 110344
44740 17 110514
44750 15.7 110671
44760 15.7 110828
44770 15.3 110981
44780 15.3 111134
44790 15.8 111292
44800 16.2 111454
44810 18.4 111638
44820 15.5 111793
44830 15.9 111952
44840 15.3 112105
44850 16.3 112268
44860 16.4 112432
44870 16.5 112597
44880 14.8 112745
44890 19.4 112939
44900 16.1 113100
44910 16.1 113261
44920 17 113431
44930 15.2 113583
44940 17 113753
44950 16.2 113915
44960 16.3 114078
44970 16.1 114239
44980 15.4 114393
44990 15 114543
45000 15.2 114695
45010 14.6 114841
45020 16 115001
45030 15.7 115158
45040 16 115318
45050 17.5 115493
45060 16.3 115656
45070 17.3 115829
45080 18.8 116017
45090 20.1 116218
45100 19.4 116412
45110 16.9 116581
45120 17.1 116752
45130 18.5 116937
45140 15.6 117093
45150 17.3 117266
45160 18.3 117449
45170 18.4 117633
45180 16.4 117797
45190 16.7 117964
45200 16.2 118126
45210 17.3 118299
45220 16.1 118460
45230 17.7 118637
45240 15.9 118796
45250 16.4 118960
45260 16.4 119124
45270 16.6 119290
45280 17.9 119469
45290 16 119629
45300 19 119819
45310 18.2 120001
45320 17.4 120175
45330 19.1 120366
45340 18 120546
45350 16.5 120711
45360 17.4 120885
45370 17.2 121057
45380 15.3 121210
45390 17 121380
45400 16.1 121541
45410 16.4 121705
45420 17 121875
45430 17.1 122046
45440 16.8 122214
45450 17.7 122391
45460 16.6 122557
45470 18.4 122741
45480 16.5 122906
45490 17.5 123081
45500 15.8 123239
45510 16.9 123408
45520 17 123578
45530 16.2 123740
45540 17.4 123914
45550 16.1 124075
45560 16 124235
45570 16.1 124396
45580 14.3 124539
45590 15.2 124691
45600 16.4 124855
45610 15.5 125010
45620 17.4 125184
45630 16.2 125346
45640 17.1 125517
45650 16.9 125686
45660 16.9 125855
45670 16 126015
45680 18.6 126201
45690 18.9 126390
45700 19.5 126585
45710 17.4 126759
45720 16.4 126923
45730 16.9 127092
45740 17.2 127264
45750 16.6 127430
45760 17 127600
45770 18.4 127784
45780 18 127964
45790 17.2 128136
45800 20 128336
45810 16.6 128502
45820 17.7 128679
45830 16.6 128845
45840 17.3 129018
45850 17.9 129197
45860 17.8 129375
45870 16.7 129542
45880 18.3 129725
45890 18.9 129914
45900 19.6 130110
45910 18.8 130298
45920 18.1 130479
45930 17.7 130656
45940 17 130826
45950 18.7 131013
45960 18.7 131200
45970 17.4 131374
45980 17.8 131552
45990 17.5 131727
46000 17.8 131905
46010 17.6 132081
46020 17.8 132259
46030 17.6 132435
46040 17.8 132613
46050 19 132803
46060 18.2 132985
46070 16.8 133153
46080 18 133333
46090 17.1 133504
46100 18.2 133686
46110 19.3 133879
46120 17.6 134055
46130 17.2 134227
46140 18.4 134411
46150 16.9 134580
46160 17.4 134754
46170 18.4 134938
46180 18.3 135121
46190 15.1 135272
46200 17.9 135451
46210 16.6 135617
46220 17.2 135789
46230 17.8 135967
46240 19.5 136162
46250 18.6 136348
46260 18.2 136530
46270 18.4 136714
46280 20.5 136919
46290 22.3 137142
46300 21.1 137353
46310 19.6 137549
46320 20.4 137753
46330 18.8 137941
46340 20.3 138144
46350 19.3 138337
46360 19.3 138530
46370 19 138720
46380 18.7 138907
46390 19.6 139103
46400 18.4 139287
46410 18.1 139468
46420 18.5 139653
46430 18 139833
46440 19.3 140026
46450 19.8 140224
46460 18.7 140411
46470 18.9 140600
46480 18.7 140787
46490 18.6 140973
46500 18.8 141161
46510 16.2 141323
46520 16.9 141492
46530 15.8 141650
46540 16.4 141814
46550 17.5 141989
46560 16.9 142158
46570 19.9 142357
46580 19.3 142550
46590 16.8 142718
46600 20.7 142925
46610 19.2 143117
46620 18.3 143300
46630 19.5 143495
46640 19.9 143694
46650 20.2 143896
46660 20.5 144101
46670 20.7 144308
46680 19.2 144500
46690 19.2 144692
46700 17.8 144870
46710 19.3 145063
46720 19.3 145256
46730 21 145466
46740 19.5 145661
46750 20.3 145864
46760 19.7 146061
46770 18.9 146250
46780 19.9 146449
46790 17.5 146624
46800 18.1 146805
46810 19.5 147000
46820 20.7 147207
46830 19 147397
46840 18.5 147582
46850 19.8 147780
46860 20.5 147985
46870 18.5 148170
46880 20.8 148378
46890 21 148588
46900 18.6 148774
46910 19.3 148967
46920 18.7 149154
46930 20.1 149355
46940 20.4 149559
46950 20.4 149763
46960 18.9 149952
46970 20.1 150153
46980 18.8 150341
46990 20.1 150542
47000 18.9 150731
47010 18.7 150918
47020 21.4 151132
47030 19.3 151325
47040 20.8 151533
47050 19.6 151729
47060 20.4 151933
47070 19.1 152124
47080 19.2 152316
47090 21.3 152529
47100 18.9 152718
47110 20.1 152919
47120 19.4 153113
47130 20.5 153318
47140 19.4 153512
47150 19.6 153708
47160 20.6 153914
47170 17.1 154085
47180 19.6 154281
47190 19.1 154472
47200 21.2 154684
47210 19.1 154875
47220 19.9 155074
47230 19.8 155272
47240 19.1 155463
47250 20.9 155672
47260 21.8 155890
47270 21.5 156105
47280 19.3 156298
47290 20.2 156500
47300 18.4 156684
47310 19.4 156878
47320 20.1 157079
47330 21.8 157297
47340 21.4 157511
47350 20.1 157712
47360 20.4 157916
47370 20.6 158122
47380 19.8 158320
47390 18.5 158505
47400 17.1 158676
47410 19.3 158869
47420 19.1 159060
47430 19 159250
47440 19.5 159445
47450 18.2 159627
47460 16.3 159790
47470 17.5 159965
47480 18.9 160154
47490 18 160334
47500 17.2 160506
47510 18 160686
47520 15.8 160844
47530 16.6 161010
47540 16.2 161172
47550 16.4 161336
47560 17 161506
47570 15.9 161665
47580 15.6 161821
47590 15.8 161979
47600 15.7 162136
47610 16.2 162298
47620 16.7 162465
47630 16.5 162630
47640 14.6 162776
47650 8.2 162858
47660 13.2 162990
47670 12.9 163119
47680 12.5 163244
47690 15.5 163399
47700 13.8 163537
47710 13.5 163672
47720 16.9 163841
47730 15.6 163997
47740 15.7 164154
47750 16.7 164321
47760 16 164481
47770 15 164631
47780 14.7 164778
47790 15.3 164931
47800 17.1 165102
47810 14.9 165251
47820 13.4 165385
47830 18.4 165569
47840 16.8 165737
47850 13.2 165869
47860 20.2 166071
47870 16.7 166238
47880 19 166428
47890 14.3 166571
47900 15 166721
47910 14.8 166869
47920 18.4 167053
47930 13.8 167191
47940 15.7 167348
47950 13.8 167486
47960 15.1 167637
47970 14.9 167786
47980 13.6 167922
47990 17.2 168094
48000 13.2 168226
48010 15.1 168377
48020 16.3 168540
48030 12.7 168667
48040 14 168807
48050 15.2 168959
48060 15.2 169111
48070 11.8 169229
48080 13.8 169367
48090 13.7 169504
48100 14.1 169645
48110 14.4 169789
48120 12.9 169918
48130 15.3 170071
48140 13.5 170206
48150 12.7 170333
48160 13.5 170468
48170 16.1 170629
48180 17.1 170800
48190 15.4 170954
48200 17.8 171132
48210 20.1 171333
48220 18.6 171519
48230 21.7 171736
48240 19.3 171929
48250 20.6 172135
48260 19.4 172329
48270 22.5 172554
48280 19 172744
48290 21.5 172959
48300 20.5 173164
48310 21.9 173383
48320 21.4 173597
48330 21.5 173812
48340 21.8 174030
48350 23.1 174261
48360 22.4 174485
48370 22.8 174713
48380 23.6 174949
48390 24.2 175191
48400 24 175431
48410 20.8 175639
48420 21.3 175852
48430 22.4 176076
48440 21.6 176292
48450 21.4 176506
48460 18.4 176690
48470 19 176880
48480 19 177070
48490 21.3 177283
48500 22.6 177509
48510 21.5 177724
48520 23.6 177960
48530 19.9 178159
48540 20.6 178365
48550 21 178575
48560 18.8 178763
48570 19.4 178957
48580 20.8 179165
48590 20.8 179373
48600 22.4 179597
48610 20.2 179799
48620 21.8 180017
48630 22.1 180238
48640 21.2 180450
48650 22.2 180672
48660 21.3 180885
48670 22.9 181114
48680 24.9 181363
48690 22.8 181591
48700 20.5 181796
48710 22.4 182020
48720 22 182240
48730 23.5 182475
48740 24.8 182723
48750 27.1 182994
48760 23.8 183232
48770 21.3 183445
48780 22.1 183666
48790 19.8 183864
48800 21.8 184082
48810 23.6 184318
48820 21.9 184537
48830 21.3 184750
48840 22.1 184971
48850 20.7 185178
48860 20.2 185380
48870 23.7 185617
48880 21.2 185829
48890 23.1 186060
48900 22 186280
48910 23.2 186512
48920 21.4 186726
48930 22.6 186952
48940 23.1 187183
48950 22.8 187411
48960 24 187651
48970 23.6 187887
48980 23.1 188118
48990 24.3 188361
49000 24.7 188608
49010 24.9 188857
49020 23.5 189092
49030 21 189302
49040 21.8 189520
49050 22.4 189744
49060 22.2 189966
49070 22.3 190189
49080 23 190419
49090 23.1 190650
49100 22.8 190878
49110 21.3 191091
49120 24.1 191332
49130 20.5 191537
49140 22.3 191760
49150 23.5 191995
49160 21.4 192209
49170 22 192429
49180 23 192659
49190 19.5 192854
49200 20.1 193055
49210 20.1 193256
49220 20.3 193459
49230 19.4 193653
49240 20 193853
49250 22.3 194076
49260 24.9 194325
49270 27.3 194598
49280 29.4 194892
49290 28.2 195174
49300 26.8 195442
49310 25.9 195701
49320 25.6 195957
49330 24.8 196205
49340 25 196455
49350 25.4 196709
49360 25.3 196962
49370 26.1 197223
49380 22.5 197448
49390 21.8 197666
49400 20.3 197869
49410 23.1 198100
49420 23.7 198337
49430 20.7 198544
49440 27.5 198819
49450 26.1 199080
49460 23.7 199317
49470 19.2 199509
49480 24.2 199751
49490 23.4 199985
49500 24.8 200233
49510 23.8 200471
49520 27.4 200745
49530 21.8 200963
49540 22.2 201185
49550 21.6 201401
49560 21.6 201617
49570 25 201867
49580 22.9 202096
49590 26.3 202359
49600 22.7 202586
49610 22.8 202814
49620 22.6 203040
49630 21.7 203257
49640 23.2 203489
49650 23.9 203728
49660 22.8 203956
49670 23.7 204193
49680 25.7 204450
49690 21.4 204664
49700 24.6 204910
49710 22.9 205139
49720 22.7 205366
49730 21 205576
49740 23.5 205811
49750 23.2 206043
49760 25.6 206299
49770 25 206549
49780 23.1 206780
49790 22.2 207002
49800 23 207232
49810 23.7 207469
49820 22.6 207695
49830 21.3 207908
49840 23.2 208140
49850 24.6 208386
49860 22.8 208614
49870 23.3 208847
49880 24.4 209091
49890 26.3 209354
49900 22 209574
49910 25.6 209830
49920 22.9 210059
49930 23.3 210292
49940 22 210512
49950 24.9 210761
49960 24.4 211005
49970 25.5 211260
49980 26.6 211526
49990 25.1 211777
50000 24 212017
50010 26.2 212279
50020 22.4 212503
50030 23.2 212735
50040 22 212955
50050 21.1 213166
50060 24.2 213408
50070 27.7 213685
50080 24 213925
50090 25.1 214176
50100 24.7 214423
50110 25.5 214678
50120 21.3 214891
50130 25 215141
50140 22.2 215363
50150 23.7 215600
50160 23.7 215837
50170 22.3 216060
50180 23.1 216291
50190 24.5 216536
50200 24 216776
50210 24 217016
50220 25.7 217273
50230 23.8 217511
50240 25.2 217763
50250 27.5 218038
50260 25.6 218294
50270 21.1 218505
50280 21.9 218724
50290 23.7 218961
50300 26.4 219225
50310 22.7 219452
50320 25.1 219703
50330 26.7 219970
50340 23.2 220202
50350 25.1 220453
50360 22.2 220675
50370 24.6 220921
50380 22.6 221147
50390 25.9 221406
50400 24.9 221655
50410 25.3 221908
50420 23.9 222147
50430 26.3 222410
50440 22 222630
50450 22.8 222858
50460 24.4 223102
50470 25.3 223355
50480 25.7 223612
50490 28.4 223896
50500 24 224136
50510 25.6 224392
50520 27.5 224667
50530 25.2 224919
50540 24.9 225168
50550 23.2 225400
50560 25.5 225655
50570 26.2 225917
50580 28.3 226200
50590 26.7 226467
50600 26.9 226736
50610 24.7 226983
50620 24.8 227231
50630 25.3 227484
50640 26.3 227747
50650 27.5 228022
50660 25.4 228276
50670 21.7 228493
50680 24.2 228735
50690 26.3 228998
50700 24.7 229245
50710 24 229485
50720 26 229745
50730 27.4 230019
50740 26.4 230283
50750 23.7 230520
50760 27 230790
50770 23.7 231027
50780 24.5 231272
50790 25.4 231526
50800 25.6 231782
50810 21.9 232001
50820 24.1 232242
50830 23.5 232477
50840 28.5 232762
50850 23.2 232994
50860 22.8 233222
50870 25.2 233474
50880 29.7 233771
50890 26.5 234036
50900 29.1 234327
50910 22.8 234555
50920 28.1 234836
50930 25.3 235089
50940 25.4 235343
50950 26.9 235612
50960 25.6 235868
50970 26.2 236130
50980 20.1 236331
50990 23.7 236568
51000 24 236808
51010 24.7 237055
51020 24.6 237301
51030 24 237541
51040 25.2 237793
51050 26.2 238055
51060 24.8 238303
51070 26.3 238566
51080 29.3 238859
51090 24.9 239108
51100 24.1 239349
51110 28.4 239633
51120 21.5 239848
51130 24.4 240092
51140 29.5 240387
51150 27.3 240660
51160 25.3 240913
51170 27.2 241185
51180 27.3 241458
51190 28 241738
51200 28 242018
51210 26.6 242284
51220 23.3 242517
51230 28.1 242798
51240 27.3 243071
51250 27.7 243348
51260 24.6 243594
51270 23.9 243833
51280 26.4 244097
51290 27.4 244371
51300 25.2 244623
51310 25 244873
51320 24.5 245118
51330 27.7 245395
51340 28 245675
51350 24.9 245924
51360 24.1 246165
51370 27.3 246438
51380 27.1 246709
51390 26.7 246976
51400 26 247236
51410 24.5 247481
51420 27.4 247755
51430 26.9 248024
51440 25.9 248283
51450 25.7 248540
51460 26.6 248806
51470 27.3 249079
51480 25.4 249333
51490 26.7 249600
51500 27.2 249872
51510 26.9 250141
51520 26.1 250402
51530 25.7 250659
51540 26.6 250925
51550 25.9 251184
51560 27 251454
51570 29.4 251748
51580 26.1 252009
51590 25.8 252267
51600 27.3 252540
51610 26.8 252808
51620 25.6 253064
51630 27.9 253343
51640 26.8 253611
51650 26 253871
51660 29.2 254163
51670 29.5 254458
51680 27.8 254736
51690 26.9 255005
51700 26.4 255269
51710 27.4 255543
51720 27.1 255814
51730 27.8 256092
51740 28.5 256377
51750 27.2 256649
51760 25.8 256907
51770 29.8 257205
51780 27.3 257478
51790 27.2 257750
51800 27.4 258024
51810 28.6 258310
51820 28.7 258597
51830 29.5 258892
51840 29.4 259186
51850 29.4 259480
51860 28.4 259764
51870 27.4 260038
51880 28 260318
51890 28.3 260601
51900 29.6 260897
51910 25.8 261155
51920 26.9 261424
51930 28.7 261711
51940 28.5 261996
51950 26.8 262264
51960 25.4 262518
51970 28.1 262799
51980 29.9 263098
51990 23.5 263333
52000 25 263583
52010 24.4 263827
52020 28.5 264112
52030 27.4 264386
52040 27 264656
52050 26.3 264919
52060 26.5 265184
52070 26.6 265450
52080 27.1 265721
52090 27.8 265999
52100 27.7 266276
52110 28.4 266560
52120 29.3 266853
52130 29 267143
52140 29 267433
52150 25.9 267692
52160 29.1 267983
52170 27.7 268260
52180 26.4 268524
52190 28.3 268807
52200 27.1 269078
52210 26.2 269340
52220 28 269620
52230 25 269870
52240 28.7 270157
52250 27.8 270435
52260 28.9 270724
52270 26.5 270989
52280 29.7 271286
52290 31.9 271605
52300 28.3 271888
52310 27.4 272162
52320 27.2 272434
52330 27.8 272712
52340 32.2 273034
52350 32.3 273357
52360 32.1 273678
52370 30.2 273980
52380 31.1 274291
52390 27.8 274569
52400 28.7 274856
52410 26.1 275117
52420 27.6 275393
52430 27.3 275666
52440 31.3 275979
52450 29.5 276274
52460 28.4 276558
52470 28.2 276840
52480 28.2 277122
52490 28.8 277410
52500 26.5 277675
52510 26.2 277937
52520 28.2 278219
52530 28.7 278506
52540 27.8 278784
52550 25 279034
52560 26.5 279299
52570 28.1 279580
52580 30.4 279884
52590 30.2 280186
52600 25.9 280445
52610 27.1 280716
52620 31 281026
52630 27.9 281305
52640 29.1 281596
52650 29 281886
52660 28.1 282167
52670 28.4 282451
52680 29.9 282750
52690 26.7 283017
52700 29.6 283313
52710 30.1 283614
52720 28.6 283900
52730 33.1 284231
52740 29.3 284524
52750 31.8 284842
52760 25.7 285099
52770 26.9 285368
52780 29.7 285665
52790 27.2 285937
52800 28.7 286224
52810 30 286524
52820 25.6 286780
52830 25.8 287038
52840 18.5 287223
52850 17 287393
52860 13.7 287530
52870 12.7 287657
52880 13.1 287788
52890 12.7 287915
52900 12.5 288040
52910 12.1 288161
52920 12.3 288284
52930 12.3 288407
52940 10.5 288512
