2440 0.1 1
2450 0 1
2460 0 1
2470 0 1
2480 0 1
2490 0 1
2500 0 1
2510 0.7 8
2520 0 8
2530 0 8
2540 0 8
2550 0 8
2560 0 8
2570 0 8
2580 0 8
2590 0 8
2600 0 8
2610 0 8
2620 0.1 9
2630 0 9
2640 0 9
2650 0 9
2660 0.1 10
2670 0.5 15
2680 0 15
2690 0 15
2700 0 15
2710 0.2 17
2720 0 17
2730 0 17
2740 0.5 22
2750 0 22
2760 0 22
2770 0.5 27
2780 0.9 36
2790 0 36
2800 0 36
2810 0 36
2820 0 36
2830 0 36
2840 0 36
2850 0 36
2860 0 36
2870 0 36
2880 0 36
2890 0 36
2900 0 36
2910 0 36
2920 0 36
2930 0 36
2940 0 36
2950 0 36
2960 0 36
2970 0.6 42
2980 0 42
2990 0 42
3000 0 42
3010 0 42
3020 0 42
3030 0 42
3040 0 42
3050 0 42
3060 0 42
3070 0 42
3080 0 42
3090 0 42
3100 0 42
3110 0 42
3120 0 42
3130 0 42
3140 0 42
3150 0 42
3160 0 42
3170 0 42
3180 0 42
3190 0 42
3200 0 42
3210 0 42
3220 0 42
3230 0 42
3240 0 42
3250 0 42
3260 0 42
3270 0 42
3280 0 42
3290 0 42
3300 0 42
3310 0 42
3320 0 42
3330 0 42
3340 0 42
3350 0 42
3360 0 42
3370 0 42
3380 0 42
3390 0 42
3400 0.4 46
3410 0 46
3420 0.9 55
3430 0.2 57
3440 0.6 63
3450 0 63
3460 0 63
3470 0 63
3480 0 63
3490 0 63
3500 0.4 67
3510 0 67
3520 0 67
3530 0 67
3540 0 67
3550 0 67
3560 0 67
3570 0 67
3580 0.6 73
3590 0 73
3600 0 73
3610 0 73
3620 0 73
3630 0 73
3640 0 73
3650 0 73
3660 0 73
3670 0.6 79
3680 0 79
3690 0 79
3700 0 79
3710 0 79
3720 0.7 86
3730 0 86
3740 0 86
3750 1.3 99
3760 0 99
3770 0 99
3780 0 99
3790 0 99
3800 0 99
3810 0 99
3820 0.1 100
3830 0 100
3840 0 100
3850 0 100
3860 0 100
3870 0.4 104
3880 0 104
3890 0 104
3900 0 104
3910 0 104
3920 0 104
3930 0 104
3940 0 104
3950 0 104
3960 0 104
3970 0 104
3980 0.7 111
3990 0 111
4000 0 111
4010 0 111
4020 0 111
4030 0 111
4040 0 111
4050 0 111
4060 0 111
4070 0 111
4080 0 111
4090 0 111
4100 0 111
4110 0 111
4120 0 111
4130 0 111
4140 0 111
4150 0 111
4160 0 111
4170 0 111
4180 0 111
4190 0 111
4200 0.2 113
4210 0 113
4220 0 113
4230 0 113
4240 0 113
4250 0 113
4260 0 113
4270 0 113
4280 0 113
4290 0 113
4300 0 113
4310 0 113
4320 0 113
4330 0 113
4340 0 113
4350 0 113
4360 0 113
4370 0 113
4380 0 113
4390 0 113
4400 0 113
4410 0 113
4420 0 113
4430 0 113
4440 0 113
4450 0 113
4460 0 113
4470 0 113
4480 0 113
4490 0 113
4500 0 113
4510 0 113
4520 0 113
4530 0 113
4540 0 113
4550 0 113
4560 0 113
4570 0.2 115
4580 0 115
4590 0 115
4600 0 115
4610 0.2 117
4620 0 117
4630 0 117
4640 0 117
4650 0 117
4660 0 117
4670 0.4 121
4680 0 121
4690 0 121
4700 0 121
4710 1 131
4720 0 131
4730 0 131
4740 0 131
4750 0 131
4760 0.2 133
4770 0.4 137
4780 0 137
4790 0 137
4800 0.1 138
4810 0.3 141
4820 0.1 142
4830 0 142
4840 0 142
4850 0 142
4860 0 142
4870 0 142
4880 0.6 148
4890 0 148
4900 0 148
4910 0 148
4920 0 148
4930 0 148
4940 0 148
4950 0 148
4960 0 148
4970 0 148
4980 0 148
4990 0 148
5000 0 148
5010 0 148
5020 0 148
5030 1.3 161
5040 1 171
5050 0.2 173
5060 0 173
5070 0 173
5080 0 173
5090 0.1 174
5100 0.1 175
5110 0 175
5120 0 175
5130 0 175
5140 0 175
5150 0 175
5160 0 175
5170 0 175
5180 0 175
5190 0 175
5200 0 175
5210 0 175
5220 0 175
5230 0 175
5240 0 175
5250 0 175
5260 0 175
5270 0 175
5280 0 175
5290 0 175
5300 0 175
5310 0 175
5320 0.2 177
5330 0 177
5340 0 177
5350 0 177
5360 0 177
5370 0 177
5380 0 177
5390 0 177
5400 0 177
5410 0 177
5420 0 177
5430 0 177
5440 0 177
5450 0 177
5460 0 177
5470 0 177
5480 0 177
5490 0 177
5500 0 177
5510 0 177
5520 0 177
5530 0 177
5540 0 177
5550 0 177
5560 0 177
5570 0 177
5580 0 177
5590 0 177
5600 0 177
5610 0 177
5620 0 177
5630 0 177
5640 0 177
5650 0 177
5660 0 177
5670 0 177
5680 0 177
5690 0 177
5700 0 177
5710 0 177
5720 0 177
5730 0 177
5740 0 177
5750 0.9 186
5760 0 186
5770 0 186
5780 0.1 187
5790 0.2 189
5800 0 189
5810 0 189
5820 0 189
5830 0.4 193
5840 1.3 206
5850 0 206
5860 0 206
5870 0 206
5880 0 206
5890 0 206
5900 0 206
5910 0 206
5920 0.8 214
5930 0.2 216
5940 0 216
5950 0 216
5960 0.5 221
5970 0 221
5980 0 221
5990 0 221
6000 0 221
6010 0 221
6020 0 221
6030 0.6 227
6040 0 227
6050 0 227
6060 0 227
6070 0 227
6080 0 227
6090 0 227
6100 0 227
6110 0 227
6120 0 227
6130 0 227
6140 0 227
6150 0 227
6160 0 227
6170 0 227
6180 0 227
6190 0 227
6200 0 227
6210 0 227
6220 0 227
6230 0 227
6240 0 227
6250 0 227
6260 0.1 228
6270 0 228
6280 0 228
6290 0 228
6300 0 228
6310 0.9 237
6320 0 237
6330 0 237
6340 0 237
6350 0 237
6360 0 237
6370 0 237
6380 0 237
6390 0 237
6400 0 237
6410 0.2 239
6420 0 239
6430 0 239
6440 1.5 254
6450 0 254
6460 0 254
6470 0 254
6480 0 254
6490 0 254
6500 0 254
6510 0.3 257
6520 0 257
6530 0 257
6540 0 257
6550 0 257
6560 0 257
6570 0.4 261
6580 0 261
6590 0 261
6600 0 261
6610 0 261
6620 0 261
6630 0 261
6640 0 261
6650 0 261
6660 0 261
6670 0 261
6680 0.1 262
6690 0.8 270
6700 0 270
6710 0 270
6720 0.3 273
6730 0 273
6740 0.2 275
6750 0 275
6760 0 275
6770 0 275
6780 0 275
6790 0 275
6800 0 275
6810 0 275
6820 0 275
6830 0 275
6840 0 275
6850 0 275
6860 0.3 278
6870 0 278
6880 0 278
6890 0 278
6900 0 278
6910 0 278
6920 0 278
6930 0 278
6940 0 278
6950 0 278
6960 0 278
6970 0 278
6980 0.3 281
6990 0.7 288
7000 0.1 289
7010 0.7 296
7020 0.7 303
7030 0.3 306
7040 0 306
7050 0 306
7060 0 306
7070 0 306
7080 0 306
7090 0 306
7100 0 306
7110 0 306
7120 0 306
7130 0 306
7140 0 306
7150 0 306
7160 0 306
7170 0 306
7180 0 306
7190 0.2 308
7200 0 308
7210 0 308
7220 0 308
7230 0.1 309
7240 1 319
7250 0 319
7260 0 319
7270 0.8 327
7280 0.6 333
7290 0 333
7300 0 333
7310 0 333
7320 0.3 336
7330 0 336
7340 0 336
7350 0 336
7360 0 336
7370 0 336
7380 0 336
7390 0 336
7400 0 336
7410 0 336
7420 0 336
7430 0 336
7440 0 336
7450 0 336
7460 0 336
7470 0 336
7480 0 336
7490 0 336
7500 0 336
7510 0 336
7520 0 336
7530 0 336
7540 0 336
7550 0 336
7560 0 336
7570 0 336
7580 0.3 339
7590 0 339
7600 0 339
7610 0 339
7620 0 339
7630 0 339
7640 0 339
7650 0 339
7660 0.2 341
7670 0 341
7680 0 341
7690 0 341
7700 0 341
7710 0 341
7720 0.6 347
7730 0 347
7740 0 347
7750 0 347
7760 0 347
7770 0 347
7780 0.4 351
7790 0 351
7800 0 351
7810 0.4 355
7820 0 355
7830 0.6 361
7840 0.6 367
7850 0 367
7860 0 367
7870 0.3 370
7880 0 370
7890 0 370
7900 0 370
7910 0 370
7920 0 370
7930 0 370
7940 0 370
7950 0 370
7960 0 370
7970 0 370
7980 0 370
7990 0 370
8000 0 370
8010 0 370
8020 0 370
8030 0 370
8040 0 370
8050 0 370
8060 0.5 375
8070 0 375
8080 0 375
8090 0 375
8100 0 375
8110 0 375
8120 0 375
8130 0 375
8140 0 375
8150 0 375
8160 0 375
8170 0 375
8180 0 375
8190 0 375
8200 0.5 380
8210 0 380
8220 0 380
8230 0 380
8240 0 380
8250 0 380
8260 0 380
8270 0 380
8280 0 380
8290 0 380
8300 0 380
8310 0.6 386
8320 0 386
8330 0 386
8340 0 386
8350 0 386
8360 0 386
8370 0 386
8380 0 386
8390 0 386
8400 0 386
8410 0 386
8420 0 386
8430 0 386
8440 0 386
8450 0 386
8460 0 386
8470 0 386
8480 0 386
8490 0 386
8500 0 386
8510 0 386
8520 0 386
8530 0 386
8540 0 386
8550 0 386
8560 0 386
8570 0 386
8580 0 386
8590 0 386
8600 0 386
8610 0 386
8620 0 386
8630 0 386
8640 0 386
8650 0 386
8660 0 386
8670 0 386
8680 0 386
8690 0 386
8700 0 386
8710 0 386
8720 0 386
8730 0 386
8740 0 386
8750 0 386
8760 0 386
8770 0 386
8780 0 386
8790 0 386
8800 0 386
8810 0 386
8820 0 386
8830 0.1 387
8840 0 387
8850 0 387
8860 0 387
8870 0 387
8880 0 387
8890 0 387
8900 0 387
8910 0 387
8920 0 387
8930 0 387
8940 0 387
8950 0 387
8960 0 387
8970 0 387
8980 0 387
8990 0 387
9000 0 387
9010 0 387
9020 0.2 389
9030 0 389
9040 0 389
9050 0 389
9060 0 389
9070 0 389
9080 0 389
9090 0 389
9100 0 389
9110 0 389
9120 0 389
9130 0 389
9140 0 389
9150 0 389
9160 0 389
9170 0 389
9180 0.3 392
9190 0 392
9200 0 392
9210 0.3 395
9220 0 395
9230 0.5 400
9240 0 400
9250 0 400
9260 0 400
9270 0 400
9280 0 400
9290 0 400
9300 0 400
9310 0 400
9320 0 400
9330 0 400
9340 0 400
9350 0 400
9360 0 400
9370 0 400
9380 0 400
9390 0 400
9400 0 400
9410 0 400
9420 0 400
9430 0 400
9440 0 400
9450 0 400
9460 0.2 402
9470 0.9 411
9480 0.6 417
9490 0.3 420
9500 0.1 421
9510 0.4 425
9520 0.5 430
9530 0.3 433
9540 0.4 437
9550 0.7 444
9560 0 444
9570 0.2 446
9580 0 446
9590 0 446
9600 0 446
9610 0 446
9620 0 446
9630 0 446
9640 0 446
9650 0 446
9660 0 446
9670 0 446
9680 0 446
9690 0 446
9700 0 446
9710 0 446
9720 0 446
9730 0 446
9740 0 446
9750 0 446
9760 0 446
9770 0 446
9780 0 446
9790 0 446
9800 0.3 449
9810 0 449
9820 0 449
9830 0 449
9840 0 449
9850 0 449
9860 0.3 452
9870 0 452
9880 0 452
9890 0 452
9900 0 452
9910 0 452
9920 0 452
9930 0 452
9940 0 452
9950 0 452
9960 0.3 455
9970 0.5 460
9980 0.2 462
9990 0 462
10000 0 462
10010 0 462
10020 0 462
10030 0 462
10040 0 462
10050 0 462
10060 0.9 471
10070 0 471
10080 0 471
10090 0 471
10100 0 471
10110 0.2 473
10120 0 473
10130 0.8 481
10140 0.2 483
10150 0.1 484
10160 0 484
10170 0 484
10180 0 484
10190 0 484
10200 0 484
10210 0 484
10220 0 484
10230 0 484
10240 0 484
10250 0 484
10260 0 484
10270 0 484
10280 0 484
10290 0 484
10300 0 484
10310 0 484
10320 0 484
10330 0 484
10340 0.1 485
10350 0 485
10360 0 485
10370 0 485
10380 0 485
10390 0 485
10400 0 485
10410 0 485
10420 0 485
10430 0 485
10440 0 485
10450 0 485
10460 0 485
10470 0 485
10480 0 485
10490 0 485
10500 0 485
10510 0 485
10520 0.7 492
10530 1.5 507
10540 0 507
10550 0 507
10560 0 507
10570 0.4 511
10580 0.6 517
10590 0 517
10600 0 517
10610 0 517
10620 0 517
10630 0 517
10640 0 517
10650 0 517
10660 0 517
10670 0 517
10680 0 517
10690 0 517
10700 0 517
10710 0 517
10720 0 517
10730 0 517
10740 0 517
10750 0 517
10760 0 517
10770 0 517
10780 0 517
10790 0 517
10800 0 517
10810 0 517
10820 0 517
10830 0 517
10840 0 517
10850 0.3 520
10860 0 520
10870 0 520
10880 0 520
10890 0.4 524
10900 0.5 529
10910 0 529
10920 0.7 536
10930 0.6 542
10940 0 542
10950 0 542
10960 0 542
10970 0 542
10980 0 542
10990 0 542
11000 0 542
11010 0 542
11020 0 542
11030 0 542
11040 0 542
11050 0 542
11060 0 542
11070 0 542
11080 0 542
11090 0 542
11100 0 542
11110 0 542
11120 0 542
11130 0 542
11140 0 542
11150 0 542
11160 0 542
11170 0 542
11180 0 542
11190 0 542
11200 0 542
11210 0.9 551
11220 0 551
11230 0 551
11240 0 551
11250 0 551
11260 0 551
11270 0 551
11280 0 551
11290 0 551
11300 0 551
11310 0 551
11320 0 551
11330 1.2 563
11340 0.5 568
11350 0 568
11360 0 568
11370 0 568
11380 0 568
11390 0 568
11400 0.2 570
11410 0 570
11420 0.1 571
11430 0 571
11440 0 571
11450 0 571
11460 0 571
11470 0.4 575
11480 0 575
11490 0 575
11500 0 575
11510 0 575
11520 0 575
11530 0 575
11540 0 575
11550 0 575
11560 0.2 577
11570 0 577
11580 0 577
11590 0 577
11600 0.1 578
11610 0.8 586
11620 0 586
11630 0 586
11640 0 586
11650 0 586
11660 0 586
11670 0 586
11680 0 586
11690 0 586
11700 0 586
11710 0 586
11720 0 586
11730 0 586
11740 0 586
11750 0 586
11760 0 586
11770 0 586
11780 0 586
11790 0 586
11800 0 586
11810 0 586
11820 0 586
11830 0 586
11840 0 586
11850 0 586
11860 0 586
11870 0 586
11880 0 586
11890 0 586
11900 0 586
11910 0 586
11920 0 586
11930 0 586
11940 0 586
11950 0 586
11960 0 586
11970 0 586
11980 0 586
11990 0 586
12000 0 586
12010 0 586
12020 0 586
12030 0 586
12040 0 586
12050 0 586
12060 0 586
12070 0 586
12080 0 586
12090 0 586
12100 0 586
12110 0 586
12120 0 586
12130 0 586
12140 0 586
12150 0 586
12160 0 586
12170 0 586
12180 0 586
12190 0 586
12200 0 586
12210 0 586
12220 0 586
12230 0 586
12240 0 586
12250 0.5 591
12260 1.1 602
12270 0 602
12280 0 602
12290 0 602
12300 0 602
12310 0 602
12320 0 602
12330 0 602
12340 0 602
12350 0 602
12360 0 602
12370 0 602
12380 0 602
12390 0.5 607
12400 0 607
12410 0.1 608
12420 0.2 610
12430 0 610
12440 0 610
12450 0 610
12460 0 610
12470 0 610
12480 0 610
12490 0 610
12500 0 610
12510 0 610
12520 0 610
12530 0 610
12540 0 610
12550 0 610
12560 1 620
12570 0 620
12580 0 620
12590 0 620
12600 0.6 626
12610 0.4 630
12620 0 630
12630 0.1 631
12640 0 631
12650 0.1 632
12660 0.6 638
12670 0.8 646
12680 0.1 647
12690 0 647
12700 0.1 648
12710 0 648
12720 0.3 651
12730 0 651
12740 0 651
12750 1 661
12760 0 661
12770 0 661
12780 0.4 665
12790 0 665
12800 1.4 679
12810 0 679
12820 0 679
12830 0 679
12840 0 679
12850 0 679
12860 0 679
12870 0.9 688
12880 0.1 689
12890 0 689
12900 1 699
12910 0 699
12920 0 699
12930 0 699
12940 0 699
12950 0 699
12960 0 699
12970 0 699
12980 0 699
12990 0 699
13000 0 699
13010 0 699
13020 0.1 700
13030 0 700
13040 0 700
13050 0.6 706
13060 0 706
13070 0.1 707
13080 0 707
13090 0.3 710
13100 0.9 719
13110 0 719
13120 0 719
13130 0 719
13140 0 719
13150 0 719
13160 0 719
13170 0 719
13180 0 719
13190 0 719
13200 0 719
13210 0 719
13220 0 719
13230 0.2 721
13240 0.7 728
13250 0.4 732
13260 0 732
13270 1.8 750
13280 0.2 752
13290 0 752
13300 0 752
13310 0 752
13320 0.4 756
13330 0 756
13340 0 756
13350 0.4 760
13360 0.1 761
13370 0 761
13380 0 761
13390 0.1 762
13400 1 772
13410 0 772
13420 0 772
13430 0 772
13440 0.5 777
13450 0 777
13460 0 777
13470 0 777
13480 0 777
13490 0 777
13500 0 777
13510 0 777
13520 0 777
13530 0 777
13540 0 777
13550 0 777
13560 0 777
13570 0 777
13580 0 777
13590 0.5 782
13600 0.6 788
13610 0 788
13620 1.8 806
13630 0 806
13640 0 806
13650 0 806
13660 0 806
13670 0 806
13680 0 806
13690 0 806
13700 0 806
13710 0 806
13720 0 806
13730 0 806
13740 0 806
13750 0 806
13760 0 806
13770 0 806
13780 0 806
13790 0 806
13800 0.8 814
13810 0 814
13820 0 814
13830 0 814
13840 0 814
13850 0 814
13860 0 814
13870 0 814
13880 0.6 820
13890 0 820
13900 0 820
13910 0 820
13920 0 820
13930 0 820
13940 0 820
13950 0 820
13960 0 820
13970 0.5 825
13980 0 825
13990 0 825
14000 1.5 840
14010 0.1 841
14020 0 841
14030 0 841
14040 0 841
14050 0 841
14060 0 841
14070 0 841
14080 0 841
14090 0 841
14100 0 841
14110 0 841
14120 0 841
14130 0 841
14140 0 841
14150 0.2 843
14160 0 843
14170 0.5 848
14180 0.2 850
14190 0 850
14200 0.4 854
14210 0 854
14220 0 854
14230 0 854
14240 0 854
14250 0 854
14260 0 854
14270 0 854
14280 0 854
14290 0 854
14300 0 854
14310 0 854
14320 0 854
14330 0 854
14340 0 854
14350 0 854
14360 0 854
14370 0 854
14380 0 854
14390 0 854
14400 0 854
14410 0 854
14420 0.5 859
14430 0 859
14440 0.3 862
14450 0.9 871
14460 0 871
14470 0 871
14480 0 871
14490 0 871
14500 0 871
14510 0 871
14520 0 871
14530 0 871
14540 0.4 875
14550 0.1 876
14560 0.5 881
14570 0 881
14580 0 881
14590 0 881
14600 0 881
14610 0.7 888
14620 0 888
14630 0 888
14640 0 888
14650 0 888
14660 0 888
14670 0 888
14680 0 888
14690 0 888
14700 0 888
14710 0 888
14720 0 888
14730 0 888
14740 0 888
14750 0.9 897
14760 0 897
14770 0 897
14780 0 897
14790 0 897
14800 0 897
14810 0 897
14820 0 897
14830 0 897
14840 0 897
14850 0 897
14860 0 897
14870 0 897
14880 0.5 902
14890 1.1 913
14900 0 913
14910 0 913
14920 0 913
14930 0 913
14940 0.9 922
14950 0.2 924
14960 0 924
14970 0 924
14980 0 924
14990 0 924
15000 0.2 926
15010 0 926
15020 0.7 933
15030 0.4 937
15040 0 937
15050 0 937
15060 0 937
15070 0.4 941
15080 0 941
15090 0 941
15100 0 941
15110 0 941
15120 0.2 943
15130 0.6 949
15140 0.4 953
15150 0 953
15160 0 953
15170 0 953
15180 0 953
15190 0 953
15200 0 953
15210 0 953
15220 0 953
15230 0 953
15240 0 953
15250 0 953
15260 0 953
15270 0 953
15280 0 953
15290 0 953
15300 0 953
15310 0 953
15320 0 953
15330 0.3 956
15340 0 956
15350 0 956
15360 0 956
15370 0 956
15380 0 956
15390 0.7 963
15400 0 963
15410 0 963
15420 0 963
15430 0 963
15440 0 963
15450 0 963
15460 0 963
15470 0 963
15480 0 963
15490 0 963
15500 0 963
15510 0 963
15520 0 963
15530 0 963
15540 0 963
15550 0 963
15560 0 963
15570 0 963
15580 0 963
15590 0 963
15600 0 963
15610 0 963
15620 0 963
15630 0 963
15640 0 963
15650 0 963
15660 0 963
15670 0 963
15680 0.8 971
15690 0 971
15700 0 971
15710 0 971
15720 0 971
15730 0.7 978
15740 0 978
15750 0 978
15760 0 978
15770 0 978
15780 0 978
15790 0.5 983
15800 0 983
15810 0 983
15820 0 983
15830 0 983
15840 0 983
15850 0 983
15860 0 983
15870 0 983
15880 0 983
15890 0 983
15900 0 983
15910 0 983
15920 0 983
15930 0 983
15940 0 983
15950 0 983
15960 0 983
15970 0 983
15980 0 983
15990 0 983
16000 0 983
16010 0 983
16020 0 983
16030 0 983
16040 0 983
16050 0 983
16060 0 983
16070 0 983
16080 0 983
16090 0 983
16100 0 983
16110 0.4 987
16120 0 987
16130 0 987
16140 0 987
16150 0 987
16160 0 987
16170 0 987
16180 0 987
16190 0 987
16200 0 987
16210 0 987
16220 0 987
16230 0 987
16240 0 987
16250 0 987
16260 0 987
16270 0 987
16280 0 987
16290 0 987
16300 0 987
16310 0 987
16320 0 987
16330 0 987
16340 0 987
16350 0 987
16360 0 987
16370 0 987
16380 0.3 990
16390 1 1000
16400 0 1000
16410 0 1000
16420 0 1000
16430 0 1000
16440 0 1000
16450 0 1000
16460 0 1000
16470 0 1000
16480 0 1000
16490 0 1000
16500 0 1000
16510 0.9 1009
16520 0.4 1013
16530 0 1013
16540 0.7 1020
16550 0 1020
16560 0 1020
16570 0 1020
16580 0 1020
16590 0 1020
16600 0 1020
16610 0 1020
16620 0 1020
16630 0 1020
16640 0 1020
16650 0 1020
16660 0 1020
16670 0 1020
16680 0 1020
16690 0 1020
16700 0 1020
16710 0 1020
16720 0 1020
16730 0 1020
16740 0 1020
16750 0 1020
16760 0 1020
16770 0 1020
16780 0 1020
16790 0.2 1022
16800 0 1022
16810 0 1022
16820 0 1022
16830 0.4 1026
16840 0.1 1027
16850 0 1027
16860 0 1027
16870 0 1027
16880 1.1 1038
16890 0 1038
16900 0 1038
16910 0 1038
16920 0 1038
16930 0 1038
16940 0 1038
16950 0 1038
16960 0 1038
16970 0 1038
16980 0 1038
16990 0 1038
17000 0 1038
17010 1.1 1049
17020 0 1049
17030 0 1049
17040 1.1 1060
17050 0 1060
17060 0 1060
17070 0 1060
17080 0 1060
17090 0 1060
17100 0 1060
17110 0 1060
17120 0 1060
17130 0 1060
17140 0 1060
17150 0 1060
17160 0 1060
17170 0 1060
17180 0 1060
17190 0 1060
17200 0 1060
17210 0 1060
17220 0 1060
17230 0 1060
17240 0 1060
17250 0 1060
17260 0 1060
17270 0 1060
17280 0 1060
17290 0.2 1062
17300 0.4 1066
17310 0 1066
17320 0 1066
17330 0 1066
17340 0.2 1068
17350 0 1068
17360 1.3 1081
17370 1.3 1094
17380 0 1094
17390 0 1094
17400 0 1094
17410 0 1094
17420 0 1094
17430 0 1094
17440 0 1094
17450 0 1094
17460 0 1094
17470 0 1094
17480 0 1094
17490 0 1094
17500 0 1094
17510 0 1094
17520 0 1094
17530 0 1094
17540 0 1094
17550 0 1094
17560 0 1094
17570 0 1094
17580 0 1094
17590 0 1094
17600 0 1094
17610 0 1094
17620 0 1094
17630 0 1094
17640 0.1 1095
17650 0 1095
17660 0 1095
17670 0 1095
17680 0 1095
17690 0 1095
17700 0 1095
17710 0 1095
17720 0 1095
17730 0 1095
17740 0 1095
17750 0.1 1096
17760 1.4 1110
17770 0.2 1112
17780 0 1112
17790 0 1112
17800 0 1112
17810 0.5 1117
17820 0 1117
17830 0 1117
17840 0 1117
17850 0 1117
17860 0 1117
17870 0 1117
17880 0 1117
17890 0 1117
17900 0.2 1119
17910 0 1119
17920 0 1119
17930 0 1119
17940 0 1119
17950 0 1119
17960 0 1119
17970 0 1119
17980 0 1119
17990 0 1119
18000 0 1119
18010 0 1119
18020 0.2 1121
18030 0 1121
18040 0.5 1126
18050 0 1126
18060 0 1126
18070 0 1126
18080 0.9 1135
18090 0 1135
18100 0.1 1136
18110 0 1136
18120 0.1 1137
18130 0 1137
18140 1.8 1155
18150 0 1155
18160 0 1155
18170 0 1155
18180 0 1155
18190 0 1155
18200 0 1155
18210 0 1155
18220 0 1155
18230 0 1155
18240 0 1155
18250 0 1155
18260 0 1155
18270 0 1155
18280 0.5 1160
18290 0.1 1161
18300 0 1161
18310 0 1161
18320 0.5 1166
18330 0 1166
18340 0 1166
18350 0 1166
18360 0 1166
18370 0 1166
18380 0.2 1168
18390 0.2 1170
18400 0 1170
18410 0 1170
18420 0 1170
18430 0 1170
18440 0 1170
18450 0 1170
18460 0 1170
18470 0 1170
18480 0.1 1171
18490 0.6 1177
18500 0 1177
18510 0 1177
18520 0 1177
18530 0.6 1183
18540 0.2 1185
18550 0.2 1187
18560 0.3 1190
18570 0.1 1191
18580 0.2 1193
18590 0.3 1196
18600 0 1196
18610 1.1 1207
18620 0.1 1208
18630 0 1208
18640 0 1208
18650 0 1208
18660 0 1208
18670 0 1208
18680 0.4 1212
18690 0.8 1220
18700 0.1 1221
18710 0 1221
18720 0 1221
18730 0 1221
18740 0 1221
18750 0 1221
18760 0 1221
18770 0 1221
18780 0 1221
18790 0.2 1223
18800 0.1 1224
18810 0 1224
18820 0.3 1227
18830 0.3 1230
18840 0 1230
18850 0.6 1236
18860 0 1236
18870 0 1236
18880 0.1 1237
18890 0.5 1242
18900 0.1 1243
18910 0 1243
18920 0.5 1248
18930 0 1248
18940 0 1248
18950 0 1248
18960 0.3 1251
18970 0 1251
18980 0 1251
18990 0 1251
19000 0 1251
19010 0 1251
19020 0 1251
19030 0 1251
19040 0 1251
19050 0 1251
19060 0 1251
19070 0 1251
19080 0 1251
19090 0 1251
19100 0 1251
19110 0 1251
19120 0 1251
19130 0 1251
19140 0 1251
19150 0 1251
19160 0 1251
19170 0 1251
19180 0 1251
19190 0 1251
19200 0 1251
19210 0 1251
19220 0 1251
19230 0 1251
19240 0 1251
19250 0 1251
19260 0 1251
19270 0 1251
19280 0 1251
19290 0 1251
19300 0 1251
19310 0 1251
19320 0.2 1253
19330 0 1253
19340 0 1253
19350 0 1253
19360 0.3 1256
19370 0.1 1257
19380 0.9 1266
19390 0.2 1268
19400 0.1 1269
19410 0 1269
19420 0 1269
19430 0 1269
19440 0 1269
19450 0 1269
19460 0 1269
19470 0 1269
19480 0 1269
19490 0 1269
19500 0 1269
19510 0 1269
19520 0 1269
19530 0 1269
19540 0 1269
19550 0 1269
19560 0 1269
19570 0 1269
19580 0 1269
19590 0 1269
19600 0 1269
19610 0 1269
19620 0.4 1273
19630 0 1273
19640 0 1273
19650 0 1273
19660 0 1273
19670 0 1273
19680 1.3 1286
19690 0 1286
19700 0 1286
19710 0 1286
19720 0 1286
19730 0.4 1290
19740 0 1290
19750 0 1290
19760 0 1290
19770 0 1290
19780 0 1290
19790 0 1290
19800 0 1290
19810 0 1290
19820 0 1290
19830 0 1290
19840 0 1290
19850 0 1290
19860 0 1290
19870 0 1290
19880 0 1290
19890 0 1290
19900 0 1290
19910 0 1290
19920 0 1290
19930 0 1290
19940 0 1290
19950 0 1290
19960 0 1290
19970 0 1290
19980 0 1290
19990 0 1290
20000 0 1290
20010 0 1290
20020 0 1290
20030 0 1290
20040 0 1290
20050 0 1290
20060 0 1290
20070 0 1290
20080 0 1290
20090 0 1290
20100 0 1290
20110 0 1290
20120 0.8 1298
20130 0 1298
20140 0.4 1302
20150 0 1302
20160 0.3 1305
20170 0 1305
20180 0 1305
20190 0 1305
20200 0 1305
20210 0 1305
20220 0 1305
20230 0 1305
20240 0 1305
20250 0 1305
20260 0 1305
20270 0 1305
20280 0 1305
20290 0.2 1307
20300 0 1307
20310 0 1307
20320 0 1307
20330 0.1 1308
20340 0 1308
20350 0 1308
20360 0 1308
20370 0 1308
20380 0 1308
20390 0 1308
20400 0.5 1313
20410 0 1313
20420 0 1313
20430 0 1313
20440 0 1313
20450 0 1313
20460 0 1313
20470 0 1313
20480 0 1313
20490 0 1313
20500 0 1313
20510 0 1313
20520 0 1313
20530 0 1313
20540 0 1313
20550 0 1313
20560 0.9 1322
20570 0 1322
20580 0 1322
20590 0 1322
20600 0.2 1324
20610 0 1324
20620 0 1324
20630 0 1324
20640 0 1324
20650 0 1324
20660 0.6 1330
20670 0.3 1333
20680 0 1333
20690 0 1333
20700 0 1333
20710 0.3 1336
20720 0.6 1342
20730 0 1342
20740 0 1342
20750 0 1342
20760 0 1342
20770 0 1342
20780 0 1342
20790 0 1342
20800 0 1342
20810 0 1342
20820 0 1342
20830 0 1342
20840 0 1342
20850 0 1342
20860 0 1342
20870 0 1342
20880 0 1342
20890 0.2 1344
20900 0 1344
20910 0 1344
20920 0 1344
20930 0 1344
20940 0.3 1347
20950 0 1347
20960 0 1347
20970 0.7 1354
20980 0 1354
20990 0 1354
21000 0 1354
21010 1.1 1365
21020 0.3 1368
21030 0 1368
21040 0 1368
21050 0 1368
21060 0 1368
21070 0 1368
21080 0 1368
21090 0 1368
21100 0.1 1369
21110 0 1369
21120 0 1369
21130 0 1369
21140 0 1369
21150 0 1369
21160 0 1369
21170 0 1369
21180 0 1369
21190 0 1369
21200 0.3 1372
21210 0 1372
21220 0 1372
21230 0.2 1374
21240 0.3 1377
21250 1 1387
21260 0.4 1391
21270 0 1391
21280 0 1391
21290 0 1391
21300 0 1391
21310 0 1391
21320 0 1391
21330 0 1391
21340 0 1391
21350 0 1391
21360 0 1391
21370 0 1391
21380 0 1391
21390 0 1391
21400 0 1391
21410 0 1391
21420 0 1391
21430 0 1391
21440 0 1391
21450 0 1391
21460 0 1391
21470 0 1391
21480 0 1391
21490 0 1391
21500 0 1391
21510 0 1391
21520 0 1391
21530 0 1391
21540 0 1391
21550 0 1391
21560 0 1391
21570 0 1391
21580 0 1391
21590 0 1391
21600 0 1391
21610 0.3 1394
21620 0.7 1401
21630 0 1401
21640 0 1401
21650 0 1401
21660 0.3 1404
21670 0 1404
21680 0 1404
21690 0 1404
21700 0 1404
21710 0 1404
21720 0 1404
21730 1.4 1418
21740 0 1418
21750 0 1418
21760 0 1418
21770 0 1418
21780 0 1418
21790 0 1418
21800 0 1418
21810 0 1418
21820 0 1418
21830 0.1 1419
21840 0 1419
21850 0 1419
21860 0 1419
21870 0 1419
21880 0 1419
21890 0 1419
21900 0 1419
21910 0 1419
21920 0.4 1423
21930 0 1423
21940 0 1423
21950 0 1423
21960 0 1423
21970 0 1423
21980 0 1423
21990 0 1423
22000 0 1423
22010 0 1423
22020 0 1423
22030 0 1423
22040 0 1423
22050 0 1423
22060 0 1423
22070 0 1423
22080 0 1423
22090 0 1423
22100 0 1423
22110 0 1423
22120 0 1423
22130 1 1433
22140 0 1433
22150 0 1433
22160 0 1433
22170 0.2 1435
22180 0 1435
22190 0 1435
22200 0 1435
22210 0 1435
22220 0.2 1437
22230 0.2 1439
22240 0 1439
22250 0 1439
22260 0 1439
22270 0 1439
22280 0.3 1442
22290 0 1442
22300 0 1442
22310 0.6 1448
22320 0.2 1450
22330 0 1450
22340 0 1450
22350 0 1450
22360 0.3 1453
22370 0.1 1454
22380 0.1 1455
22390 0 1455
22400 0 1455
22410 0 1455
22420 0 1455
22430 0 1455
22440 0 1455
22450 0 1455
22460 0.2 1457
22470 0 1457
22480 0 1457
22490 0 1457
22500 1.8 1475
22510 0 1475
22520 0 1475
22530 0 1475
22540 0 1475
22550 0 1475
22560 0 1475
22570 0 1475
22580 0 1475
22590 0 1475
22600 0 1475
22610 0 1475
22620 0 1475
22630 0 1475
22640 0 1475
22650 0 1475
22660 0 1475
22670 0 1475
22680 0 1475
22690 0 1475
22700 0 1475
22710 0 1475
22720 0 1475
22730 0 1475
22740 0 1475
22750 0 1475
22760 0 1475
22770 0 1475
22780 0 1475
22790 0 1475
22800 0 1475
22810 0 1475
22820 0 1475
22830 0 1475
22840 0 1475
22850 0 1475
22860 0.3 1478
22870 0 1478
22880 0 1478
22890 0 1478
22900 0 1478
22910 0 1478
22920 0 1478
22930 0 1478
22940 0.3 1481
22950 0 1481
22960 0.2 1483
22970 0 1483
22980 0 1483
22990 0.1 1484
23000 0.4 1488
23010 0 1488
23020 0 1488
23030 0 1488
23040 0 1488
23050 0 1488
23060 0 1488
23070 0 1488
23080 0 1488
23090 0 1488
23100 0 1488
23110 0 1488
23120 0 1488
23130 0 1488
23140 0 1488
23150 0 1488
23160 0 1488
23170 0 1488
23180 0.7 1495
23190 0.4 1499
23200 0 1499
23210 0 1499
23220 0 1499
23230 0 1499
23240 0 1499
23250 0 1499
23260 0 1499
23270 0 1499
23280 0.9 1508
23290 0.2 1510
23300 0 1510
23310 0 1510
23320 0 1510
23330 0.6 1516
23340 0 1516
23350 0 1516
23360 0 1516
23370 0 1516
23380 0 1516
23390 0 1516
23400 0 1516
23410 0 1516
23420 0 1516
23430 0 1516
23440 0 1516
23450 0 1516
23460 0 1516
23470 0 1516
23480 0 1516
23490 0 1516
23500 0 1516
23510 0 1516
23520 0 1516
23530 0 1516
23540 0 1516
23550 0 1516
23560 0 1516
23570 0 1516
23580 0 1516
23590 0 1516
23600 0 1516
23610 0 1516
23620 0 1516
23630 0 1516
23640 0 1516
23650 0 1516
23660 0 1516
23670 0 1516
23680 0 1516
23690 0 1516
23700 0 1516
23710 0 1516
23720 0 1516
23730 0 1516
23740 0 1516
23750 0 1516
23760 0 1516
23770 0 1516
23780 0.2 1518
23790 0.1 1519
23800 0.1 1520
23810 0 1520
23820 0 1520
23830 0 1520
23840 0 1520
23850 0.7 1527
23860 0 1527
23870 0 1527
23880 0 1527
23890 0 1527
23900 0 1527
23910 0.7 1534
23920 0 1534
23930 0 1534
23940 0 1534
23950 0 1534
23960 0 1534
23970 0 1534
23980 0 1534
23990 0 1534
24000 0 1534
24010 0 1534
24020 0 1534
24030 0.1 1535
24040 0 1535
24050 0 1535
24060 0.6 1541
24070 1.1 1552
24080 0.2 1554
24090 0 1554
24100 0 1554
24110 0.3 1557
24120 0.7 1564
24130 1.1 1575
24140 0 1575
24150 0 1575
24160 0 1575
24170 0 1575
24180 1 1585
24190 0 1585
24200 0 1585
24210 0 1585
24220 0 1585
24230 0 1585
24240 0 1585
24250 0 1585
24260 0 1585
24270 0 1585
24280 0.3 1588
24290 0 1588
24300 0.2 1590
24310 0 1590
24320 0 1590
24330 0.2 1592
24340 0 1592
24350 0 1592
24360 0 1592
24370 0 1592
24380 0 1592
24390 0 1592
24400 0 1592
24410 0 1592
24420 0 1592
24430 0 1592
24440 0.4 1596
24450 0 1596
24460 0 1596
24470 0 1596
24480 0.4 1600
24490 1.6 1616
24500 0 1616
24510 0 1616
24520 0 1616
24530 0 1616
24540 0.7 1623
24550 0.4 1627
24560 0 1627
24570 0 1627
24580 0 1627
24590 0 1627
24600 0 1627
24610 0 1627
24620 0 1627
24630 0.4 1631
24640 0.8 1639
24650 0 1639
24660 0 1639
24670 0 1639
24680 0 1639
24690 0 1639
24700 0 1639
24710 0 1639
24720 0 1639
24730 0 1639
24740 0 1639
24750 0 1639
24760 0 1639
24770 0 1639
24780 0 1639
24790 0 1639
24800 0 1639
24810 0 1639
24820 0 1639
24830 0 1639
24840 0 1639
24850 0 1639
24860 0 1639
24870 0 1639
24880 0 1639
24890 0 1639
24900 0 1639
24910 0 1639
24920 0 1639
24930 0.5 1644
24940 0.7 1651
24950 0 1651
24960 0 1651
24970 0 1651
24980 0 1651
24990 0.4 1655
25000 0 1655
25010 0 1655
25020 0 1655
25030 0.4 1659
25040 1.7 1676
25050 0 1676
25060 0 1676
25070 0.2 1678
25080 0 1678
25090 0 1678
25100 0 1678
25110 0 1678
25120 0 1678
25130 0 1678
25140 0 1678
25150 0 1678
25160 0 1678
25170 0.8 1686
25180 0 1686
25190 0 1686
25200 0 1686
25210 0 1686
25220 0 1686
25230 0 1686
25240 0 1686
25250 1.1 1697
25260 0.7 1704
25270 0.2 1706
25280 0 1706
25290 0 1706
25300 0 1706
25310 0 1706
25320 0 1706
25330 0.8 1714
25340 0 1714
25350 0 1714
25360 0 1714
25370 0 1714
25380 0 1714
25390 0 1714
25400 0 1714
25410 0 1714
25420 0 1714
25430 0 1714
25440 0 1714
25450 0 1714
25460 0 1714
25470 0 1714
25480 0 1714
25490 0 1714
25500 0 1714
25510 0.4 1718
25520 0.6 1724
25530 0.4 1728
25540 0 1728
25550 0 1728
25560 0 1728
25570 0 1728
25580 0 1728
25590 0.2 1730
25600 0.6 1736
25610 0 1736
25620 0.2 1738
25630 0.6 1744
25640 0 1744
25650 0.9 1753
25660 0.5 1758
25670 0 1758
25680 0 1758
25690 0.5 1763
25700 0 1763
25710 0 1763
25720 0 1763
25730 0 1763
25740 0 1763
25750 0 1763
25760 0 1763
25770 0.4 1767
25780 0.9 1776
25790 0.1 1777
25800 0 1777
25810 0 1777
25820 0 1777
25830 0 1777
25840 0 1777
25850 0.6 1783
25860 0.7 1790
25870 0.3 1793
25880 0 1793
25890 0 1793
25900 0 1793
25910 0 1793
25920 0 1793
25930 0.4 1797
25940 0 1797
25950 0 1797
25960 0 1797
25970 0 1797
25980 0 1797
25990 0 1797
26000 0 1797
26010 0 1797
26020 0 1797
26030 0 1797
26040 0 1797
26050 0.1 1798
26060 0.1 1799
26070 0 1799
26080 0.2 1801
26090 0 1801
26100 0 1801
26110 0 1801
26120 0.2 1803
26130 0 1803
26140 0 1803
26150 0 1803
26160 0 1803
26170 0.1 1804
26180 0 1804
26190 0 1804
26200 0 1804
26210 0 1804
26220 0 1804
26230 0 1804
26240 0 1804
26250 0 1804
26260 0 1804
26270 0 1804
26280 0 1804
26290 0 1804
26300 0 1804
26310 0.8 1812
26320 0 1812
26330 0 1812
26340 0 1812
26350 0.6 1818
26360 0 1818
26370 0.4 1822
26380 0 1822
26390 0 1822
26400 0 1822
26410 0 1822
26420 0 1822
26430 0 1822
26440 0 1822
26450 0 1822
26460 0 1822
26470 0 1822
26480 0 1822
26490 0.5 1827
26500 0 1827
26510 0 1827
26520 0 1827
26530 0 1827
26540 0 1827
26550 0 1827
26560 0 1827
26570 0 1827
26580 0 1827
26590 0 1827
26600 0 1827
26610 0 1827
26620 0 1827
26630 0.3 1830
26640 0 1830
26650 0 1830
26660 0 1830
26670 0 1830
26680 0 1830
26690 0 1830
26700 0 1830
26710 0 1830
26720 0 1830
26730 0 1830
26740 0 1830
26750 0 1830
26760 0 1830
26770 0 1830
26780 0 1830
26790 0 1830
26800 0 1830
26810 0 1830
26820 0 1830
26830 0 1830
26840 0 1830
26850 0.1 1831
26860 0.4 1835
26870 0 1835
26880 0.6 1841
26890 0.7 1848
26900 0 1848
26910 0 1848
26920 0 1848
26930 0 1848
26940 0 1848
26950 0 1848
26960 0 1848
26970 0 1848
26980 0 1848
26990 0 1848
27000 0 1848
27010 0 1848
27020 0 1848
27030 0 1848
27040 0 1848
27050 0 1848
27060 0 1848
27070 0 1848
27080 0.1 1849
27090 0 1849
27100 0 1849
27110 0 1849
27120 0 1849
27130 0 1849
27140 1.2 1861
27150 0 1861
27160 0 1861
27170 0 1861
27180 0 1861
27190 0 1861
27200 0 1861
27210 0 1861
27220 0 1861
27230 0 1861
27240 0 1861
27250 0 1861
27260 0 1861
27270 0 1861
27280 0 1861
27290 1.1 1872
27300 0.1 1873
27310 0.2 1875
27320 0 1875
27330 0.6 1881
27340 0 1881
27350 0 1881
27360 0 1881
27370 0.2 1883
27380 0 1883
27390 0 1883
27400 0.4 1887
27410 0 1887
27420 0 1887
27430 0 1887
27440 0.6 1893
27450 0 1893
27460 0 1893
27470 0.1 1894
27480 0 1894
27490 0 1894
27500 0 1894
27510 0 1894
27520 0.4 1898
27530 0 1898
27540 0 1898
27550 0 1898
27560 0.2 1900
27570 0 1900
27580 0 1900
27590 0 1900
27600 0 1900
27610 0 1900
27620 0 1900
27630 0 1900
27640 0 1900
27650 0 1900
27660 0 1900
27670 0 1900
27680 1.1 1911
27690 0 1911
27700 0 1911
27710 0.5 1916
27720 0 1916
27730 0 1916
27740 0 1916
27750 0 1916
27760 0 1916
27770 0 1916
27780 0.5 1921
27790 1.1 1932
27800 1.2 1944
27810 0 1944
27820 0 1944
27830 0 1944
27840 0 1944
27850 0 1944
27860 0 1944
27870 0 1944
27880 0.1 1945
27890 0 1945
27900 0 1945
27910 0 1945
27920 0 1945
27930 0.6 1951
27940 0 1951
27950 0 1951
27960 0 1951
27970 0 1951
27980 0 1951
27990 0 1951
28000 0 1951
28010 0 1951
28020 0 1951
28030 1 1961
28040 1.4 1975
28050 0 1975
28060 0 1975
28070 0 1975
28080 0 1975
28090 0.8 1983
28100 0 1983
28110 0 1983
28120 0 1983
28130 0.9 1992
28140 0 1992
28150 0 1992
28160 0 1992
28170 0 1992
28180 0 1992
28190 0 1992
28200 0 1992
28210 0 1992
28220 0 1992
28230 0 1992
28240 0 1992
28250 0 1992
28260 0 1992
28270 0 1992
28280 0 1992
28290 0 1992
28300 0 1992
28310 0 1992
28320 0 1992
28330 0.1 1993
28340 0 1993
28350 0 1993
28360 0 1993
28370 0 1993
28380 0 1993
28390 1 2003
28400 0 2003
28410 0 2003
28420 0 2003
28430 0.9 2012
28440 0 2012
28450 0 2012
28460 0 2012
28470 0 2012
28480 0.3 2015
28490 0 2015
28500 0 2015
28510 0 2015
28520 0 2015
28530 0 2015
28540 0 2015
28550 0 2015
28560 1.2 2027
28570 0.1 2028
28580 0 2028
28590 0 2028
28600 0 2028
28610 0 2028
28620 0 2028
28630 0 2028
28640 0.2 2030
28650 0.2 2032
28660 0 2032
28670 0 2032
28680 0.2 2034
28690 0.5 2039
28700 0.7 2046
28710 0 2046
28720 0 2046
28730 0 2046
28740 0 2046
28750 0 2046
28760 0 2046
28770 0 2046
28780 0 2046
28790 0 2046
28800 0 2046
28810 0.1 2047
28820 0 2047
28830 0 2047
28840 0 2047
28850 0 2047
28860 0 2047
28870 0 2047
28880 0 2047
28890 0 2047
28900 0 2047
28910 0 2047
28920 0 2047
28930 0 2047
28940 0 2047
28950 0 2047
28960 0 2047
28970 0 2047
28980 0 2047
28990 0 2047
29000 0.7 2054
29010 0 2054
29020 0 2054
29030 0 2054
29040 0.2 2056
29050 0.1 2057
29060 0.1 2058
29070 0 2058
29080 0 2058
29090 0.4 2062
29100 1 2072
29110 0 2072
29120 0 2072
29130 0.6 2078
29140 0 2078
29150 0.2 2080
29160 0 2080
29170 0 2080
29180 0 2080
29190 0 2080
29200 0 2080
29210 0 2080
29220 0 2080
29230 0 2080
29240 0 2080
29250 0.2 2082
29260 0 2082
29270 0 2082
29280 0 2082
29290 1.3 2095
29300 0 2095
29310 0 2095
29320 0 2095
29330 0 2095
29340 0 2095
29350 0.2 2097
29360 0 2097
29370 0 2097
29380 0 2097
29390 0 2097
29400 0 2097
29410 0 2097
29420 0 2097
29430 1.1 2108
29440 1 2118
29450 0 2118
29460 0 2118
29470 0 2118
29480 0 2118
29490 0.1 2119
29500 0 2119
29510 0 2119
29520 0 2119
29530 0 2119
29540 0 2119
29550 0 2119
29560 0 2119
29570 0 2119
29580 0 2119
29590 0 2119
29600 0 2119
29610 0 2119
29620 0 2119
29630 0 2119
29640 0 2119
29650 0 2119
29660 0 2119
29670 0 2119
29680 0.1 2120
29690 0 2120
29700 0 2120
29710 0 2120
29720 0 2120
29730 0 2120
29740 0 2120
29750 0.5 2125
29760 0.7 2132
29770 0 2132
29780 0 2132
29790 0 2132
29800 0 2132
29810 0 2132
29820 0 2132
29830 0 2132
29840 0.9 2141
29850 0 2141
29860 0 2141
29870 0.5 2146
29880 0 2146
29890 0.9 2155
29900 0 2155
29910 0 2155
29920 0 2155
29930 0 2155
29940 0 2155
29950 0 2155
29960 0.4 2159
29970 0 2159
29980 0 2159
29990 0.1 2160
30000 0.5 2165
30010 0.8 2173
30020 0 2173
30030 0 2173
30040 0 2173
30050 0 2173
30060 0 2173
30070 0 2173
30080 0 2173
30090 0.9 2182
30100 0.2 2184
30110 0 2184
30120 0 2184
30130 0 2184
30140 0 2184
30150 0 2184
30160 0 2184
30170 0 2184
30180 0 2184
30190 0 2184
30200 0 2184
30210 0 2184
30220 0 2184
30230 0 2184
30240 0 2184
30250 0 2184
30260 0 2184
30270 0 2184
30280 0 2184
30290 0.5 2189
30300 0.1 2190
30310 0 2190
30320 0.3 2193
30330 0 2193
30340 0.3 2196
30350 0 2196
30360 0 2196
30370 0 2196
30380 0.4 2200
30390 0.4 2204
30400 0 2204
30410 0.1 2205
30420 0 2205
30430 0 2205
30440 0 2205
30450 0 2205
30460 0.1 2206
30470 0 2206
30480 0 2206
30490 0 2206
30500 0.2 2208
30510 0 2208
30520 0.2 2210
30530 0.8 2218
30540 0 2218
30550 0 2218
30560 0 2218
30570 0.8 2226
30580 0.7 2233
30590 0 2233
30600 0 2233
30610 0 2233
30620 0 2233
30630 0 2233
30640 0.8 2241
30650 0 2241
30660 0.4 2245
30670 0.7 2252
30680 0.3 2255
30690 0 2255
30700 0 2255
30710 0 2255
30720 0 2255
30730 0 2255
30740 0 2255
30750 0 2255
30760 0 2255
30770 0 2255
30780 0 2255
30790 0 2255
30800 0 2255
30810 0 2255
30820 0 2255
30830 0 2255
30840 0 2255
30850 0 2255
30860 0 2255
30870 0 2255
30880 0 2255
30890 0 2255
30900 0 2255
30910 0 2255
30920 0 2255
30930 0 2255
30940 0 2255
30950 1.4 2269
30960 0 2269
30970 0.8 2277
30980 0 2277
30990 0 2277
31000 0 2277
31010 1.1 2288
31020 0 2288
31030 0 2288
31040 0 2288
31050 0 2288
31060 0 2288
31070 0 2288
31080 0 2288
31090 0 2288
31100 1 2298
31110 0 2298
31120 0 2298
31130 0 2298
31140 0 2298
31150 0.9 2307
31160 0 2307
31170 0 2307
31180 0 2307
31190 0 2307
31200 0 2307
31210 0 2307
31220 0 2307
31230 0 2307
31240 0 2307
31250 0 2307
31260 0 2307
31270 0 2307
31280 0 2307
31290 0.4 2311
31300 0 2311
31310 0 2311
31320 0 2311
31330 0 2311
31340 0 2311
31350 0 2311
31360 0 2311
31370 0 2311
31380 0 2311
31390 0.6 2317
31400 0.3 2320
31410 0 2320
31420 0 2320
31430 0 2320
31440 0 2320
31450 0 2320
31460 0 2320
31470 0 2320
31480 0 2320
31490 0 2320
31500 0 2320
31510 0 2320
31520 0.2 2322
31530 0.1 2323
31540 0.8 2331
31550 0.3 2334
31560 0 2334
31570 0 2334
31580 0 2334
31590 0 2334
31600 0.8 2342
31610 0 2342
31620 0 2342
31630 0 2342
31640 0 2342
31650 0.4 2346
31660 0.2 2348
31670 0 2348
31680 0 2348
31690 0 2348
31700 0 2348
31710 0 2348
31720 0 2348
31730 0 2348
31740 0 2348
31750 0 2348
31760 0 2348
31770 0 2348
31780 0 2348
31790 0.1 2349
31800 0 2349
31810 0 2349
31820 0 2349
31830 0 2349
31840 0 2349
31850 0.4 2353
31860 0 2353
31870 0 2353
31880 0 2353
31890 0 2353
31900 0 2353
31910 0 2353
31920 0 2353
31930 1 2363
31940 0 2363
31950 0.1 2364
31960 0 2364
31970 0 2364
31980 0.1 2365
31990 1.3 2378
32000 0 2378
32010 0 2378
32020 0 2378
32030 0 2378
32040 0 2378
32050 0 2378
32060 0 2378
32070 0 2378
32080 0 2378
32090 0 2378
32100 0.3 2381
32110 0 2381
32120 0.4 2385
32130 0 2385
32140 0.8 2393
32150 0.2 2395
32160 0 2395
32170 0 2395
32180 1.1 2406
32190 0.5 2411
32200 0 2411
32210 0 2411
32220 0 2411
32230 0 2411
32240 0 2411
32250 0 2411
32260 0 2411
32270 0 2411
32280 0 2411
32290 0 2411
32300 0 2411
32310 0 2411
32320 0 2411
32330 0.1 2412
32340 0 2412
32350 0 2412
32360 0 2412
32370 0 2412
32380 0.1 2413
32390 0.3 2416
32400 0.3 2419
32410 0 2419
32420 0 2419
32430 0.5 2424
32440 0 2424
32450 0 2424
32460 0 2424
32470 0.3 2427
32480 1.6 2443
32490 0 2443
32500 0 2443
32510 0 2443
32520 0 2443
32530 0 2443
32540 0 2443
32550 0 2443
32560 0 2443
32570 0 2443
32580 0 2443
32590 0 2443
32600 0 2443
32610 0 2443
32620 0 2443
32630 0 2443
32640 0 2443
32650 0 2443
32660 0 2443
32670 0 2443
32680 0.7 2450
32690 0 2450
32700 0 2450
32710 0 2450
32720 0.1 2451
32730 0.2 2453
32740 0.4 2457
32750 0 2457
32760 0 2457
32770 0 2457
32780 0 2457
32790 0 2457
32800 0 2457
32810 0 2457
32820 0 2457
32830 0 2457
32840 0 2457
32850 0 2457
32860 0 2457
32870 0 2457
32880 0 2457
32890 0 2457
32900 0.8 2465
32910 0 2465
32920 0 2465
32930 0 2465
32940 0 2465
32950 0 2465
32960 0 2465
32970 0 2465
32980 0 2465
32990 0 2465
33000 0 2465
33010 0 2465
33020 0.8 2473
33030 0.4 2477
33040 0 2477
33050 0 2477
33060 0 2477
33070 0 2477
33080 0 2477
33090 0 2477
33100 0 2477
33110 0 2477
33120 0 2477
33130 0 2477
33140 0 2477
33150 0.2 2479
33160 0 2479
33170 0 2479
33180 0 2479
33190 0 2479
33200 0 2479
33210 0 2479
33220 0 2479
33230 0 2479
33240 0 2479
33250 0 2479
33260 0.4 2483
33270 0 2483
33280 0 2483
33290 1.4 2497
33300 0 2497
33310 0 2497
33320 0 2497
33330 0 2497
33340 0 2497
33350 0 2497
33360 0 2497
33370 0 2497
33380 0 2497
33390 0 2497
33400 0 2497
33410 0 2497
33420 0 2497
33430 0 2497
33440 0 2497
33450 0 2497
33460 0 2497
33470 0 2497
33480 0 2497
33490 0.7 2504
33500 0 2504
33510 0 2504
33520 0.4 2508
33530 0.7 2515
33540 0 2515
33550 0 2515
33560 0 2515
33570 0 2515
33580 0 2515
33590 0 2515
33600 0 2515
33610 0 2515
33620 0.1 2516
33630 0 2516
33640 0 2516
33650 0.3 2519
33660 0 2519
33670 0 2519
33680 0 2519
33690 0 2519
33700 0 2519
33710 0 2519
33720 0.1 2520
33730 0.6 2526
33740 0.3 2529
33750 0 2529
33760 0 2529
33770 0 2529
33780 0 2529
33790 1.9 2548
33800 0 2548
33810 0 2548
33820 0 2548
33830 0 2548
33840 0 2548
33850 0 2548
33860 0 2548
33870 0 2548
33880 0 2548
33890 0 2548
33900 0 2548
33910 0 2548
33920 0 2548
33930 0 2548
33940 0 2548
33950 0 2548
33960 0 2548
33970 0 2548
33980 0 2548
33990 0 2548
34000 0 2548
34010 0 2548
34020 0 2548
34030 0 2548
34040 0 2548
34050 0 2548
34060 0 2548
34070 0 2548
34080 0 2548
34090 0 2548
34100 0 2548
34110 0 2548
34120 0.2 2550
34130 0 2550
34140 0 2550
34150 0 2550
34160 0 2550
34170 0 2550
34180 0 2550
34190 0 2550
34200 0.1 2551
34210 0.7 2558
34220 0 2558
34230 0 2558
34240 0 2558
34250 0 2558
34260 0 2558
34270 0 2558
34280 0 2558
34290 0 2558
34300 0 2558
34310 0 2558
34320 0 2558
34330 0.1 2559
34340 1.3 2572
34350 0 2572
34360 0.3 2575
34370 0.1 2576
34380 0.4 2580
34390 0 2580
34400 0.5 2585
34410 0 2585
34420 0 2585
34430 0.3 2588
34440 0 2588
34450 0 2588
34460 0 2588
34470 0 2588
34480 0 2588
34490 0 2588
34500 0 2588
34510 0 2588
34520 0 2588
34530 0 2588
34540 0 2588
34550 0.3 2591
34560 0 2591
34570 0 2591
34580 0 2591
34590 0 2591
34600 0 2591
34610 0 2591
34620 0 2591
34630 0 2591
34640 0 2591
34650 0 2591
34660 0 2591
34670 0 2591
34680 0 2591
34690 0 2591
34700 0 2591
34710 0 2591
34720 0 2591
34730 0 2591
34740 0 2591
34750 0 2591
34760 0 2591
34770 0 2591
34780 0 2591
34790 0.3 2594
34800 0.4 2598
34810 0.3 2601
34820 0 2601
34830 0 2601
34840 0 2601
34850 0 2601
34860 0 2601
34870 0 2601
34880 0 2601
34890 0 2601
34900 0.2 2603
34910 0 2603
34920 0.6 2609
34930 0 2609
34940 0.1 2610
34950 0.3 2613
34960 0 2613
34970 0 2613
34980 0 2613
34990 0 2613
35000 0 2613
35010 0 2613
35020 0 2613
35030 0.3 2616
35040 0 2616
35050 0 2616
35060 0 2616
35070 0 2616
35080 0 2616
35090 0 2616
35100 0 2616
35110 0 2616
35120 0 2616
35130 0 2616
35140 0 2616
35150 0 2616
35160 0 2616
35170 0 2616
35180 0 2616
35190 0 2616
35200 0 2616
35210 0 2616
35220 0 2616
35230 0.2 2618
35240 0 2618
35250 0.2 2620
35260 0 2620
35270 0 2620
35280 0 2620
35290 0 2620
35300 0 2620
35310 0 2620
35320 0.8 2628
35330 0.3 2631
35340 0 2631
35350 0 2631
35360 0 2631
35370 0 2631
35380 0 2631
35390 0 2631
35400 0 2631
35410 0 2631
35420 0 2631
35430 0 2631
35440 0 2631
35450 0 2631
35460 0 2631
35470 0 2631
35480 0 2631
35490 0 2631
35500 0 2631
35510 0 2631
35520 0 2631
35530 0 2631
35540 0 2631
35550 0 2631
35560 0 2631
35570 0 2631
35580 0 2631
35590 0 2631
35600 0 2631
35610 0 2631
35620 0 2631
35630 0 2631
35640 0 2631
35650 0 2631
35660 0 2631
35670 0 2631
35680 0 2631
35690 0 2631
35700 0 2631
35710 0 2631
35720 0 2631
35730 0 2631
35740 0 2631
35750 0 2631
35760 0 2631
35770 0 2631
35780 0 2631
35790 0 2631
35800 0.6 2637
35810 0 2637
35820 0 2637
35830 0 2637
35840 0.4 2641
35850 0.4 2645
35860 0 2645
35870 0 2645
35880 0 2645
35890 0.3 2648
35900 0 2648
35910 0 2648
35920 0 2648
35930 0 2648
35940 0.4 2652
35950 0 2652
35960 0 2652
35970 0 2652
35980 0 2652
35990 0 2652
36000 0 2652
36010 0 2652
36020 0 2652
36030 0 2652
36040 0 2652
36050 0.6 2658
36060 0.4 2662
36070 1.1 2673
36080 0.3 2676
36090 1.3 2689
36100 2.3 2712
36110 1.9 2731
36120 0 2731
36130 0 2731
36140 2.4 2755
36150 0 2755
36160 0 2755
36170 0.6 2761
36180 0 2761
36190 0.9 2770
36200 0.6 2776
36210 0 2776
36220 0 2776
36230 0.1 2777
36240 1.1 2788
36250 0.1 2789
36260 0.7 2796
36270 0.9 2805
36280 0 2805
36290 0.5 2810
36300 0.6 2816
36310 0.9 2825
36320 2 2845
36330 0 2845
36340 0 2845
36350 0.6 2851
36360 0 2851
36370 0.3 2854
36380 2.1 2875
36390 1.4 2889
36400 0.6 2895
36410 0.1 2896
36420 0 2896
36430 0.2 2898
36440 0 2898
36450 1.3 2911
36460 0 2911
36470 0 2911
36480 0 2911
36490 0.4 2915
36500 0.7 2922
36510 0.6 2928
36520 1.3 2941
36530 0 2941
36540 0 2941
36550 0 2941
36560 0 2941
36570 0 2941
36580 0.5 2946
36590 1.8 2964
36600 0.5 2969
36610 0 2969
36620 2.1 2990
36630 0.1 2991
36640 1.6 3007
36650 2.6 3033
36660 1.6 3049
36670 0 3049
36680 0.8 3057
36690 0.9 3066
36700 0.1 3067
36710 1.5 3082
36720 0.4 3086
36730 0.2 3088
36740 1.3 3101
36750 1.9 3120
36760 1.7 3137
36770 1 3147
36780 1.1 3158
36790 0.5 3163
36800 1.7 3180
36810 1.5 3195
36820 0.6 3201
36830 2.7 3228
36840 0.7 3235
36850 1.7 3252
36860 1.3 3265
36870 1.1 3276
36880 1.8 3294
36890 2.2 3316
36900 1.2 3328
36910 1 3338
36920 0.8 3346
36930 0 3346
36940 1.4 3360
36950 3.2 3392
36960 0.2 3394
36970 0 3394
36980 0.4 3398
36990 0.5 3403
37000 0.4 3407
37010 2 3427
37020 2.2 3449
37030 0 3449
37040 0 3449
37050 2.5 3474
37060 0.5 3479
37070 0.4 3483
37080 2 3503
37090 0.5 3508
37100 1.4 3522
37110 0.1 3523
37120 1.5 3538
37130 1.4 3552
37140 0 3552
37150 0.2 3554
37160 1.1 3565
37170 1.4 3579
37180 0.3 3582
37190 0.3 3585
37200 2.1 3606
37210 1.7 3623
37220 2.6 3649
37230 1.9 3668
37240 3.2 3700
37250 1.1 3711
37260 2.3 3734
37270 0.9 3743
37280 1.5 3758
37290 1.2 3770
37300 1 3780
37310 3.3 3813
37320 0.9 3822
37330 2.7 3849
37340 3.2 3881
37350 0 3881
37360 2.2 3903
37370 1.3 3916
37380 0.6 3922
37390 1.8 3940
37400 0.9 3949
37410 1.9 3968
37420 0.9 3977
37430 2.9 4006
37440 3.2 4038
37450 0.7 4045
37460 5.2 4097
37470 0 4097
37480 0.6 4103
37490 1.1 4114
37500 2 4134
37510 2 4154
37520 2.8 4182
37530 0.5 4187
37540 1.3 4200
37550 1.2 4212
37560 0.2 4214
37570 2.6 4240
37580 2.2 4262
37590 1.4 4276
37600 0 4276
37610 1.7 4293
37620 2.2 4315
37630 2.9 4344
37640 2.4 4368
37650 1.8 4386
37660 0 4386
37670 2.3 4409
37680 0.5 4414
37690 0.3 4417
37700 2.8 4445
37710 0.9 4454
37720 0 4454
37730 0 4454
37740 1.2 4466
37750 2.6 4492
37760 2.2 4514
37770 1.5 4529
37780 1 4539
37790 0 4539
37800 0 4539
37810 1.8 4557
37820 0.5 4562
37830 0.5 4567
37840 3.7 4604
37850 2.4 4628
37860 2.2 4650
37870 3.2 4682
37880 4.5 4727
37890 3.3 4760
37900 0 4760
37910 4.9 4809
37920 0.8 4817
37930 2.1 4838
37940 4.7 4885
37950 0.8 4893
37960 0 4893
37970 2.3 4916
37980 1.2 4928
37990 5.1 4979
38000 0.9 4988
38010 1.6 5004
38020 2.6 5030
38030 1.3 5043
38040 5.6 5099
38050 2.2 5121
38060 1.7 5138
38070 2.2 5160
38080 0.9 5169
38090 2.5 5194
38100 2.6 5220
38110 3.7 5257
38120 1.6 5273
38130 1.6 5289
38140 3 5319
38150 0.8 5327
38160 3.1 5358
38170 3.8 5396
38180 2.2 5418
38190 0.1 5419
38200 1.1 5430
38210 4.9 5479
38220 0.2 5481
38230 4.2 5523
38240 2 5543
38250 0.8 5551
38260 0 5551
38270 4.6 5597
38280 0.3 5600
38290 2.8 5628
38300 1.1 5639
38310 1.7 5656
38320 2.1 5677
38330 1.4 5691
38340 0.5 5696
38350 3 5726
38360 3.9 5765
38370 1.9 5784
38380 0.9 5793
38390 2 5813
38400 0.6 5819
38410 2.6 5845
38420 0.9 5854
38430 2 5874
38440 3.8 5912
38450 4.8 5960
38460 2.1 5981
38470 2.8 6009
38480 1.4 6023
38490 2.3 6046
38500 4.3 6089
38510 3.4 6123
38520 3.8 6161
38530 2.8 6189
38540 1.6 6205
38550 3.7 6242
38560 4.5 6287
38570 2.6 6313
38580 3.2 6345
38590 1.2 6357
38600 2.7 6384
38610 2.3 6407
38620 2.6 6433
38630 3.2 6465
38640 2.7 6492
38650 1.8 6510
38660 3 6540
38670 2.2 6562
38680 3.9 6601
38690 0.9 6610
38700 4 6650
38710 0.6 6656
38720 2.5 6681
38730 4.3 6724
38740 0.9 6733
38750 3.1 6764
38760 3.9 6803
38770 1.8 6821
38780 5.1 6872
38790 2.7 6899
38800 2.3 6922
38810 2.6 6948
38820 4.5 6993
38830 1.6 7009
38840 3 7039
38850 2.3 7062
38860 1.5 7077
38870 6.5 7142
38880 1.7 7159
38890 0.6 7165
38900 4.5 7210
38910 3.8 7248
38920 2.1 7269
38930 3.4 7303
38940 3.6 7339
38950 3.3 7372
38960 2.8 7400
38970 3.6 7436
38980 1.7 7453
38990 1.7 7470
39000 5.1 7521
39010 1.4 7535
39020 4.2 7577
39030 1.9 7596
39040 4.9 7645
39050 2.8 7673
39060 0 7673
39070 5.9 7732
39080 4.8 7780
39090 1.2 7792
39100 6.1 7853
39110 2 7873
39120 3.9 7912
39130 2.3 7935
39140 4.9 7984
39150 1.9 8003
39160 6.3 8066
39170 5 8116
39180 1.8 8134
39190 5.2 8186
39200 1.5 8201
39210 4.3 8244
39220 2.2 8266
39230 8.3 8349
39240 0.8 8357
39250 2.9 8386
39260 3.1 8417
39270 5 8467
39280 2.6 8493
39290 4.2 8535
39300 1.4 8549
39310 3.9 8588
39320 0.2 8590
39330 5.4 8644
39340 7.5 8719
39350 0.1 8720
39360 2.6 8746
39370 4.1 8787
39380 5.3 8840
39390 1.9 8859
39400 4.1 8900
39410 2.5 8925
39420 5.1 8976
39430 3.6 9012
39440 0.2 9014
39450 9.3 9107
39460 2.6 9133
39470 1.3 9146
39480 7.4 9220
39490 2.4 9244
39500 1 9254
39510 8.9 9343
39520 3.7 9380
39530 2.1 9401
39540 1.4 9415
39550 7.4 9489
39560 1.3 9502
39570 4.1 9543
39580 3.8 9581
39590 2.1 9602
39600 3.5 9637
39610 2.1 9658
39620 4.3 9701
39630 4.2 9743
39640 2.1 9764
39650 4.5 9809
39660 0 9809
39670 5 9859
39680 5.4 9913
39690 0 9913
39700 6.5 9978
39710 2.8 10006
39720 5.4 10060
39730 4.3 10103
39740 0 10103
39750 5.1 10154
39760 1.2 10166
39770 4.2 10208
39780 5 10258
39790 4 10298
39800 0.7 10305
39810 2.2 10327
39820 1.7 10344
39830 8.9 10433
39840 0 10433
39850 3.6 10469
39860 3.4 10503
39870 0.9 10512
39880 4.3 10555
39890 2.5 10580
39900 1.1 10591
39910 7.6 10667
39920 3.2 10699
39930 0.1 10700
39940 3.4 10734
39950 1.9 10753
39960 7 10823
39970 3.7 10860
39980 3.8 10898
39990 3.2 10930
40000 2.7 10957
40010 2.7 10984
40020 5.7 11041
40030 1.2 11053
40040 3.9 11092
40050 4.4 11136
40060 0 11136
40070 7.2 11208
40080 7.2 11280
40090 1.8 11298
40100 0.6 11304
40110 5.1 11355
40120 3.5 11390
40130 2.7 11417
40140 3.6 11453
40150 3.2 11485
40160 0.7 11492
40170 5.3 11545
40180 2.2 11567
40190 3.1 11598
40200 5.4 11652
40210 5.2 11704
40220 5.7 11761
40230 5 11811
40240 5.8 11869
40250 5.6 11925
40260 3.6 11961
40270 5.1 12012
40280 4 12052
40290 4.3 12095
40300 3.9 12134
40310 5 12184
40320 5.4 12238
40330 2.2 12260
40340 5.3 12313
40350 6.8 12381
40360 2.8 12409
40370 3.3 12442
40380 4.5 12487
40390 2.6 12513
40400 4.3 12556
40410 5.9 12615
40420 5.3 12668
40430 1.7 12685
40440 6 12745
40450 7.2 12817
40460 5.8 12875
40470 5.1 12926
40480 4.8 12974
40490 3.1 13005
40500 7.4 13079
40510 5.2 13131
40520 1.9 13150
40530 7.5 13225
40540 6.4 13289
40550 4.3 13332
40560 6 13392
40570 7.6 13468
40580 6.1 13529
40590 2.9 13558
40600 3.6 13594
40610 5.7 13651
40620 6.2 13713
40630 0 13713
40640 9.3 13806
40650 3.1 13837
40660 4.5 13882
40670 8.6 13968
40680 1.1 13979
40690 8.6 14065
40700 5.3 14118
40710 4.8 14166
40720 5.9 14225
40730 3.4 14259
40740 6 14319
40750 4.3 14362
40760 4.7 14409
40770 5.6 14465
40780 3.1 14496
40790 4.3 14539
40800 8.2 14621
40810 4.7 14668
40820 7.4 14742
40830 3.1 14773
40840 7.8 14851
40850 4.5 14896
40860 6.7 14963
40870 7.5 15038
40880 6.4 15102
40890 3.5 15137
40900 5.7 15194
40910 5 15244
40920 3.1 15275
40930 7 15345
40940 6.8 15413
40950 2.7 15440
40960 5 15490
40970 7.6 15566
40980 5.9 15625
40990 9.8 15723
41000 3.5 15758
41010 6.7 15825
41020 7.5 15900
41030 5.8 15958
41040 5.6 16014
41050 5.7 16071
41060 8 16151
41070 4.5 16196
41080 6.1 16257
41090 7.4 16331
41100 3.4 16365
41110 7.2 16437
41120 7 16507
41130 1.9 16526
41140 8.4 16610
41150 6.7 16677
41160 2.8 16705
41170 5.4 16759
41180 6.7 16826
41190 2.8 16854
41200 4.9 16903
41210 7.2 16975
41220 4.7 17022
41230 7.4 17096
41240 1.4 17110
41250 7.7 17187
41260 6.9 17256
41270 2.1 17277
41280 6.8 17345
41290 9.7 17442
41300 5.9 17501
41310 2.5 17526
41320 6 17586
41330 7 17656
41340 3.5 17691
41350 4.6 17737
41360 8.7 17824
41370 7.5 17899
41380 3.7 17936
41390 4.1 17977
41400 5.5 18032
41410 6 18092
41420 4 18132
41430 8.9 18221
41440 5.5 18276
41450 6.1 18337
41460 3.5 18372
41470 6.5 18437
41480 6.5 18502
41490 4.8 18550
41500 8.6 18636
41510 5 18686
41520 1.7 18703
41530 8.2 18785
41540 6.5 18850
41550 4.9 18899
41560 6.3 18962
41570 2.6 18988
41580 8 19068
41590 4.7 19115
41600 9.1 19206
41610 5.7 19263
41620 3.7 19300
41630 6.1 19361
41640 6.6 19427
41650 3.3 19460
41660 4.7 19507
41670 1.4 19521
41680 10.1 19622
41690 6.2 19684
41700 2.5 19709
41710 8.9 19798
41720 1.4 19812
41730 7.3 19885
41740 3.6 19921
41750 5.2 19973
41760 9.3 20066
41770 6.3 20129
41780 1.7 20146
41790 7.4 20220
41800 5.9 20279
41810 6.9 20348
41820 4.6 20394
41830 7.6 20470
41840 6.5 20535
41850 3.9 20574
41860 6 20634
41870 10 20734
41880 4.9 20783
41890 8 20863
41900 8 20943
41910 2.7 20970
41920 7.8 21048
41930 6.1 21109
41940 8.2 21191
41950 5.7 21248
41960 7.9 21327
41970 3.9 21366
41980 6.6 21432
41990 8.3 21515
42000 6.5 21580
42010 5.8 21638
42020 7.7 21715
42030 4.6 21761
42040 4.6 21807
42050 5.3 21860
42060 6.4 21924
42070 5.6 21980
42080 2.3 22003
42090 7.7 22080
42100 4.5 22125
42110 3.6 22161
42120 6.1 22222
42130 9 22312
42140 5.3 22365
42150 4 22405
42160 5.8 22463
42170 7.4 22537
42180 7.3 22610
42190 3.1 22641
42200 0.2 22643
42210 0 22643
42220 0 22643
42230 0.3 22646
42240 0.7 22653
42250 0 22653
42260 0 22653
42270 0 22653
42280 0 22653
42290 0 22653
42300 0 22653
42310 0 22653
42320 0 22653
42330 0 22653
42340 0 22653
42350 0 22653
42360 0 22653
42370 0 22653
42380 0 22653
42390 0 22653
42400 0 22653
42410 0 22653
42420 0 22653
42430 0 22653
42440 0 22653
42450 0 22653
42460 0 22653
42470 0 22653
42480 0 22653
42490 0 22653
42500 0 22653
42510 0 22653
42520 0 22653
42530 0 22653
42540 0 22653
42550 0 22653
42560 0 22653
42570 0 22653
42580 0 22653
42590 0 22653
42600 0 22653
42610 0 22653
42620 0 22653
42630 0 22653
42640 0 22653
42650 0 22653
42660 0 22653
42670 0 22653
42680 0 22653
42690 0 22653
42700 0 22653
42710 0 22653
42720 0 22653
42730 0 22653
42740 0 22653
42750 0 22653
42760 0 22653
42770 0 22653
42780 0 22653
42790 0 22653
42800 0 22653
42810 0 22653
42820 0 22653
42830 0 22653
42840 0 22653
42850 0 22653
42860 0 22653
42870 0 22653
42880 0 22653
42890 0 22653
42900 0 22653
42910 0 22653
42920 0 22653
42930 0 22653
42940 0 22653
42950 0 22653
42960 0 22653
42970 0 22653
42980 0 22653
42990 0 22653
43000 0 22653
43010 0 22653
43020 0 22653
43030 0 22653
43040 0 22653
43050 0 22653
43060 0 22653
43070 0 22653
43080 0 22653
43090 0 22653
43100 0 22653
43110 0 22653
43120 0 22653
43130 0 22653
43140 0 22653
43150 0 22653
43160 0 22653
43170 0 22653
43180 0 22653
43190 0 22653
43200 0 22653
43210 0 22653
43220 0 22653
43230 0 22653
43240 0 22653
43250 0 22653
43260 0 22653
43270 0 22653
43280 0 22653
43290 0 22653
43300 0 22653
43310 0 22653
43320 0 22653
43330 0 22653
43340 0 22653
43350 0 22653
43360 0 22653
43370 0 22653
43380 0 22653
43390 0 22653
43400 0 22653
43410 0 22653
43420 0 22653
43430 0 22653
43440 0 22653
43450 0 22653
43460 0 22653
43470 0 22653
43480 0 22653
43490 0 22653
43500 0 22653
43510 0 22653
43520 0 22653
43530 0 22653
43540 0 22653
43550 0 22653
43560 0 22653
43570 0 22653
43580 0 22653
43590 0 22653
43600 0 22653
43610 0 22653
43620 0 22653
43630 0 22653
43640 0 22653
43650 0 22653
43660 0 22653
43670 0 22653
43680 0 22653
43690 0 22653
43700 0 22653
43710 0 22653
43720 0 22653
43730 0 22653
43740 0 22653
43750 0 22653
43760 0 22653
43770 0 22653
43780 0 22653
43790 0 22653
43800 0 22653
43810 0 22653
43820 0 22653
43830 0 22653
43840 0 22653
43850 0 22653
43860 0 22653
43870 0 22653
43880 0 22653
43890 0 22653
43900 0 22653
43910 0 22653
43920 0 22653
43930 0 22653
43940 0 22653
43950 0 22653
43960 0 22653
43970 0 22653
43980 0 22653
43990 0 22653
44000 0 22653
44010 0 22653
44020 0 22653
44030 0 22653
44040 0 22653
44050 0 22653
44060 0 22653
44070 0 22653
44080 0 22653
44090 0 22653
44100 0 22653
44110 0 22653
44120 0 22653
44130 0 22653
44140 0 22653
44150 0 22653
44160 0 22653
44170 0 22653
44180 0 22653
44190 0 22653
44200 0 22653
44210 0 22653
44220 0 22653
44230 0 22653
44240 0 22653
44250 0 22653
44260 0 22653
44270 0 22653
44280 0 22653
44290 0 22653
44300 0 22653
44310 0 22653
44320 0 22653
44330 0 22653
44340 0 22653
44350 0 22653
44360 0 22653
44370 0 22653
44380 0 22653
44390 0 22653
44400 0 22653
44410 0 22653
44420 0 22653
44430 0 22653
44440 0 22653
44450 0 22653
44460 0 22653
44470 0 22653
44480 0 22653
44490 0 22653
44500 0 22653
44510 0 22653
44520 0 22653
44530 0 22653
44540 0 22653
44550 0 22653
44560 0 22653
44570 0 22653
44580 0 22653
44590 0 22653
44600 0 22653
44610 0 22653
44620 0 22653
44630 0 22653
44640 0 22653
44650 0 22653
44660 0 22653
44670 0 22653
44680 0 22653
44690 0 22653
44700 0 22653
44710 0 22653
44720 0 22653
44730 0 22653
44740 0 22653
44750 0 22653
44760 0 22653
44770 0 22653
44780 0 22653
44790 0 22653
44800 0 22653
44810 0 22653
44820 0 22653
44830 0 22653
44840 0 22653
44850 0 22653
44860 0 22653
44870 0 22653
44880 0 22653
44890 0 22653
44900 0 22653
44910 0 22653
44920 0 22653
44930 0 22653
44940 0 22653
44950 0 22653
44960 0 22653
44970 0 22653
44980 0 22653
44990 0 22653
45000 0 22653
45010 0 22653
45020 0 22653
45030 0 22653
45040 0 22653
45050 0 22653
45060 0 22653
45070 0 22653
45080 0 22653
45090 0 22653
45100 0 22653
45110 0 22653
45120 0 22653
45130 0 22653
45140 0 22653
45150 0 22653
45160 0 22653
45170 0 22653
45180 0 22653
45190 0 22653
45200 0 22653
45210 0 22653
45220 0 22653
45230 0 22653
45240 0 22653
45250 0 22653
45260 0 22653
45270 0 22653
45280 0 22653
45290 0 22653
45300 0 22653
45310 0 22653
45320 0 22653
45330 0 22653
45340 0 22653
45350 0 22653
45360 0 22653
45370 0 22653
45380 0 22653
45390 0 22653
45400 0 22653
45410 0 22653
45420 0 22653
45430 0 22653
45440 0 22653
45450 0 22653
45460 0 22653
45470 0 22653
45480 0 22653
45490 0 22653
45500 0 22653
45510 0 22653
45520 0 22653
45530 0 22653
45540 0 22653
45550 0 22653
45560 0 22653
45570 0 22653
45580 0 22653
45590 0 22653
45600 0 22653
45610 0 22653
45620 0 22653
45630 0 22653
45640 0 22653
45650 0 22653
45660 0 22653
45670 0 22653
45680 0 22653
45690 0 22653
45700 0 22653
45710 0 22653
45720 0 22653
45730 0 22653
45740 0 22653
45750 0 22653
45760 0 22653
45770 0 22653
45780 0 22653
45790 0 22653
45800 0 22653
45810 0 22653
45820 0 22653
45830 0 22653
45840 0 22653
45850 0 22653
45860 0 22653
45870 0 22653
45880 0 22653
45890 0 22653
45900 0 22653
45910 0 22653
45920 0 22653
45930 0 22653
45940 0 22653
45950 0 22653
45960 0 22653
45970 0 22653
45980 0 22653
45990 0 22653
46000 0 22653
46010 0 22653
46020 0 22653
46030 0 22653
46040 0 22653
46050 0 22653
46060 0 22653
46070 0 22653
46080 0 22653
46090 0 22653
46100 0 22653
46110 0 22653
46120 0 22653
46130 0 22653
46140 0 22653
46150 0 22653
46160 0 22653
46170 0 22653
46180 0 22653
46190 0 22653
46200 0 22653
46210 0 22653
46220 0 22653
46230 0 22653
46240 0 22653
46250 0 22653
46260 0 22653
46270 0 22653
46280 0 22653
46290 0 22653
46300 0 22653
46310 0 22653
46320 0 22653
46330 0 22653
46340 0 22653
46350 0 22653
46360 0 22653
46370 0 22653
46380 0 22653
46390 0 22653
46400 0 22653
46410 0 22653
46420 0 22653
46430 0 22653
46440 0 22653
46450 0 22653
46460 0 22653
46470 0 22653
46480 0 22653
46490 0 22653
46500 0 22653
46510 0 22653
46520 0 22653
46530 0 22653
46540 0 22653
46550 0 22653
46560 0 22653
46570 0 22653
46580 0 22653
46590 0 22653
46600 0 22653
46610 0 22653
46620 0 22653
46630 0 22653
46640 0 22653
46650 0 22653
46660 0 22653
46670 0 22653
46680 0 22653
46690 0 22653
46700 0 22653
46710 0 22653
46720 0 22653
46730 0 22653
46740 0 22653
46750 0 22653
46760 0 22653
46770 0 22653
46780 0 22653
46790 0 22653
46800 0 22653
46810 0 22653
46820 0 22653
46830 0 22653
46840 0 22653
46850 0 22653
46860 0 22653
46870 0 22653
46880 0 22653
46890 0 22653
46900 0 22653
46910 0 22653
46920 0 22653
46930 0 22653
46940 0 22653
46950 0 22653
46960 0 22653
46970 0 22653
46980 0 22653
46990 0 22653
47000 0 22653
47010 0 22653
47020 0 22653
47030 0 22653
47040 0 22653
47050 0 22653
47060 0 22653
47070 0 22653
47080 0 22653
47090 0 22653
47100 0 22653
47110 0 22653
47120 0 22653
47130 0 22653
47140 0 22653
47150 0 22653
47160 0 22653
47170 0 22653
47180 0 22653
47190 0 22653
47200 0 22653
47210 0 22653
47220 0 22653
47230 0 22653
47240 0 22653
47250 0 22653
47260 0 22653
47270 0 22653
47280 0 22653
47290 0 22653
47300 0 22653
47310 0 22653
47320 0 22653
47330 0 22653
47340 0 22653
47350 0 22653
47360 0 22653
47370 0 22653
47380 0 22653
47390 0 22653
47400 0 22653
47410 0 22653
47420 0 22653
47430 0 22653
47440 0 22653
47450 0 22653
47460 0 22653
47470 0 22653
47480 0 22653
47490 0 22653
47500 0 22653
47510 0 22653
47520 0 22653
47530 0 22653
47540 0 22653
47550 0 22653
47560 0 22653
47570 0 22653
47580 0 22653
47590 0 22653
47600 0 22653
47610 0 22653
47620 0 22653
47630 0 22653
47640 0 22653
47650 0 22653
47660 4.2 22695
47670 5.2 22747
47680 9.1 22838
47690 5.6 22894
47700 10.7 23001
47710 7.7 23078
47720 11 23188
47730 9.5 23283
47740 9.5 23378
47750 12.6 23504
47760 8.1 23585
47770 10.3 23688
47780 11.2 23800
47790 8.4 23884
47800 13.4 24018
47810 10.8 24126
47820 6.1 24187
47830 13.3 24320
47840 12.3 24443
47850 3 24473
47860 16.3 24636
47870 11.6 24752
47880 13.7 24889
47890 8.5 24974
47900 10.3 25077
47910 8.3 25160
47920 15.5 25315
47930 6 25375
47940 10.1 25476
47950 8.1 25557
47960 11.8 25675
47970 8.5 25760
47980 7.6 25836
47990 11.9 25955
48000 5.9 26014
48010 7.5 26089
48020 11.5 26204
48030 7.8 26282
48040 7.4 26356
48050 11.6 26472
48060 9.1 26563
48070 6.3 26626
48080 7.7 26703
48090 9.5 26798
48100 8.3 26881
48110 9.2 26973
48120 7.9 27052
48130 11.1 27163
48140 9.9 27262
48150 7.5 27337
48160 8.3 27420
48170 10.5 27525
48180 10.2 27627
48190 6.8 27695
48200 8 27775
48210 9.8 27873
48220 11.2 27985
48230 7.2 28057
48240 7.9 28136
48250 7.8 28214
48260 9.5 28309
48270 8.1 28390
48280 7.4 28464
48290 8.4 28548
48300 10.5 28653
48310 7.4 28727
48320 8.1 28808
48330 7 28878
48340 9.7 28975
48350 8.9 29064
48360 9.9 29163
48370 14.5 29308
48380 8.8 29396
48390 8.3 29479
48400 9.9 29578
48410 7.9 29657
48420 10.7 29764
48430 9.9 29863
48440 10.6 29969
48450 7.6 30045
48460 7.4 30119
48470 7.3 30192
48480 7.9 30271
48490 7.6 30347
48500 12.9 30476
48510 9.6 30572
48520 7.7 30649
48530 6.6 30715
48540 9.4 30809
48550 8.1 30890
48560 6.5 30955
48570 9.5 31050
48580 5.6 31106
48590 6.3 31169
48600 9.2 31261
48610 6.8 31329
48620 7.4 31403
48630 6.7 31470
48640 6.8 31538
48650 7.8 31616
48660 5 31666
48670 5 31716
48680 4 31756
48690 5.9 31815
48700 7.2 31887
48710 5.8 31945
48720 5.9 32004
48730 7.2 32076
48740 3.9 32115
48750 3 32145
48760 1 32155
48770 0 32155
48780 0 32155
48790 0.2 32157
48800 0 32157
48810 0 32157
48820 0 32157
48830 0 32157
48840 0 32157
48850 0 32157
48860 0 32157
48870 0 32157
48880 0 32157
48890 0 32157
48900 0 32157
48910 0 32157
48920 0 32157
48930 0 32157
48940 0 32157
48950 0 32157
48960 0 32157
48970 0 32157
48980 0 32157
48990 0 32157
49000 0 32157
49010 0 32157
49020 0 32157
49030 0 32157
49040 0 32157
49050 0 32157
49060 0 32157
49070 0 32157
49080 0 32157
49090 0 32157
49100 0 32157
49110 0 32157
49120 0 32157
49130 0 32157
49140 0 32157
49150 0 32157
49160 0 32157
49170 0 32157
49180 0 32157
49190 0 32157
49200 0 32157
49210 0 32157
49220 0 32157
49230 0 32157
49240 0 32157
49250 0 32157
49260 0 32157
49270 0 32157
49280 0 32157
49290 0 32157
49300 0 32157
49310 0 32157
49320 0 32157
49330 0 32157
49340 0 32157
49350 0 32157
49360 0 32157
49370 0 32157
49380 0 32157
49390 0 32157
49400 2.3 32180
49410 1.2 32192
49420 3.7 32229
49430 5.9 32288
49440 1.9 32307
49450 3.3 32340
49460 7.3 32413
49470 8.3 32496
49480 6.7 32563
49490 9.1 32654
49500 11.1 32765
49510 10.4 32869
49520 9.7 32966
49530 10.4 33070
49540 8 33150
49550 7.9 33229
49560 9.1 33320
49570 10 33420
49580 11.5 33535
49590 7.4 33609
49600 9.6 33705
49610 9.1 33796
49620 8.6 33882
49630 7.4 33956
49640 8.4 34040
49650 9.6 34136
49660 7.4 34210
49670 9.2 34302
49680 10.4 34406
49690 6.6 34472
49700 8.9 34561
49710 6.5 34626
49720 7.4 34700
49730 9 34790
49740 7.7 34867
49750 8 34947
49760 7.7 35024
49770 10.2 35126
49780 7.2 35198
49790 7.9 35277
49800 8.8 35365
49810 7.9 35444
49820 8.1 35525
49830 8.1 35606
49840 9.2 35698
49850 7.8 35776
49860 8.9 35865
49870 5.8 35923
49880 9.1 36014
49890 8.5 36099
49900 10.6 36205
49910 7.3 36278
49920 7.8 36356
49930 7 36426
49940 7.2 36498
49950 8.7 36585
49960 9.3 36678
49970 9 36768
49980 10.3 36871
49990 10.6 36977
50000 7.8 37055
50010 7.4 37129
50020 8.6 37215
50030 6.4 37279
50040 6.1 37340
50050 6.9 37409
50060 8.5 37494
50070 9.9 37593
50080 8.9 37682
50090 8.3 37765
50100 10 37865
50110 7.2 37937
50120 8.8 38025
50130 6.6 38091
50140 7.2 38163
50150 11.1 38274
50160 8.8 38362
50170 6.9 38431
50180 7.4 38505
50190 8.9 38594
50200 6.7 38661
50210 7.7 38738
50220 11.4 38852
50230 6.4 38916
50240 9.1 39007
50250 10.1 39108
50260 5.9 39167
50270 8.4 39251
50280 7.5 39326
50290 7.5 39401
50300 8.6 39487
50310 6.5 39552
50320 8.4 39636
50330 9.6 39732
50340 6.5 39797
50350 7.4 39871
50360 6.5 39936
50370 8.6 40022
50380 6.4 40086
50390 9.3 40179
50400 9.1 40270
50410 8.8 40358
50420 8.9 40447
50430 7.8 40525
50440 6.8 40593
50450 6.7 40660
50460 6.1 40721
50470 6.5 40786
50480 8.5 40871
50490 10.4 40975
50500 8.1 41056
50510 8.2 41138
50520 10.4 41242
50530 7 41312
50540 10.4 41416
50550 9.4 41510
50560 8.7 41597
50570 10.6 41703
50580 9.5 41798
50590 9 41888
50600 10.4 41992
50610 10.2 42094
50620 8.8 42182
50630 7.3 42255
50640 7.7 42332
50650 10.1 42433
50660 8.6 42519
50670 7.2 42591
50680 7.8 42669
50690 9.3 42762
50700 10.4 42866
50710 8.3 42949
50720 9.8 43047
50730 10.3 43150
50740 10.5 43255
50750 7.2 43327
50760 7.8 43405
50770 12.5 43530
50780 9.3 43623
50790 7 43693
50800 14 43833
50810 7.7 43910
50820 8.1 43991
50830 7.9 44070
50840 11.4 44184
50850 7.1 44255
50860 6.4 44319
50870 9.5 44414
50880 9.6 44510
50890 9.7 44607
50900 12.5 44732
50910 5 44782
50920 12.4 44906
50930 8.7 44993
50940 8.6 45079
50950 13 45209
50960 8.8 45297
50970 8.3 45380
50980 9.1 45471
50990 6.8 45539
51000 8.7 45626
51010 7 45696
51020 7.9 45775
51030 7.3 45848
51040 6.5 45913
51050 7.5 45988
51060 7.6 46064
51070 6.1 46125
51080 5.2 46177
51090 6.4 46241
51100 6.2 46303
51110 4.8 46351
51120 7.7 46428
51130 5.7 46485
51140 4.3 46528
51150 7.4 46602
51160 6 46662
51170 4.4 46706
51180 4.8 46754
51190 4.6 46800
51200 3.3 46833
51210 1.2 46845
51220 1.6 46861
51230 0 46861
51240 0 46861
51250 0 46861
51260 0 46861
51270 0 46861
51280 0 46861
51290 0 46861
51300 0 46861
51310 0 46861
51320 0 46861
51330 0 46861
51340 0 46861
51350 0 46861
51360 0 46861
51370 0 46861
51380 0 46861
51390 0 46861
51400 0 46861
51410 0 46861
51420 0 46861
51430 0 46861
51440 0 46861
51450 0 46861
51460 0 46861
51470 0 46861
51480 0 46861
51490 0 46861
51500 0 46861
51510 0 46861
51520 0 46861
51530 0 46861
51540 0 46861
51550 0 46861
51560 0 46861
51570 0 46861
51580 0 46861
51590 0 46861
51600 0 46861
51610 0 46861
51620 0 46861
51630 0 46861
51640 0 46861
51650 0 46861
51660 0 46861
51670 0 46861
51680 0 46861
51690 0 46861
51700 0 46861
51710 0 46861
51720 0 46861
51730 0 46861
51740 0 46861
51750 0 46861
51760 0 46861
51770 0 46861
51780 0 46861
51790 0 46861
51800 0 46861
51810 0 46861
51820 0 46861
51830 0 46861
51840 0 46861
51850 0 46861
51860 0 46861
51870 0 46861
51880 0 46861
51890 0 46861
51900 0 46861
51910 0 46861
51920 0 46861
51930 0 46861
51940 0 46861
51950 0 46861
51960 0 46861
51970 0 46861
51980 0 46861
51990 0 46861
52000 0 46861
52010 0 46861
52020 0 46861
52030 0 46861
52040 0 46861
52050 0 46861
52060 0 46861
52070 0 46861
52080 0 46861
52090 0 46861
52100 0 46861
52110 0 46861
52120 0 46861
52130 0 46861
52140 0 46861
52150 0 46861
52160 0 46861
52170 0 46861
52180 0 46861
52190 0 46861
52200 0 46861
52210 0 46861
52220 0 46861
52230 0 46861
52240 0 46861
52250 0 46861
52260 0 46861
52270 0 46861
52280 0 46861
52290 0 46861
52300 0 46861
52310 0 46861
52320 0 46861
52330 0 46861
52340 0 46861
52350 0 46861
52360 0 46861
52370 0 46861
52380 0 46861
52390 0 46861
52400 0 46861
52410 0 46861
52420 0 46861
52430 0 46861
52440 0 46861
52450 0 46861
52460 0 46861
52470 0 46861
52480 0 46861
52490 0 46861
52500 0 46861
52510 0 46861
52520 0 46861
52530 0 46861
52540 0 46861
52550 0 46861
52560 0 46861
52570 0 46861
52580 0 46861
52590 0 46861
52600 0 46861
52610 0 46861
52620 0 46861
52630 0 46861
52640 0 46861
52650 0 46861
52660 0 46861
52670 0 46861
52680 0 46861
52690 0 46861
52700 0 46861
52710 0 46861
52720 0 46861
52730 0 46861
52740 0 46861
52750 0 46861
52760 0 46861
52770 0 46861
52780 0 46861
52790 0 46861
52800 0 46861
52810 0 46861
52820 0 46861
52830 0 46861
52840 0 46861
52850 0 46861
52860 0 46861
52870 0 46861
52880 0 46861
52890 0 46861
52900 0 46861
52910 0 46861
52920 0 46861
52930 0 46861
52940 0 46861
