36000 0.1 1
36010 0 1
36020 0 1
36030 0 1
36040 0 1
36050 0 1
36060 0 1
36070 0 1
36080 0 1
36090 0 1
36100 0 1
36110 0 1
36120 0 1
36130 0 1
36140 0 1
36150 0 1
36160 0 1
36170 0 1
36180 0 1
36190 0 1
36200 0 1
36210 0 1
36220 0 1
36230 0 1
36240 0 1
36250 0 1
36260 0 1
36270 0 1
36280 0 1
36290 0 1
36300 0 1
36310 0 1
36320 0 1
36330 0 1
36340 0 1
36350 0 1
36360 0 1
36370 0 1
36380 0 1
36390 0 1
36400 0 1
36410 0 1
36420 0 1
36430 0 1
36440 0 1
36450 0 1
36460 0 1
36470 0 1
36480 0 1
36490 0 1
36500 0 1
36510 0 1
36520 0 1
36530 0 1
36540 0 1
36550 0 1
36560 0 1
36570 0 1
36580 0 1
36590 0 1
36600 0.1 2
36610 0 2
36620 0 2
36630 0 2
36640 0 2
36650 0 2
36660 0 2
36670 0 2
36680 0 2
36690 0 2
36700 0 2
36710 0 2
36720 0 2
36730 0 2
36740 0 2
36750 0 2
36760 0 2
36770 0 2
36780 0 2
36790 0 2
36800 0 2
36810 0 2
36820 0 2
36830 0 2
36840 0 2
36850 0 2
36860 0 2
36870 0 2
36880 0 2
36890 0 2
36900 0 2
36910 0 2
36920 0 2
36930 0 2
36940 0 2
36950 0 2
36960 0 2
36970 0 2
36980 0 2
36990 0 2
37000 0 2
37010 0 2
37020 0 2
37030 0 2
37040 0 2
37050 0 2
37060 0 2
37070 0 2
37080 0 2
37090 0 2
37100 0 2
37110 0 2
37120 0 2
37130 0 2
37140 0 2
37150 0 2
37160 0 2
37170 0 2
37180 0 2
37190 0 2
37200 0.1 3
37210 0 3
37220 0 3
37230 0 3
37240 0 3
37250 0 3
37260 0 3
37270 0 3
37280 0 3
37290 0 3
37300 0 3
37310 0 3
37320 0 3
37330 0 3
37340 0 3
37350 0 3
37360 0 3
37370 0 3
37380 0 3
37390 0 3
37400 0 3
37410 0 3
37420 0 3
37430 0 3
37440 0 3
37450 0 3
37460 0 3
37470 0 3
37480 0 3
37490 0 3
37500 0 3
37510 0 3
37520 0 3
37530 0 3
37540 0 3
37550 0 3
37560 0 3
37570 0 3
37580 0 3
37590 0 3
37600 0 3
37610 0 3
37620 0 3
37630 0 3
37640 0 3
37650 0 3
37660 0 3
37670 0 3
37680 0 3
37690 0 3
37700 0 3
37710 0 3
37720 0 3
37730 0 3
37740 0 3
37750 0 3
37760 0 3
37770 0 3
37780 0 3
37790 0 3
37800 0.1 4
37810 0 4
37820 0 4
37830 0 4
37840 0 4
37850 0 4
37860 0 4
37870 0 4
37880 0 4
37890 0 4
37900 0 4
37910 0 4
37920 0 4
37930 0 4
37940 0 4
37950 0 4
37960 0 4
37970 0 4
37980 0 4
37990 0 4
38000 0 4
38010 0 4
38020 0 4
38030 0 4
38040 0 4
38050 0 4
38060 0 4
38070 0 4
38080 0 4
38090 0 4
38100 0 4
38110 0 4
38120 0 4
38130 0 4
38140 0 4
38150 0 4
38160 0 4
38170 0 4
38180 0 4
38190 0 4
38200 0 4
38210 0 4
38220 0 4
38230 0 4
38240 0 4
38250 0 4
38260 0 4
38270 0 4
38280 0 4
38290 0 4
38300 0 4
38310 0 4
38320 0 4
38330 0 4
38340 0 4
38350 0 4
38360 0 4
38370 0 4
38380 0 4
38390 0 4
38400 0.1 5
38410 0 5
38420 0 5
38430 0 5
38440 0 5
38450 0 5
38460 0 5
38470 0 5
38480 0 5
38490 0 5
38500 0 5
38510 0 5
38520 0 5
38530 0 5
38540 0 5
38550 0 5
38560 0 5
38570 0 5
38580 0 5
38590 0 5
38600 0 5
38610 0 5
38620 0 5
38630 0 5
38640 0 5
38650 0 5
38660 0 5
38670 0 5
38680 0 5
38690 0 5
38700 0 5
38710 0 5
38720 0 5
38730 0 5
38740 0 5
38750 0 5
38760 0 5
38770 0 5
38780 0 5
38790 0 5
38800 0 5
38810 0 5
38820 0 5
38830 0 5
38840 0 5
38850 0 5
38860 0 5
38870 0 5
38880 0 5
38890 0 5
38900 0 5
38910 0 5
38920 0 5
38930 0 5
38940 0 5
38950 0 5
38960 0 5
38970 0 5
38980 0 5
38990 0 5
39000 0.1 6
39010 0 6
39020 0 6
39030 0 6
39040 0 6
39050 0 6
39060 0 6
39070 0 6
39080 0 6
39090 0 6
39100 0 6
39110 0 6
39120 0 6
39130 0 6
39140 0 6
39150 0 6
39160 0 6
39170 0 6
39180 0 6
39190 0 6
39200 0 6
39210 0 6
39220 0 6
39230 0 6
39240 0 6
39250 0 6
39260 0 6
39270 0 6
39280 0 6
39290 0 6
39300 0 6
39310 0 6
39320 0 6
39330 0 6
39340 0 6
39350 0 6
39360 0 6
39370 0 6
39380 0 6
39390 0 6
39400 0 6
39410 0 6
39420 0 6
39430 0 6
39440 0 6
39450 0 6
39460 0 6
39470 0 6
39480 0 6
39490 0 6
39500 0 6
39510 0 6
39520 0 6
39530 0 6
39540 0 6
39550 0 6
39560 0 6
39570 0 6
39580 0 6
39590 0 6
39600 0.1 7
39610 0 7
39620 0 7
39630 0 7
39640 0 7
39650 0 7
39660 0 7
39670 0 7
39680 0 7
39690 0 7
39700 0 7
39710 0 7
39720 0 7
39730 0 7
39740 0 7
39750 0 7
39760 0 7
39770 0 7
39780 0 7
39790 0 7
39800 0 7
39810 0 7
39820 0 7
39830 0 7
39840 0 7
39850 0 7
39860 0 7
39870 0 7
39880 0 7
39890 0 7
39900 0 7
39910 0 7
39920 0 7
39930 0 7
39940 0 7
39950 0 7
39960 0 7
39970 0 7
39980 0 7
39990 0 7
40000 0 7
40010 0 7
40020 0 7
40030 0 7
40040 0 7
40050 0 7
40060 0 7
40070 0 7
40080 0 7
40090 0 7
40100 0 7
40110 0 7
40120 0 7
40130 0 7
40140 0 7
40150 0 7
40160 0 7
40170 0 7
40180 0 7
40190 0 7
40200 0.1 8
40210 0 8
40220 0 8
40230 0 8
40240 0 8
40250 0 8
40260 0 8
40270 0 8
40280 0 8
40290 0 8
40300 0 8
40310 0 8
40320 0 8
40330 0 8
40340 0 8
40350 0 8
40360 0 8
40370 0 8
40380 0 8
40390 0 8
40400 0 8
40410 0 8
40420 0 8
40430 0 8
40440 0 8
40450 0 8
40460 0 8
40470 0 8
40480 0 8
40490 0 8
40500 0 8
40510 0 8
40520 0 8
40530 0 8
40540 0 8
40550 0 8
40560 0 8
40570 0 8
40580 0 8
40590 0 8
40600 0 8
40610 0 8
40620 0 8
40630 0 8
40640 0 8
40650 0 8
40660 0 8
40670 0 8
40680 0 8
40690 0 8
40700 0 8
40710 0 8
40720 0 8
40730 0 8
40740 0 8
40750 0 8
40760 0 8
40770 0 8
40780 0 8
40790 0 8
40800 0.1 9
40810 0 9
40820 0 9
40830 0 9
40840 0 9
40850 0 9
40860 0 9
40870 0 9
40880 0 9
40890 0 9
40900 0 9
40910 0 9
40920 0 9
40930 0 9
40940 0 9
40950 0 9
40960 0 9
40970 0 9
40980 0 9
40990 0 9
41000 0 9
41010 0 9
41020 0 9
41030 0 9
41040 0 9
41050 0 9
41060 0 9
41070 0 9
41080 0 9
41090 0 9
41100 0 9
41110 0 9
41120 0 9
41130 0 9
41140 0 9
41150 0 9
41160 0 9
41170 0 9
41180 0 9
41190 0 9
41200 0 9
41210 0 9
41220 0 9
41230 0 9
41240 0 9
41250 0 9
41260 0 9
41270 0 9
41280 0 9
41290 0 9
41300 0 9
41310 0 9
41320 0 9
41330 0 9
41340 0 9
41350 0 9
41360 0 9
41370 0 9
41380 0 9
41390 0 9
41400 0.1 10
41410 0 10
41420 0 10
41430 0 10
41440 0 10
41450 0 10
41460 0 10
41470 0 10
41480 0 10
41490 0 10
41500 0 10
41510 0 10
41520 0 10
41530 0 10
41540 0 10
41550 0 10
41560 0 10
41570 0 10
41580 0 10
41590 0 10
41600 0 10
41610 0 10
41620 0 10
41630 0 10
41640 0 10
41650 0 10
41660 0 10
41670 0 10
41680 0 10
41690 0 10
41700 0 10
41710 0 10
41720 0 10
41730 0 10
41740 0 10
41750 0 10
41760 0 10
41770 0 10
41780 0 10
41790 0 10
41800 0 10
41810 0 10
41820 0 10
41830 0 10
41840 0 10
41850 0 10
41860 0 10
41870 0 10
41880 0 10
41890 0 10
41900 0 10
41910 0 10
41920 0 10
41930 0 10
41940 0 10
41950 0 10
41960 0 10
41970 0 10
41980 0 10
41990 0 10
42000 0.1 11
42010 0 11
42020 0 11
42030 0 11
42040 0 11
42050 0 11
42060 0 11
42070 0 11
42080 0 11
42090 0 11
42100 0 11
42110 0 11
42120 0 11
42130 0 11
42140 0 11
42150 0 11
42160 0 11
42170 0 11
42180 0 11
42190 0 11
42200 0 11
42210 0 11
42220 0 11
42230 0 11
42240 0 11
42250 0 11
42260 0 11
42270 0 11
42280 0 11
42290 0 11
42300 0 11
42310 0 11
42320 0 11
42330 0 11
42340 0 11
42350 0 11
42360 0 11
42370 0 11
42380 0 11
42390 0 11
42400 0 11
42410 0 11
42420 0 11
42430 0 11
42440 0 11
42450 0 11
42460 0 11
42470 0 11
42480 0 11
42490 0 11
42500 0 11
42510 0 11
42520 0 11
42530 0 11
42540 0 11
42550 0 11
42560 0 11
42570 0 11
42580 0 11
42590 0 11
42600 0.1 12
42610 0 12
42620 0 12
42630 0 12
42640 0 12
42650 0 12
42660 0 12
42670 0 12
42680 0 12
42690 0 12
42700 0 12
42710 0 12
42720 0 12
42730 0 12
42740 0 12
42750 0 12
42760 0 12
42770 0 12
42780 0 12
42790 0 12
42800 0 12
42810 0 12
42820 0 12
42830 0 12
42840 0 12
42850 0 12
42860 0 12
42870 0 12
42880 0 12
42890 0 12
42900 0 12
42910 0 12
42920 0 12
42930 0 12
42940 0 12
42950 0 12
42960 0 12
42970 0 12
42980 0 12
42990 0 12
43000 0 12
43010 0 12
43020 0 12
43030 0 12
43040 0 12
43050 0 12
43060 0 12
43070 0 12
43080 0 12
43090 0 12
43100 0 12
43110 0 12
43120 0 12
43130 0 12
43140 0 12
43150 0 12
43160 0 12
43170 0 12
43180 0 12
43190 0 12
43200 0.1 13
43210 0 13
43220 0 13
43230 0 13
43240 0 13
43250 0 13
43260 0 13
43270 0 13
43280 0 13
43290 0 13
43300 0 13
43310 0 13
43320 0 13
43330 0 13
43340 0 13
43350 0 13
43360 0 13
43370 0 13
43380 0 13
43390 0 13
43400 0 13
43410 0 13
43420 0 13
43430 0 13
43440 0 13
43450 0 13
43460 0 13
43470 0 13
43480 0 13
43490 0 13
43500 0 13
43510 0 13
43520 0 13
43530 0 13
43540 0 13
43550 0 13
43560 0 13
43570 0 13
43580 0 13
43590 0 13
43600 0 13
43610 0 13
43620 0 13
43630 0 13
43640 0 13
43650 0 13
43660 0 13
43670 0 13
43680 0 13
43690 0 13
43700 0 13
43710 0 13
43720 0 13
43730 0 13
43740 0 13
43750 0 13
43760 0 13
43770 0 13
43780 0 13
43790 0 13
43800 0.1 14
43810 0 14
43820 0 14
43830 0 14
43840 0 14
43850 0 14
43860 0 14
43870 0 14
43880 0 14
43890 0 14
43900 0 14
43910 0 14
43920 0 14
43930 0 14
43940 0 14
43950 0 14
43960 0 14
43970 0 14
43980 0 14
43990 0 14
44000 0 14
44010 0 14
44020 0 14
44030 0 14
44040 0 14
44050 0 14
44060 0 14
44070 0 14
44080 0 14
44090 0 14
44100 0 14
44110 0 14
44120 0 14
44130 0 14
44140 0 14
44150 0 14
44160 0 14
44170 0 14
44180 0 14
44190 0 14
44200 0 14
44210 0 14
44220 0 14
44230 0 14
44240 0 14
44250 0 14
44260 0 14
44270 0 14
44280 0 14
44290 0 14
44300 0 14
44310 0 14
44320 0 14
44330 0 14
44340 0 14
44350 0 14
44360 0 14
44370 0 14
44380 0 14
44390 0 14
44400 0.1 15
44410 0 15
44420 0 15
44430 0 15
44440 0 15
44450 0 15
44460 0 15
44470 0 15
44480 0 15
44490 0 15
44500 0 15
44510 0 15
44520 0 15
44530 0 15
44540 0 15
44550 0 15
44560 0 15
44570 0 15
44580 0 15
44590 0 15
44600 0 15
44610 0 15
44620 0 15
44630 0 15
44640 0 15
44650 0 15
44660 0 15
44670 0 15
44680 0 15
44690 0 15
44700 0 15
44710 0 15
44720 0 15
44730 0 15
44740 0 15
44750 0 15
44760 0 15
44770 0 15
44780 0 15
44790 0 15
44800 0 15
44810 0 15
44820 0 15
44830 0 15
44840 0 15
44850 0 15
44860 0 15
44870 0 15
44880 0 15
44890 0 15
44900 0 15
44910 0 15
44920 0 15
44930 0 15
44940 0 15
44950 0 15
44960 0 15
44970 0 15
44980 0 15
44990 0 15
45000 0.1 16
45010 0 16
45020 0 16
45030 0 16
45040 0 16
45050 0 16
45060 0 16
45070 0 16
45080 0 16
45090 0 16
45100 0 16
45110 0 16
45120 0 16
45130 0 16
45140 0 16
45150 0 16
45160 0 16
45170 0 16
45180 0 16
45190 0 16
45200 0 16
45210 0 16
45220 0 16
45230 0 16
45240 0 16
45250 0 16
45260 0 16
45270 0 16
45280 0 16
45290 0 16
45300 0 16
45310 0 16
45320 0 16
45330 0 16
45340 0 16
45350 0 16
45360 0 16
45370 0 16
45380 0 16
45390 0 16
45400 0 16
45410 0 16
45420 0 16
45430 0 16
45440 0 16
45450 0 16
45460 0 16
45470 0 16
45480 0 16
45490 0 16
45500 0 16
45510 0 16
45520 0 16
45530 0 16
45540 0 16
45550 0 16
45560 0 16
45570 0 16
45580 0 16
45590 0 16
45600 0.1 17
45610 0 17
45620 0 17
45630 0 17
45640 0 17
45650 0 17
45660 0 17
45670 0 17
45680 0 17
45690 0 17
45700 0 17
45710 0 17
45720 0 17
45730 0 17
45740 0 17
45750 0 17
45760 0 17
45770 0 17
45780 0 17
45790 0 17
45800 0 17
45810 0 17
45820 0 17
45830 0 17
45840 0 17
45850 0 17
45860 0 17
45870 0 17
45880 0 17
45890 0 17
45900 0 17
45910 0 17
45920 0 17
45930 0 17
45940 0 17
45950 0 17
45960 0 17
45970 0 17
45980 0 17
45990 0 17
46000 0 17
46010 0 17
46020 0 17
46030 0 17
46040 0 17
46050 0 17
46060 0 17
46070 0 17
46080 0 17
46090 0 17
46100 0 17
46110 0 17
46120 0 17
46130 0 17
46140 0 17
46150 0 17
46160 0 17
46170 0 17
46180 0 17
46190 0 17
46200 0.1 18
46210 0 18
46220 0 18
46230 0 18
46240 0 18
46250 0 18
46260 0 18
46270 0 18
46280 0 18
46290 0 18
46300 0 18
46310 0 18
46320 0 18
46330 0 18
46340 0 18
46350 0 18
46360 0 18
46370 0 18
46380 0 18
46390 0 18
46400 0 18
46410 0 18
46420 0 18
46430 0 18
46440 0 18
46450 0 18
46460 0 18
46470 0 18
46480 0 18
46490 0 18
46500 0 18
46510 0 18
46520 0 18
46530 0 18
46540 0 18
46550 0 18
46560 0 18
46570 0 18
46580 0 18
46590 0 18
46600 0 18
46610 0 18
46620 0 18
46630 0 18
46640 0 18
46650 0 18
46660 0 18
46670 0 18
46680 0 18
46690 0 18
46700 0 18
46710 0 18
46720 0 18
46730 0 18
46740 0 18
46750 0 18
46760 0 18
46770 0 18
46780 0 18
46790 0 18
46800 0.1 19
46810 0 19
46820 0 19
46830 0 19
46840 0 19
46850 0 19
46860 0 19
46870 0 19
46880 0 19
46890 0 19
46900 0 19
46910 0 19
46920 0 19
46930 0 19
46940 0 19
46950 0 19
46960 0 19
46970 0 19
46980 0 19
46990 0 19
47000 0 19
47010 0 19
47020 0 19
47030 0 19
47040 0 19
47050 0 19
47060 0 19
47070 0 19
47080 0 19
47090 0 19
47100 0 19
47110 0 19
47120 0 19
47130 0 19
47140 0 19
47150 0 19
47160 0 19
47170 0 19
47180 0 19
47190 0 19
47200 0 19
47210 0 19
47220 0 19
47230 0 19
47240 0 19
47250 0 19
47260 0 19
47270 0 19
47280 0 19
47290 0 19
47300 0 19
47310 0 19
47320 0 19
47330 0 19
47340 0 19
47350 0 19
47360 0 19
47370 0 19
47380 0 19
47390 0 19
47400 0.1 20
47410 0 20
47420 0 20
47430 0 20
47440 0 20
47450 0 20
47460 0 20
47470 0 20
47480 0 20
47490 0 20
47500 0 20
47510 0 20
47520 0 20
47530 0 20
47540 0 20
47550 0 20
47560 0 20
47570 0 20
47580 0 20
47590 0 20
47600 0 20
47610 0 20
47620 0 20
47630 0 20
47640 0 20
47650 0 20
47660 0 20
47670 0 20
47680 0 20
47690 0 20
47700 0 20
47710 0 20
47720 0 20
47730 0 20
47740 0 20
47750 0 20
47760 0 20
47770 0 20
47780 0 20
47790 0 20
47800 0 20
47810 0 20
47820 0 20
47830 0 20
47840 0 20
47850 0 20
47860 0 20
47870 0 20
47880 0 20
47890 0 20
47900 0 20
47910 0 20
47920 0 20
47930 0 20
47940 0 20
47950 0 20
47960 0 20
47970 0 20
47980 0 20
47990 0 20
48000 0.1 21
48010 0 21
48020 0 21
48030 0 21
48040 0 21
48050 0 21
48060 0 21
48070 0 21
48080 0 21
48090 0 21
48100 0 21
48110 0 21
48120 0 21
48130 0 21
48140 0 21
48150 0 21
48160 0 21
48170 0 21
48180 0 21
48190 0 21
48200 0 21
48210 0 21
48220 0 21
48230 0 21
48240 0 21
48250 0 21
48260 0 21
48270 0 21
48280 0 21
48290 0 21
48300 0 21
48310 0 21
48320 0 21
48330 0 21
48340 0 21
48350 0 21
48360 0 21
48370 0 21
48380 0 21
48390 0 21
48400 0 21
48410 0 21
48420 0 21
48430 0 21
48440 0 21
48450 0 21
48460 0 21
48470 0 21
48480 0 21
48490 0 21
48500 0 21
48510 0 21
48520 0 21
48530 0 21
48540 0 21
48550 0 21
48560 0 21
48570 0 21
48580 0 21
48590 0 21
48600 0.1 22
48610 0 22
48620 0 22
48630 0 22
48640 0 22
48650 0 22
48660 0 22
48670 0 22
48680 0 22
48690 0 22
48700 0 22
48710 0 22
48720 0 22
48730 0 22
48740 0 22
48750 0 22
48760 0 22
48770 0 22
48780 0 22
48790 0 22
48800 0 22
48810 0 22
48820 0 22
48830 0 22
48840 0 22
48850 0 22
48860 0 22
48870 0 22
48880 0 22
48890 0 22
48900 0 22
48910 0 22
48920 0 22
48930 0 22
48940 0 22
48950 0 22
48960 0 22
48970 0 22
48980 0 22
48990 0 22
49000 0 22
49010 0 22
49020 0 22
49030 0 22
49040 0 22
49050 0 22
49060 0 22
49070 0 22
49080 0 22
49090 0 22
49100 0 22
49110 0 22
49120 0 22
49130 0 22
49140 0 22
49150 0 22
49160 0 22
49170 0 22
49180 0 22
49190 0 22
49200 0.1 23
49210 0 23
49220 0 23
49230 0 23
49240 0 23
49250 0 23
49260 0 23
49270 0 23
49280 0 23
49290 0 23
49300 0 23
49310 0 23
49320 0 23
49330 0 23
49340 0 23
49350 0 23
49360 0 23
49370 0 23
49380 0 23
49390 0 23
49400 0 23
49410 0 23
49420 0 23
49430 0 23
49440 0 23
49450 0 23
49460 0 23
49470 0 23
49480 0 23
49490 0 23
49500 0 23
49510 0 23
49520 0 23
49530 0 23
49540 0 23
49550 0 23
49560 0 23
49570 0 23
49580 0 23
49590 0 23
49600 0 23
49610 0 23
49620 0 23
49630 0 23
49640 0 23
49650 0 23
49660 0 23
49670 0 23
49680 0 23
49690 0 23
49700 0 23
49710 0 23
49720 0 23
49730 0 23
49740 0 23
49750 0 23
49760 0 23
49770 0 23
49780 0 23
49790 0 23
49800 0.1 24
49810 0 24
49820 0 24
49830 0 24
49840 0 24
49850 0 24
49860 0 24
49870 0 24
49880 0 24
49890 0 24
49900 0 24
49910 0 24
49920 0 24
49930 0 24
49940 0 24
49950 0 24
49960 0 24
49970 0 24
49980 0 24
49990 0 24
50000 0 24
50010 0 24
50020 0 24
50030 0 24
50040 0 24
50050 0 24
50060 0 24
50070 0 24
50080 0 24
50090 0 24
50100 0 24
50110 0 24
50120 0 24
50130 0 24
50140 0 24
50150 0 24
50160 0 24
50170 0 24
50180 0 24
50190 0 24
50200 0 24
50210 0 24
50220 0 24
50230 0 24
50240 0 24
50250 0 24
50260 0 24
50270 0 24
50280 0 24
50290 0 24
50300 0 24
50310 0 24
50320 0 24
50330 0 24
50340 0 24
50350 0 24
50360 0 24
50370 0 24
50380 0 24
50390 0 24
50400 0.1 25
50410 0 25
50420 0 25
50430 0 25
50440 0 25
50450 0 25
50460 0 25
50470 0 25
50480 0 25
50490 0 25
50500 0 25
50510 0 25
50520 0 25
50530 0 25
50540 0 25
50550 0 25
50560 0 25
50570 0 25
50580 0 25
50590 0 25
50600 0 25
50610 0 25
50620 0 25
50630 0 25
50640 0 25
50650 0 25
50660 0 25
50670 0 25
50680 0 25
50690 0 25
50700 0 25
50710 0 25
50720 0 25
50730 0 25
50740 0 25
50750 0 25
50760 0 25
50770 0 25
50780 0 25
50790 0 25
50800 0 25
50810 0 25
50820 0 25
50830 0 25
50840 0 25
50850 0 25
50860 0 25
50870 0 25
50880 0 25
50890 0 25
50900 0 25
50910 0 25
50920 0 25
50930 0 25
50940 0 25
50950 0 25
50960 0 25
50970 0 25
50980 0 25
50990 0 25
51000 0.1 26
51010 0 26
51020 0 26
51030 0 26
51040 0 26
51050 0 26
51060 0 26
51070 0 26
51080 0 26
51090 0 26
51100 0 26
51110 0 26
51120 0 26
51130 0 26
51140 0 26
51150 0 26
51160 0 26
51170 0 26
51180 0 26
51190 0 26
51200 0 26
51210 0 26
51220 0 26
51230 0 26
51240 0 26
51250 0 26
51260 0 26
51270 0 26
51280 0 26
51290 0 26
51300 0 26
51310 0 26
51320 0 26
51330 0 26
51340 0 26
51350 0 26
51360 0 26
51370 0 26
51380 0 26
51390 0 26
51400 0 26
51410 0 26
51420 0 26
51430 0 26
51440 0 26
51450 0 26
51460 0 26
51470 0 26
51480 0 26
51490 0 26
51500 0 26
51510 0 26
51520 0 26
51530 0 26
51540 0 26
51550 0 26
51560 0 26
51570 0 26
51580 0 26
51590 0 26
51600 0.1 27
51610 0 27
51620 0 27
51630 0 27
51640 0 27
51650 0 27
51660 0 27
51670 0 27
51680 0 27
51690 0 27
51700 0 27
51710 0 27
51720 0 27
51730 0 27
51740 0 27
51750 0 27
51760 0 27
51770 0 27
51780 0 27
51790 0 27
51800 0 27
51810 0 27
51820 0 27
51830 0 27
51840 0 27
51850 0 27
51860 0 27
51870 0 27
51880 0 27
51890 0 27
51900 0 27
51910 0 27
51920 0 27
51930 0 27
51940 0 27
51950 0 27
51960 0 27
51970 0 27
51980 0 27
51990 0 27
52000 0 27
52010 0 27
52020 0 27
52030 0 27
52040 0 27
52050 0 27
52060 0 27
52070 0 27
52080 0 27
52090 0 27
52100 0 27
52110 0 27
52120 0 27
52130 0 27
52140 0 27
52150 0 27
52160 0 27
52170 0 27
52180 0 27
52190 0 27
52200 0.1 28
52210 0 28
52220 0 28
52230 0 28
52240 0 28
52250 0 28
52260 0 28
52270 0 28
52280 0 28
52290 0 28
52300 0 28
52310 0 28
52320 0 28
52330 0 28
52340 0 28
52350 0 28
52360 0 28
52370 0 28
52380 0 28
52390 0 28
52400 0 28
52410 0 28
52420 0 28
52430 0 28
52440 0 28
52450 0 28
52460 0 28
52470 0 28
52480 0 28
52490 0 28
52500 0 28
52510 0 28
52520 0 28
52530 0 28
52540 0 28
52550 0 28
52560 0 28
52570 0 28
52580 0 28
52590 0 28
52600 0 28
52610 0 28
52620 0 28
52630 0 28
52640 0 28
52650 0 28
52660 0 28
52670 0 28
52680 0 28
52690 0 28
52700 0 28
52710 0 28
52720 0 28
52730 0 28
52740 0 28
52750 0 28
52760 0 28
52770 0 28
52780 0 28
52790 0 28
52800 0 28
52810 0 28
52820 0 28
52830 0 28
52840 0 28
52850 0 28
52860 0 28
52870 0 28
52880 0 28
52890 0 28
52900 0 28
52910 0 28
52920 0 28
52930 0 28
52940 0 28
