0 0.9 9
10 1.4 23
20 2.9 52
30 2 72
40 3.1 103
50 5.2 155
60 6.9 224
70 7.3 297
80 7 367
90 6.3 430
100 7.3 503
110 7.4 577
120 8.3 660
130 6.2 722
140 7.1 793
150 8.7 880
160 10.4 984
170 10.8 1092
180 9.2 1184
190 13.3 1317
200 11.6 1433
210 11.8 1551
220 10.4 1655
230 10.6 1761
240 11 1871
250 10.7 1978
260 12.5 2103
270 12.3 2226
280 11.3 2339
290 12.1 2460
300 12.6 2586
310 10.1 2687
320 12.6 2813
330 10.3 2916
340 10.6 3022
350 13 3152
360 11.8 3270
370 12 3390
380 12.1 3511
390 12.2 3633
400 12.2 3755
410 13.6 3891
420 13 4021
430 12.3 4144
440 11.6 4260
450 13.2 4392
460 10.9 4501
470 11.8 4619
480 12.3 4742
490 10.5 4847
500 12 4967
510 12 5087
520 11.2 5199
530 10.8 5307
540 13.7 5444
550 12.8 5572
560 12.1 5693
570 13.7 5830
580 13.1 5961
590 11.4 6075
600 12.6 6201
610 11.9 6320
620 11 6430
630 10.8 6538
640 13 6668
650 12.8 6796
660 10.6 6902
670 11.4 7016
680 10.8 7124
690 13 7254
700 14.4 7398
710 12.5 7523
720 12.7 7650
730 12.7 7777
740 12.8 7905
750 12.8 8033
760 14.7 8180
770 11.6 8296
780 11.7 8413
790 12.3 8536
800 11.8 8654
810 12.2 8776
820 12.7 8903
830 12.7 9030
840 11.5 9145
850 10.7 9252
860 12.6 9378
870 10.4 9482
880 12 9602
890 10.7 9709
900 11.9 9828
910 12.5 9953
920 14.6 10099
930 13.3 10232
940 12.7 10359
950 12.4 10483
960 12.6 10609
970 14.4 10753
980 11.2 10865
990 9.7 10962
1000 12.5 11087
1010 10.7 11194
1020 13.3 11327
1030 11.6 11443
1040 11.9 11562
1050 12.3 11685
1060 12.5 11810
1070 13.2 11942
1080 12.3 12065
1090 12.2 12187
1100 13.2 12319
1110 11.7 12436
1120 11.1 12547
1130 14 12687
1140 10.1 12788
1150 12.9 12917
1160 12 13037
1170 13.3 13170
1180 14 13310
1190 14 13450
1200 12.3 13573
1210 13.7 13710
1220 10.3 13813
1230 10.5 13918
1240 10.9 14027
1250 12.6 14153
1260 15.3 14306
1270 11.5 14421
1280 12.3 14544
1290 11.7 14661
1300 11.2 14773
1310 13.8 14911
1320 11.9 15030
1330 10.4 15134
1340 11.8 15252
1350 15 15402
1360 11.9 15521
1370 10.5 15626
1380 12.8 15754
1390 11.1 15865
1400 12.8 15993
1410 13.7 16130
1420 12.1 16251
1430 11 16361
1440 15 16511
1450 9.5 16606
1460 12.3 16729
1470 13 16859
1480 13 16989
1490 11.1 17100
1500 11.2 17212
1510 12.8 17340
1520 11.4 17454
1530 12.1 17575
1540 12.8 17703
1550 11.9 17822
1560 13.5 17957
1570 13.8 18095
1580 10 18195
1590 12 18315
1600 12.6 18441
1610 11.6 18557
1620 11 18667
1630 11.8 18785
1640 12.5 18910
1650 11.8 19028
1660 12.6 19154
1670 11.5 19269
1680 12.1 19390
1690 9.9 19489
1700 11.1 19600
1710 14 19740
1720 12 19860
1730 12.4 19984
1740 13.3 20117
1750 11.7 20234
1760 12.8 20362
1770 10.1 20463
1780 16.2 20625
1790 11.3 20738
1800 10.4 20842
1810 11.3 20955
1820 11.6 21071
1830 12 21191
1840 11.1 21302
1850 12.7 21429
1860 10 21529
1870 13 21659
1880 10.7 21766
1890 13 21896
1900 9.9 21995
1910 12.7 22122
1920 12.3 22245
1930 10.9 22354
1940 13 22484
1950 13.5 22619
1960 13.4 22753
1970 14 22893
1980 11.1 23004
1990 12.4 23128
2000 11.4 23242
2010 9.8 23340
2020 13.8 23478
2030 12.3 23601
2040 11.2 23713
2050 14.2 23855
2060 11.8 23973
2070 13.7 24110
2080 12.9 24239
2090 13 24369
2100 12.5 24494
2110 11.9 24613
2120 12.3 24736
2130 14.9 24885
2140 11.6 25001
2150 11.3 25114
2160 14 25254
2170 11.3 25367
2180 13.3 25500
2190 13 25630
2200 12.8 25758
2210 14 25898
2220 11.7 26015
2230 11.5 26130
2240 10.7 26237
2250 13.4 26371
2260 11.9 26490
2270 12.2 26612
2280 12.5 26737
2290 13 26867
2300 12.6 26993
2310 11.1 27104
2320 11.5 27219
2330 11.5 27334
2340 11.4 27448
2350 13.7 27585
2360 13.4 27719
2370 10.4 27823
2380 10.5 27928
2390 12.8 28056
2400 13.9 28195
2410 12.2 28317
2420 13.5 28452
2430 11.8 28570
2440 12.8 28698
2450 14.4 28842
2460 13.8 28980
2470 10.3 29083
2480 12.1 29204
2490 12.5 29329
2500 12.3 29452
2510 12.5 29577
2520 13.5 29712
2530 13 29842
2540 11.8 29960
2550 12.6 30086
2560 12.3 30209
2570 11.7 30326
2580 13.3 30459
2590 14 30599
2600 13 30729
2610 11.6 30845
2620 10 30945
2630 11.4 31059
2640 11.6 31175
2650 11.8 31293
2660 9.2 31385
2670 10.8 31493
2680 14 31633
2690 13.8 31771
2700 13.9 31910
2710 12.6 32036
2720 12.6 32162
2730 13.6 32298
2740 12.2 32420
2750 11.7 32537
2760 10.9 32646
2770 13.6 32782
2780 11.3 32895
2790 11 33005
2800 11.5 33120
2810 14.9 33269
2820 14.9 33418
2830 11.7 33535
2840 9.4 33629
2850 12.6 33755
2860 9.5 33850
2870 10.9 33959
2880 14.1 34100
2890 9.8 34198
2900 10.4 34302
2910 10.7 34409
2920 10.8 34517
2930 10.9 34626
2940 13.5 34761
2950 14.2 34903
2960 11.4 35017
2970 8.5 35102
2980 9.4 35196
2990 13.6 35332
3000 12.7 35459
3010 12.1 35580
3020 11.1 35691
3030 12.1 35812
3040 13.3 35945
3050 11.5 36060
3060 9.1 36151
3070 12.6 36277
3080 10.6 36383
3090 11 36493
3100 13.8 36631
3110 10.8 36739
3120 13 36869
3130 9.8 36967
3140 11.2 37079
3150 15 37229
3160 9.8 37327
3170 14.6 37473
3180 10.8 37581
3190 13.9 37720
3200 13.5 37855
3210 13.4 37989
3220 9.2 38081
3230 11.2 38193
3240 11.5 38308
3250 14.8 38456
3260 11.6 38572
3270 10.9 38681
3280 13.8 38819
3290 13 38949
3300 10 39049
3310 10.4 39153
3320 14.2 39295
3330 15.3 39448
3340 11 39558
3350 9.1 39649
3360 14.1 39790
3370 14.2 39932
3380 11.4 40046
3390 13.3 40179
3400 9.1 40270
3410 13.3 40403
3420 12.3 40526
3430 12.1 40647
3440 11 40757
3450 12.7 40884
3460 15.3 41037
3470 13.2 41169
3480 11.5 41284
3490 11.3 41397
3500 11.6 41513
3510 14 41653
3520 12.1 41774
3530 12.5 41899
3540 12.4 42023
3550 11.7 42140
3560 12.3 42263
3570 12.2 42385
3580 11.5 42500
3590 12.4 42624
3600 15 42774
3610 14.6 42920
3620 11.9 43039
3630 12.9 43168
3640 12.3 43291
3650 15 43441
3660 13.2 43573
3670 11.1 43684
3680 10.5 43789
3690 11 43899
3700 15.6 44055
3710 10.8 44163
3720 11.9 44282
3730 14.6 44428
3740 11.9 44547
3750 8.3 44630
3760 14.5 44775
3770 15.3 44928
3780 12.8 45056
3790 10.3 45159
3800 11.2 45271
3810 12.7 45398
3820 12.3 45521
3830 12.8 45649
3840 13 45779
3850 11 45889
3860 12.6 46015
3870 11.1 46126
3880 11.6 46242
3890 12.3 46365
3900 11.9 46484
3910 10.9 46593
3920 9.4 46687
3930 12.3 46810
3940 12.6 46936
3950 9.8 47034
3960 11.5 47149
3970 11.1 47260
3980 8.8 47348
3990 12.7 47475
4000 11.2 47587
4010 11.4 47701
4020 13.1 47832
4030 11.7 47949
4040 11.3 48062
4050 12.5 48187
4060 14.5 48332
4070 14.5 48477
4080 10.8 48585
4090 12.1 48706
4100 12.6 48832
4110 14.1 48973
4120 13.4 49107
4130 10.9 49216
4140 10.6 49322
4150 12.9 49451
4160 13 49581
4170 14.1 49722
4180 9.8 49820
4190 10.9 49929
4200 11 50039
4210 11.5 50154
4220 14 50294
4230 9.8 50392
4240 14.6 50538
4250 13.6 50674
4260 11.2 50786
4270 10.2 50888
4280 13.3 51021
4290 12.2 51143
4300 11.4 51257
4310 13.4 51391
4320 13.9 51530
4330 12.1 51651
4340 12.1 51772
4350 10.2 51874
4360 12.2 51996
4370 13.6 52132
4380 11.2 52244
4390 13.3 52377
4400 8.8 52465
4410 10.1 52566
4420 11.8 52684
4430 13 52814
4440 11.6 52930
4450 12.7 53057
4460 12.9 53186
4470 11.7 53303
4480 11.9 53422
4490 13.5 53557
4500 11.9 53676
4510 13.8 53814
4520 10.2 53916
4530 12.7 54043
4540 11.1 54154
4550 15.9 54313
4560 10 54413
4570 13.8 54551
4580 15.3 54704
4590 10.1 54805
4600 14.1 54946
4610 11.2 55058
4620 11.2 55170
4630 15.8 55328
4640 12 55448
4650 9.7 55545
4660 13.1 55676
4670 12.5 55801
4680 14 55941
4690 14.4 56085
4700 9.9 56184
4710 12.6 56310
4720 14.1 56451
4730 12.1 56572
4740 13.7 56709
4750 11.6 56825
4760 9 56915
4770 10.1 57016
4780 13.8 57154
4790 10.3 57257
4800 13.5 57392
4810 12.6 57518
4820 12.4 57642
4830 11.4 57756
4840 12.2 57878
4850 11.3 57991
4860 11.9 58110
4870 13.1 58241
4880 10.2 58343
4890 13.6 58479
4900 12.3 58602
4910 10.6 58708
4920 12.6 58834
4930 10.9 58943
4940 12.5 59068
4950 10.3 59171
4960 10.2 59273
4970 13.4 59407
4980 11.7 59524
4990 12.3 59647
5000 13.9 59786
5010 12.2 59908
5020 11.6 60024
5030 10.1 60125
5040 7.8 60203
5050 9.1 60294
5060 11 60404
5070 15.9 60563
5080 13.9 60702
5090 12 60822
5100 12.5 60947
5110 14.6 61093
5120 13.2 61225
5130 10.2 61327
5140 13.6 61463
5150 12.9 61592
5160 11.6 61708
5170 11.5 61823
5180 11.3 61936
5190 12.2 62058
5200 11.4 62172
5210 12.5 62297
5220 13.4 62431
5230 12 62551
5240 11.6 62667
5250 11 62777
5260 13.9 62916
5270 11.8 63034
5280 12.4 63158
5290 11.5 63273
5300 12.6 63399
5310 12.2 63521
5320 10.7 63628
5330 12.2 63750
5340 11 63860
5350 10.3 63963
5360 14.7 64110
5370 11 64220
5380 9.5 64315
5390 13.5 64450
5400 11.2 64562
5410 11.8 64680
5420 9.6 64776
5430 11.7 64893
5440 11.7 65010
5450 15.5 65165
5460 12.4 65289
5470 11.7 65406
5480 11.1 65517
5490 10.1 65618
5500 11.7 65735
5510 14.1 65876
5520 14 66016
5530 12.8 66144
5540 9.1 66235
5550 13.6 66371
5560 14.4 66515
5570 11.5 66630
5580 11.9 66749
5590 14 66889
5600 9 66979
5610 12.7 67106
5620 14.3 67249
5630 13.4 67383
5640 11.3 67496
5650 11.9 67615
5660 12.8 67743
5670 11.5 67858
5680 12.9 67987
5690 12.3 68110
5700 11.4 68224
5710 14.2 68366
5720 12.4 68490
5730 12.1 68611
5740 11.7 68728
5750 11.4 68842
5760 12.7 68969
5770 13.8 69107
5780 10.9 69216
5790 12.1 69337
5800 11.3 69450
5810 11.7 69567
5820 12.5 69692
5830 9.6 69788
5840 8.3 69871
5850 15.5 70026
5860 14.1 70167
5870 10.5 70272
5880 11.4 70386
5890 12.3 70509
5900 11.4 70623
5910 11.7 70740
5920 13.2 70872
5930 11.1 70983
5940 13.2 71115
5950 13.3 71248
5960 10.2 71350
5970 12.4 71474
5980 10.8 71582
5990 10.1 71683
6000 13 71813
6010 13.3 71946
6020 9.6 72042
6030 11 72152
6040 15 72302
6050 14 72442
6060 10.4 72546
6070 13.2 72678
6080 13.5 72813
6090 13.3 72946
6100 11.4 73060
6110 11.3 73173
6120 10.7 73280
6130 11.6 73396
6140 11.8 73514
6150 13.8 73652
6160 12.2 73774
6170 11.5 73889
6180 12.8 74017
6190 13.1 74148
6200 10.7 74255
6210 11.8 74373
6220 12.6 74499
6230 10.7 74606
6240 13.4 74740
6250 13.7 74877
6260 12 74997
6270 13.3 75130
6280 13.4 75264
6290 13.1 75395
6300 10.8 75503
6310 11.3 75616
6320 13.6 75752
6330 10.8 75860
6340 14.3 76003
6350 13.1 76134
6360 10.8 76242
6370 13.3 76375
6380 13.2 76507
6390 13.4 76641
6400 13.9 76780
6410 13.6 76916
6420 11.7 77033
6430 13.8 77171
6440 10.2 77273
6450 14.4 77417
6460 11.4 77531
6470 11.2 77643
6480 16.6 77809
6490 11 77919
6500 11.2 78031
6510 11 78141
6520 12.4 78265
6530 13.2 78397
6540 14.3 78540
6550 13.8 78678
6560 10 78778
6570 11.2 78890
6580 13.8 79028
6590 14.9 79177
6600 11.4 79291
6610 9.9 79390
6620 12.2 79512
6630 15.5 79667
6640 11.2 79779
6650 10.1 79880
6660 12.3 80003
6670 13.7 80140
6680 12.6 80266
6690 10.8 80374
6700 13.4 80508
6710 12.5 80633
6720 10.5 80738
6730 10.9 80847
6740 12.2 80969
6750 11.7 81086
6760 16.3 81249
6770 12.7 81376
6780 12.3 81499
6790 12.2 81621
6800 9.8 81719
6810 14 81859
6820 13.8 81997
6830 14.1 82138
6840 12.3 82261
6850 10.6 82367
6860 11.5 82482
6870 14.7 82629
6880 10 82729
6890 12.1 82850
6900 12.6 82976
6910 11.5 83091
6920 13.6 83227
6930 13.1 83358
6940 10.2 83460
6950 12.8 83588
6960 10.9 83697
6970 11.8 83815
6980 12.1 83936
6990 10.3 84039
7000 10.9 84148
7010 12.8 84276
7020 10.4 84380
7030 15.6 84536
7040 13.6 84672
7050 12.7 84799
7060 8.4 84883
7070 10.8 84991
7080 13.8 85129
7090 11.5 85244
7100 10 85344
7110 14.1 85485
7120 11 85595
7130 12.4 85719
7140 12.4 85843
7150 10.5 85948
7160 12 86068
7170 13.1 86199
7180 13.7 86336
7190 11.6 86452
7200 13.8 86590
7210 12.4 86714
7220 11 86824
7230 13 86954
7240 11.4 87068
7250 14.6 87214
7260 11.1 87325
7270 11.5 87440
7280 12.3 87563
7290 11 87673
7300 12.4 87797
7310 11.3 87910
7320 8.7 87997
7330 13.2 88129
7340 13.3 88262
7350 12.2 88384
7360 15.2 88536
7370 13.3 88669
7380 9.2 88761
7390 10.4 88865
7400 15.5 89020
7410 13.5 89155
7420 9.4 89249
7430 11.9 89368
7440 13.1 89499
7450 9.6 89595
7460 14.4 89739
7470 10.3 89842
7480 12.3 89965
7490 10.1 90066
7500 12.7 90193
7510 12.4 90317
7520 13.2 90449
7530 10.3 90552
7540 10 90652
7550 10.4 90756
7560 15.7 90913
7570 11.3 91026
7580 11.1 91137
7590 14.4 91281
7600 13.5 91416
7610 10.6 91522
7620 14 91662
7630 15.4 91816
7640 9.5 91911
7650 10.8 92019
7660 10.1 92120
7670 13.4 92254
7680 14.5 92399
7690 11.6 92515
7700 10.7 92622
7710 10.3 92725
7720 9.1 92816
7730 15.9 92975
7740 11.8 93093
7750 11.8 93211
7760 9.9 93310
7770 11.3 93423
7780 13.4 93557
7790 10.3 93660
7800 12.8 93788
7810 12.7 93915
7820 12.1 94036
7830 12.4 94160
7840 11.5 94275
7850 13.6 94411
7860 11.4 94525
7870 12.1 94646
7880 11.1 94757
7890 13 94887
7900 12.9 95016
7910 16 95176
7920 13.2 95308
7930 11.2 95420
7940 12.1 95541
7950 10.8 95649
7960 13.6 95785
7970 11.3 95898
7980 11.6 96014
7990 12.9 96143
8000 12.1 96264
8010 12.1 96385
8020 13.6 96521
8030 12.8 96649
8040 14.4 96793
8050 11 96903
8060 10.6 97009
8070 13.8 97147
8080 12.4 97271
8090 11.9 97390
8100 10.6 97496
8110 11.4 97610
8120 11.2 97722
8130 14 97862
8140 13.1 97993
8150 12.4 98117
8160 13 98247
8170 12.8 98375
8180 11.9 98494
8190 11.3 98607
8200 9.6 98703
8210 9.4 98797
8220 13.2 98929
8230 11.8 99047
8240 9.7 99144
8250 11 99254
8260 13.9 99393
8270 11.7 99510
8280 12 99630
8290 12.5 99755
8300 10.1 99856
8310 9.2 99948
8320 13.5 100083
8330 10.5 100188
8340 12 100308
8350 11.7 100425
8360 12.2 100547
8370 9.9 100646
8380 14.2 100788
8390 10.7 100895
8400 11.2 101007
8410 12.2 101129
8420 12.3 101252
8430 13.4 101386
8440 11.5 101501
8450 10.4 101605
8460 10 101705
8470 11.2 101817
8480 13.9 101956
8490 14.3 102099
8500 11.6 102215
8510 12.3 102338
8520 13 102468
8530 14.1 102609
8540 10.6 102715
8550 12.3 102838
8560 13.6 102974
8570 13.1 103105
8580 13.5 103240
8590 9.4 103334
8600 11 103444
8610 13.3 103577
8620 13.7 103714
8630 10 103814
8640 12.3 103937
8650 10.6 104043
8660 12.9 104172
8670 12.7 104299
8680 9.7 104396
8690 12.3 104519
8700 13.8 104657
8710 14.5 104802
8720 12.5 104927
8730 10.4 105031
8740 12.4 105155
8750 13.7 105292
8760 13.6 105428
8770 12 105548
8780 11.9 105667
8790 9.4 105761
8800 12.2 105883
8810 16.3 106046
8820 9.1 106137
8830 9.2 106229
8840 11.7 106346
8850 13.1 106477
8860 13.7 106614
8870 9.4 106708
8880 11.3 106821
8890 12.9 106950
8900 12.2 107072
8910 10.9 107181
8920 11.4 107295
8930 14 107435
8940 11.8 107553
8950 12.2 107675
8960 11.1 107786
8970 12.4 107910
8980 11.7 108027
8990 12.6 108153
9000 12.2 108275
9010 10.5 108380
9020 9.7 108477
9030 12.7 108604
9040 13.9 108743
9050 13.9 108882
9060 10.3 108985
9070 8.7 109072
9080 13.8 109210
9090 12 109330
9100 11.6 109446
9110 12.2 109568
9120 11.3 109681
9130 13.9 109820
9140 10.9 109929
9150 14.3 110072
9160 11.8 110190
9170 12.6 110316
9180 11.7 110433
9190 15.6 110589
9200 11.7 110706
9210 11.8 110824
9220 13.3 110957
9230 13.6 111093
9240 13.6 111229
9250 12.5 111354
9260 9.6 111450
9270 13.4 111584
9280 15 111734
9290 12.6 111860
9300 10 111960
9310 13.9 112099
9320 11.2 112211
9330 11.3 112324
9340 12.5 112449
9350 12.2 112571
9360 12.1 112692
9370 12.2 112814
9380 13.4 112948
9390 13.4 113082
9400 12.4 113206
9410 12.8 113334
9420 10.4 113438
9430 11.2 113550
9440 10.3 113653
9450 14.3 113796
9460 11 113906
9470 9.4 114000
9480 9.9 114099
9490 12.9 114228
9500 11.1 114339
9510 12 114459
9520 11.4 114573
9530 10 114673
9540 11.4 114787
9550 13.7 114924
9560 11.9 115043
9570 11.5 115158
9580 15.1 115309
9590 14.1 115450
9600 12.4 115574
9610 11.2 115686
9620 13.3 115819
9630 10 115919
9640 13.7 116056
9650 10.8 116164
9660 12.5 116289
9670 11.4 116403
9680 12.2 116525
9690 10.7 116632
9700 11.7 116749
9710 13.6 116885
9720 14.6 117031
9730 11.1 117142
9740 9.5 117237
9750 10.8 117345
9760 13.1 117476
9770 14.7 117623
9780 10.9 117732
9790 13.3 117865
9800 11.4 117979
9810 11.5 118094
9820 14.2 118236
9830 15.1 118387
9840 11.9 118506
9850 10.6 118612
9860 15.4 118766
9870 13.7 118903
9880 13 119033
9890 13 119163
9900 12.3 119286
9910 10.9 119395
9920 13 119525
9930 12.2 119647
9940 13.3 119780
9950 11.8 119898
9960 11.1 120009
9970 9.6 120105
9980 11.7 120222
9990 15.1 120373
10000 10.6 120479
10010 12.6 120605
10020 12.2 120727
10030 10.6 120833
10040 11.3 120946
10050 10.3 121049
10060 12 121169
10070 13.4 121303
10080 11.6 121419
10090 12.8 121547
10100 12.8 121675
10110 10.8 121783
10120 12.5 121908
10130 9.3 122001
10140 10.5 122106
10150 16.6 122272
10160 12.3 122395
10170 12.4 122519
10180 10.2 122621
10190 9.3 122714
10200 11.9 122833
10210 11.3 122946
10220 14.1 123087
10230 11 123197
10240 9.2 123289
10250 13.2 123421
10260 15.6 123577
10270 12.6 123703
10280 9.6 123799
10290 10.5 123904
10300 13.1 124035
10310 16.5 124200
10320 10.8 124308
10330 12.6 124434
10340 13.2 124566
10350 12.6 124692
10360 12.1 124813
10370 14.2 124955
10380 9.9 125054
10390 11.2 125166
10400 11.4 125280
10410 11.9 125399
10420 14.3 125542
10430 12.1 125663
10440 11.6 125779
10450 9.5 125874
10460 12.3 125997
10470 12.3 126120
10480 11.3 126233
10490 12.3 126356
10500 11.8 126474
10510 14.3 126617
10520 7.1 126688
10530 5.3 126741
10540 10.6 126847
10550 9.8 126945
10560 13.2 127077
10570 5.5 127132
10580 11 127242
10590 11.1 127353
10600 13 127483
10610 12 127603
10620 12.2 127725
10630 11.2 127837
10640 11.2 127949
10650 12 128069
10660 11.9 128188
10670 11.8 128306
10680 9.7 128403
10690 12.5 128528
10700 13.3 128661
10710 15.3 128814
10720 12.4 128938
10730 10 129038
10740 11.8 129156
10750 11.8 129274
10760 13.5 129409
10770 10.6 129515
10780 11 129625
10790 15.2 129777
10800 15.7 129934
10810 11.1 130045
10820 10.7 130152
10830 12.2 130274
10840 11.6 130390
10850 10.6 130496
10860 11.9 130615
10870 15.9 130774
10880 11.9 130893
10890 13.4 131027
10900 11.6 131143
10910 11.9 131262
10920 11.3 131375
10930 9.6 131471
10940 11.5 131586
10950 14.1 131727
10960 13.7 131864
10970 11.6 131980
10980 8.7 132067
10990 9.2 132159
11000 14.2 132301
11010 13.1 132432
11020 11.1 132543
11030 11.7 132660
11040 13.4 132794
11050 13.7 132931
11060 11.6 133047
11070 10.8 133155
11080 15.4 133309
11090 12 133429
11100 14.1 133570
11110 13.2 133702
11120 11.5 133817
11130 11.1 133928
11140 14.8 134076
11150 15.5 134231
11160 10.9 134340
11170 12.7 134467
11180 12.3 134590
11190 11.1 134701
11200 10.4 134805
11210 7.6 134881
11220 14.6 135027
11230 11.7 135144
11240 13 135274
11250 13.6 135410
11260 13.6 135546
11270 11.7 135663
11280 12.1 135784
11290 13.9 135923
11300 11.2 136035
11310 14.3 136178
11320 13.5 136313
11330 10.2 136415
11340 14 136555
11350 14.8 136703
11360 12.6 136829
11370 10.2 136931
11380 13.3 137064
11390 12.2 137186
11400 11.9 137305
11410 11.2 137417
11420 12.6 137543
11430 13.2 137675
11440 11.7 137792
11450 12.1 137913
11460 12.6 138039
11470 10.7 138146
11480 12.6 138272
11490 11.8 138390
11500 11.6 138506
11510 10 138606
11520 12.5 138731
11530 10.3 138834
11540 9.4 138928
11550 13.2 139060
11560 10.1 139161
11570 11.7 139278
11580 12.2 139400
11590 13.9 139539
11600 11.7 139656
11610 10.6 139762
11620 11.5 139877
11630 10.9 139986
11640 11 140096
11650 10.3 140199
11660 11 140309
11670 12.1 140430
11680 12.3 140553
11690 11.7 140670
11700 10.2 140772
11710 13 140902
11720 13.6 141038
11730 12.8 141166
11740 11.7 141283
11750 14.2 141425
11760 11.4 141539
11770 10.8 141647
11780 13.8 141785
11790 11.1 141896
11800 10.2 141998
11810 14 142138
11820 11.9 142257
11830 10.8 142365
11840 12.9 142494
11850 10.7 142601
11860 10.5 142706
11870 12.8 142834
11880 12.7 142961
11890 12.7 143088
11900 12.2 143210
11910 11.5 143325
11920 12 143445
11930 11.3 143558
11940 13.8 143696
11950 11.6 143812
11960 12.6 143938
11970 9.7 144035
11980 11.9 144154
11990 14.4 144298
12000 11.4 144412
12010 10.7 144519
12020 12.6 144645
12030 11.5 144760
12040 12.7 144887
12050 13.7 145024
12060 12.9 145153
12070 10.8 145261
12080 13.6 145397
12090 12.8 145525
12100 9.1 145616
12110 13.3 145749
12120 10.4 145853
12130 10.9 145962
12140 10.7 146069
12150 14.4 146213
12160 10.8 146321
12170 11.6 146437
12180 12.5 146562
12190 12.3 146685
12200 10.6 146791
12210 11.5 146906
12220 12.8 147034
12230 13.9 147173
12240 15 147323
12250 10.2 147425
12260 13.2 147557
12270 14.1 147698
12280 12.6 147824
12290 13.8 147962
12300 14 148102
12310 12.3 148225
12320 10.5 148330
12330 13.4 148464
12340 13.2 148596
12350 11.5 148711
12360 12.2 148833
12370 11.2 148945
12380 10.2 149047
12390 12.8 149175
12400 12.9 149304
12410 12.1 149425
12420 11.8 149543
12430 13.1 149674
12440 11.3 149787
12450 13.9 149926
12460 12.9 150055
12470 12.2 150177
12480 13.5 150312
12490 12.1 150433
12500 13.1 150564
12510 11.6 150680
12520 12.4 150804
12530 14.1 150945
12540 13.6 151081
12550 13.5 151216
12560 12 151336
12570 12.5 151461
12580 13 151591
12590 12.8 151719
12600 11.4 151833
12610 14.3 151976
12620 11.7 152093
12630 12.8 152221
12640 15.6 152377
12650 13 152507
12660 12.5 152632
12670 12.2 152754
12680 12.2 152876
12690 11.4 152990
12700 12.6 153116
12710 12.3 153239
12720 13.1 153370
12730 14 153510
12740 10.1 153611
12750 11.9 153730
12760 11.4 153844
12770 12.8 153972
12780 13.7 154109
12790 14.2 154251
12800 10.5 154356
12810 14.1 154497
12820 9.3 154590
12830 12.7 154717
12840 12.6 154843
12850 12.8 154971
12860 16 155131
12870 11.2 155243
12880 12.9 155372
12890 12.4 155496
12900 10.7 155603
12910 13.9 155742
12920 13.9 155881
12930 11.2 155993
12940 12.6 156119
12950 11.8 156237
12960 10.9 156346
12970 12.2 156468
12980 9.8 156566
12990 12.2 156688
13000 12.8 156816
13010 8.8 156904
13020 13.2 157036
13030 13.9 157175
13040 9.3 157268
13050 11.7 157385
13060 15.4 157539
13070 13.3 157672
13080 12.3 157795
13090 11.8 157913
13100 12.5 158038
13110 11.7 158155
13120 11.8 158273
13130 13.8 158411
13140 11.8 158529
13150 12.2 158651
13160 10.5 158756
13170 11.5 158871
13180 13 159001
13190 11.3 159114
13200 14 159254
13210 10.4 159358
13220 13.6 159494
13230 12.8 159622
13240 11.3 159735
13250 11.1 159846
13260 13.5 159981
13270 8.9 160070
13280 11.5 160185
13290 15.7 160342
13300 10.7 160449
13310 12.4 160573
13320 12.2 160695
13330 13.4 160829
13340 11.2 160941
13350 11.9 161060
13360 11.9 161179
13370 13.5 161314
13380 14.9 161463
13390 9.6 161559
13400 8.5 161644
13410 11.2 161756
13420 15.5 161911
13430 13.1 162042
13440 11.1 162153
13450 12.8 162281
13460 12 162401
13470 13.2 162533
13480 13.1 162664
13490 15.3 162817
13500 14.9 162966
13510 11.7 163083
13520 11.4 163197
13530 12.3 163320
13540 12.7 163447
13550 11.9 163566
13560 11.1 163677
13570 12.5 163802
13580 13.2 163934
13590 12 164054
13600 12.2 164176
13610 11.7 164293
13620 9.9 164392
13630 11.8 164510
13640 12.3 164633
13650 11.3 164746
13660 14.3 164889
13670 13.3 165022
13680 12.5 165147
13690 9.7 165244
13700 11.1 165355
13710 15.4 165509
13720 14.2 165651
13730 12.4 165775
13740 15.1 165926
13750 11.8 166044
13760 11.9 166163
13770 10.2 166265
13780 14.3 166408
13790 12.8 166536
13800 12 166656
13810 12.8 166784
13820 11.1 166895
13830 11.5 167010
13840 13 167140
13850 12.3 167263
13860 16.6 167429
13870 11.6 167545
13880 10.1 167646
13890 13.5 167781
13900 11.3 167894
13910 10.9 168003
13920 15.6 168159
13930 13.1 168290
13940 10.3 168393
13950 9.7 168490
13960 11.2 168602
13970 13 168732
13980 12.3 168855
13990 12.9 168984
14000 10 169084
14010 13.8 169222
14020 13.7 169359
14030 12.3 169482
14040 14.6 169628
14050 9.7 169725
14060 10.2 169827
14070 14.9 169976
14080 12.4 170100
14090 8.9 170189
14100 14.9 170338
14110 11.2 170450
14120 12.1 170571
14130 12.1 170692
14140 10.9 170801
14150 11.1 170912
14160 12 171032
14170 11.3 171145
14180 12.3 171268
14190 12.8 171396
14200 12.1 171517
14210 11.8 171635
14220 11.1 171746
14230 11.8 171864
14240 10.8 171972
14250 11.8 172090
14260 13.7 172227
14270 12.7 172354
14280 10.7 172461
14290 13.4 172595
14300 11.8 172713
14310 14 172853
14320 12.1 172974
14330 11.4 173088
14340 12.2 173210
14350 11.2 173322
14360 10.9 173431
14370 14.4 173575
14380 13.1 173706
14390 12.3 173829
14400 13 173959
14410 10.5 174064
14420 12.3 174187
14430 14 174327
14440 11.2 174439
14450 11.9 174558
14460 12.8 174686
14470 13.1 174817
14480 8.4 174901
14490 11.7 175018
14500 12.2 175140
14510 11.6 175256
14520 12.7 175383
14530 10.4 175487
14540 10.3 175590
14550 12.7 175717
14560 11.2 175829
14570 14 175969
14580 12.9 176098
14590 13.8 176236
14600 15 176386
14610 13.2 176518
14620 12.5 176643
14630 13.7 176780
14640 11.7 176897
14650 13.3 177030
14660 13.4 177164
14670 12.1 177285
14680 14.4 177429
14690 10.2 177531
14700 13.1 177662
14710 12.5 177787
14720 10.8 177895
14730 14.5 178040
14740 10.2 178142
14750 9.5 178237
14760 11.8 178355
14770 14.9 178504
14780 11.7 178621
14790 8 178701
14800 10.3 178804
14810 12.5 178929
14820 12 179049
14830 10.7 179156
14840 11.8 179274
14850 11.8 179392
14860 12.4 179516
14870 13.5 179651
14880 11 179761
14890 12.1 179882
14900 13.7 180019
14910 13.1 180150
14920 12.2 180272
14930 11.4 180386
14940 11.9 180505
14950 12.9 180634
14960 13.4 180768
14970 13.6 180904
14980 11.5 181019
14990 11.2 181131
15000 12.9 181260
15010 12.9 181389
15020 11.1 181500
15030 11.1 181611
15040 10.5 181716
15050 11.7 181833
15060 12.2 181955
15070 9.6 182051
15080 13.5 182186
15090 15.3 182339
15100 10.5 182444
15110 12.7 182571
15120 9.1 182662
15130 11.7 182779
15140 11 182889
15150 14.8 183037
15160 13.1 183168
15170 12.7 183295
15180 11.6 183411
15190 12.9 183540
15200 13.3 183673
15210 13.2 183805
15220 14.5 183950
15230 12.9 184079
15240 11.1 184190
15250 11.2 184302
15260 9.4 184396
15270 10.9 184505
15280 11.2 184617
15290 13.2 184749
15300 10.7 184856
15310 16.9 185025
15320 11.9 185144
15330 8.3 185227
15340 13.9 185366
15350 13.6 185502
15360 11.1 185613
15370 12.8 185741
15380 11.7 185858
15390 10.1 185959
15400 11.8 186077
15410 12.7 186204
15420 13.7 186341
15430 13.5 186476
15440 9.1 186567
15450 13.9 186706
15460 13.5 186841
15470 10.4 186945
15480 13.9 187084
15490 12.9 187213
15500 12.6 187339
15510 13.1 187470
15520 10.1 187571
15530 10.8 187679
15540 12.1 187800
15550 12.6 187926
15560 10.7 188033
15570 11.6 188149
15580 14.4 188293
15590 13.8 188431
15600 10.6 188537
15610 13.6 188673
15620 10.7 188780
15630 9.8 188878
15640 12.4 189002
15650 12.9 189131
15660 12.5 189256
15670 9.9 189355
15680 10.8 189463
15690 12.7 189590
15700 12.7 189717
15710 11.9 189836
15720 11.5 189951
15730 10.3 190054
15740 13.5 190189
15750 10.5 190294
15760 12.2 190416
15770 12.1 190537
15780 13 190667
15790 10.7 190774
15800 10.4 190878
15810 13.9 191017
15820 10.4 191121
15830 14 191261
15840 10.7 191368
15850 11.5 191483
15860 12.7 191610
15870 11.2 191722
15880 10 191822
15890 13.7 191959
15900 10.7 192066
15910 10.7 192173
15920 10.4 192277
15930 13.2 192409
15940 12.3 192532
15950 13.3 192665
15960 11.6 192781
15970 12.5 192906
15980 8.9 192995
15990 11 193105
16000 14.7 193252
16010 10.4 193356
16020 11.4 193470
16030 11.3 193583
16040 11.4 193697
16050 10 193797
16060 12.5 193922
16070 11.6 194038
16080 11.6 194154
16090 11.3 194267
16100 12 194387
16110 10.4 194491
16120 12.8 194619
16130 11.9 194738
16140 13.1 194869
16150 13.9 195008
16160 11 195118
16170 13.5 195253
16180 11.2 195365
16190 12.5 195490
16200 10.2 195592
16210 11.9 195711
16220 13 195841
16230 11.5 195956
16240 11.2 196068
16250 12.2 196190
16260 13 196320
16270 11.4 196434
16280 11.6 196550
16290 11.5 196665
16300 13.9 196804
16310 14.5 196949
16320 9.4 197043
16330 11.3 197156
16340 11.8 197274
16350 11.2 197386
16360 15.1 197537
16370 10.5 197642
16380 12.1 197763
16390 11.4 197877
16400 14.4 198021
16410 12.5 198146
16420 11.5 198261
16430 10.9 198370
16440 11.3 198483
16450 10.4 198587
16460 14.5 198732
16470 14.3 198875
16480 12.5 199000
16490 11.2 199112
16500 12.9 199241
16510 11.2 199353
16520 10.3 199456
16530 13.2 199588
16540 11.2 199700
16550 11.8 199818
16560 14 199958
16570 13.3 200091
16580 11.2 200203
16590 11.9 200322
16600 13.4 200456
16610 14.8 200604
16620 13.2 200736
16630 12.6 200862
16640 10.4 200966
16650 11.6 201082
16660 11.7 201199
16670 12.8 201327
16680 13.9 201466
16690 10 201566
16700 11.1 201677
16710 11.7 201794
16720 12.9 201923
16730 13 202053
16740 11.5 202168
16750 10.7 202275
16760 11.8 202393
16770 13.5 202528
16780 12.5 202653
16790 10.3 202756
16800 11.8 202874
16810 15.2 203026
16820 11.8 203144
16830 10.8 203252
16840 11.8 203370
16850 12.2 203492
16860 14 203632
16870 13.2 203764
16880 9.3 203857
16890 12.7 203984
16900 12.3 204107
16910 12.9 204236
16920 15.3 204389
16930 10.7 204496
16940 10.5 204601
16950 11 204711
16960 14.1 204852
16970 10.9 204961
16980 13.3 205094
16990 14.1 205235
17000 10.4 205339
17010 10.7 205446
17020 13.1 205577
17030 13.9 205716
17040 8.5 205801
17050 15.6 205957
17060 11.7 206074
17070 10.1 206175
17080 15 206325
17090 13.3 206458
17100 13.7 206595
17110 13.9 206734
17120 12 206854
17130 10.4 206958
17140 12.4 207082
17150 12.1 207203
17160 11.4 207317
17170 10 207417
17180 12.3 207540
17190 10.9 207649
17200 14.5 207794
17210 12.3 207917
17220 9.8 208015
17230 9.5 208110
17240 11.5 208225
17250 11.5 208340
17260 9.5 208435
17270 10.3 208538
17280 12.1 208659
17290 8.7 208746
17300 11.3 208859
17310 13.5 208994
17320 12.9 209123
17330 8.9 209212
17340 14.4 209356
17350 12.8 209484
17360 10.3 209587
17370 10.3 209690
17380 12.3 209813
17390 13.5 209948
17400 13.8 210086
17410 13.6 210222
17420 12 210342
17430 10.6 210448
17440 12.7 210575
17450 14 210715
17460 9.8 210813
17470 12 210933
17480 12.7 211060
17490 9.7 211157
17500 11.3 211270
17510 14 211410
17520 11 211520
17530 11.6 211636
17540 13.2 211768
17550 12.3 211891
17560 11.9 212010
17570 15 212160
17580 9.7 212257
17590 13 212387
17600 14.8 212535
17610 12.4 212659
17620 13.2 212791
17630 9.5 212886
17640 9.6 212982
17650 13.1 213113
17660 10.4 213217
17670 10.8 213325
17680 13.6 213461
17690 14.8 213609
17700 12.9 213738
17710 12.8 213866
17720 13.4 214000
17730 13 214130
17740 13.4 214264
17750 12.1 214385
17760 10.3 214488
17770 11 214598
17780 13.3 214731
17790 12.3 214854
17800 11.6 214970
17810 13.6 215106
17820 12.5 215231
17830 15.7 215388
17840 10.9 215497
17850 12.7 215624
17860 15 215774
17870 12.7 215901
17880 11.6 216017
17890 9.4 216111
17900 9.5 216206
17910 12 216326
17920 16 216486
17930 12.7 216613
17940 14.3 216756
17950 12 216876
17960 11.5 216991
17970 11.8 217109
17980 12.6 217235
17990 11.9 217354
18000 11.1 217465
18010 10.4 217569
18020 10.2 217671
18030 12 217791
18040 12.6 217917
18050 11.8 218035
18060 14.7 218182
18070 12.1 218303
18080 10.4 218407
18090 12.5 218532
18100 10.5 218637
18110 12.9 218766
18120 12.3 218889
18130 11.7 219006
18140 7.5 219081
18150 15.1 219232
18160 13.9 219371
18170 11.8 219489
18180 11.9 219608
18190 12.4 219732
18200 11.6 219848
18210 10.9 219957
18220 13.1 220088
18230 12 220208
18240 13.2 220340
18250 12.1 220461
18260 11.4 220575
18270 12.9 220704
18280 9.3 220797
18290 11.6 220913
18300 16.4 221077
18310 12.9 221206
18320 9.1 221297
18330 11.5 221412
18340 11.6 221528
18350 15.8 221686
18360 14.5 221831
18370 12.6 221957
18380 13.4 222091
18390 11.6 222207
18400 11.9 222326
18410 12.4 222450
18420 13.9 222589
18430 10.6 222695
18440 15.1 222846
18450 11.9 222965
18460 11.7 223082
18470 12.8 223210
18480 12.3 223333
18490 10.1 223434
18500 12 223554
18510 12.4 223678
18520 13.1 223809
18530 11.9 223928
18540 12.7 224055
18550 13.1 224186
18560 12 224306
18570 12.6 224432
18580 12 224552
18590 14 224692
18600 13.1 224823
18610 12.9 224952
18620 13.1 225083
18630 14.2 225225
18640 10.8 225333
18650 12.6 225459
18660 13.8 225597
18670 12.5 225722
18680 14.2 225864
18690 9 225954
18700 12.9 226083
18710 11.6 226199
18720 11.7 226316
18730 12.4 226440
18740 11.1 226551
18750 9.1 226642
18760 10.8 226750
18770 11.8 226868
18780 13.3 227001
18790 11.2 227113
18800 12.4 227237
18810 12.5 227362
18820 9.9 227461
18830 12.4 227585
18840 12.8 227713
18850 9.6 227809
18860 12.6 227935
18870 10.2 228037
18880 12.9 228166
18890 12.4 228290
18900 12.4 228414
18910 9 228504
18920 11.3 228617
18930 14.2 228759
18940 13.1 228890
18950 10.5 228995
18960 10.5 229100
18970 13.9 229239
18980 14.3 229382
18990 12.6 229508
19000 10.5 229613
19010 12.4 229737
19020 12.8 229865
19030 11.6 229981
19040 12.3 230104
19050 10.7 230211
19060 11.7 230328
19070 11.4 230442
19080 13.4 230576
19090 12.3 230699
19100 11.3 230812
19110 11 230922
19120 14 231062
19130 11.4 231176
19140 11.4 231290
19150 11.8 231408
19160 10.2 231510
19170 13.5 231645
19180 13.7 231782
19190 12.5 231907
19200 10.3 232010
19210 13.9 232149
19220 11.8 232267
19230 12.4 232391
19240 15.8 232549
19250 10.2 232651
19260 13.2 232783
19270 10.7 232890
19280 10.2 232992
19290 12.1 233113
19300 12.9 233242
19310 11.4 233356
19320 9.4 233450
19330 12.4 233574
19340 12.3 233697
19350 10.3 233800
19360 12.2 233922
19370 11.4 234036
19380 13 234166
19390 11.1 234277
19400 13.4 234411
19410 14 234551
19420 14.5 234696
19430 10.3 234799
19440 14.2 234941
19450 14.3 235084
19460 11.5 235199
19470 10.4 235303
19480 13.3 235436
19490 15.7 235593
19500 12.6 235719
19510 12.3 235842
19520 10.6 235948
19530 10.9 236057
19540 11 236167
19550 12.8 236295
19560 12.7 236422
19570 9.8 236520
19580 9.1 236611
19590 11.1 236722
19600 10.7 236829
19610 13.3 236962
19620 10.7 237069
19630 11.4 237183
19640 9.7 237280
19650 14.4 237424
19660 14.2 237566
19670 11.9 237685
19680 9.9 237784
19690 12.8 237912
19700 13.7 238049
19710 10.5 238154
19720 11.6 238270
19730 12.4 238394
19740 12.3 238517
19750 13.5 238652
19760 11.9 238771
19770 10.4 238875
19780 11.5 238990
19790 12.3 239113
19800 11.2 239225
19810 11.7 239342
19820 11.2 239454
19830 13.6 239590
19840 11 239700
19850 13.3 239833
19860 11.3 239946
19870 14.5 240091
19880 13.4 240225
19890 12 240345
19900 10.7 240452
19910 13 240582
19920 12.4 240706
19930 10.6 240812
19940 10.8 240920
19950 12.3 241043
19960 12.3 241166
19970 13.5 241301
19980 12.6 241427
19990 12.7 241554
20000 11.3 241667
20010 12.8 241795
20020 10.3 241898
20030 11.5 242013
20040 8.8 242101
20050 12.7 242228
20060 12.7 242355
20070 11.2 242467
20080 12.4 242591
20090 11.1 242702
20100 12.8 242830
20110 10.3 242933
20120 10.4 243037
20130 10.4 243141
20140 11.3 243254
20150 13.7 243391
20160 10.4 243495
20170 12.7 243622
20180 11.6 243738
20190 12.2 243860
20200 12.5 243985
20210 12.2 244107
20220 11.5 244222
20230 10.2 244324
20240 13.5 244459
20250 13.2 244591
20260 12.3 244714
20270 12.8 244842
20280 10.4 244946
20290 11.1 245057
20300 11.7 245174
20310 12.6 245300
20320 13.9 245439
20330 10.2 245541
20340 12.5 245666
20350 12.9 245795
20360 12.4 245919
20370 12.7 246046
20380 12.2 246168
20390 11.2 246280
20400 10.2 246382
20410 13.5 246517
20420 13.7 246654
20430 13 246784
20440 11.5 246899
20450 9 246989
20460 12.6 247115
20470 14 247255
20480 13.5 247390
20490 11.3 247503
20500 9.6 247599
20510 12.3 247722
20520 15.8 247880
20530 12.3 248003
20540 12.6 248129
20550 10.6 248235
20560 10.4 248339
20570 13 248469
20580 13.2 248601
20590 12.1 248722
20600 10.9 248831
20610 10.7 248938
20620 16.8 249106
20630 11.7 249223
20640 10.7 249330
20650 8.9 249419
20660 9.8 249517
20670 13.6 249653
20680 15.8 249811
20690 11 249921
20700 13.3 250054
20710 9.2 250146
20720 11.6 250262
20730 13.1 250393
20740 12.1 250514
20750 12.6 250640
20760 9.9 250739
20770 12.8 250867
20780 11.5 250982
20790 12.8 251110
20800 12.2 251232
20810 14.9 251381
20820 11.9 251500
20830 12.4 251624
20840 11 251734
20850 10 251834
20860 15.7 251991
20870 11.3 252104
20880 11.8 252222
20890 10.9 252331
20900 12.3 252454
20910 12 252574
20920 12.7 252701
20930 12.2 252823
20940 12 252943
20950 12 253063
20960 11.7 253180
20970 11.7 253297
20980 14.9 253446
20990 12.1 253567
21000 10.4 253671
21010 12.5 253796
21020 13.2 253928
21030 14.3 254071
21040 14.2 254213
21050 11.5 254328
21060 11.8 254446
21070 12.4 254570
21080 12.7 254697
21090 13.2 254829
21100 13 254959
21110 14.1 255100
21120 11.3 255213
21130 11.1 255324
21140 12.4 255448
21150 9.7 255545
21160 11.7 255662
21170 12.1 255783
21180 13.2 255915
21190 11.8 256033
21200 12.3 256156
21210 11.2 256268
21220 12.4 256392
21230 12 256512
21240 12.3 256635
21250 10.5 256740
21260 12.3 256863
21270 11.5 256978
21280 12 257098
21290 12 257218
21300 14 257358
21310 9.6 257454
21320 11.5 257569
21330 14 257709
21340 12.4 257833
21350 12.6 257959
21360 11.2 258071
21370 13.2 258203
21380 12.3 258326
21390 13.5 258461
21400 13 258591
21410 13.4 258725
21420 11.4 258839
21430 12.5 258964
21440 12.9 259093
21450 14.1 259234
21460 10.5 259339
21470 11.7 259456
21480 11.7 259573
21490 10.1 259674
21500 12.9 259803
21510 11.7 259920
21520 10.4 260024
21530 10.9 260133
21540 12.5 260258
21550 11.7 260375
21560 12.8 260503
21570 10.6 260609
21580 11.5 260724
21590 11.9 260843
21600 15.4 260997
21610 11.4 261111
21620 11 261221
21630 15.1 261372
21640 12.2 261494
21650 12 261614
21660 10.5 261719
21670 11.5 261834
21680 14.4 261978
21690 11.2 262090
21700 13.3 262223
21710 12.3 262346
21720 11.6 262462
21730 9.1 262553
21740 11.5 262668
21750 13.9 262807
21760 11.5 262922
21770 12.6 263048
21780 12.8 263176
21790 15.1 263327
21800 12.7 263454
21810 14.1 263595
21820 13.7 263732
21830 11 263842
21840 10.5 263947
21850 15 264097
21860 14 264237
21870 11.1 264348
21880 11.5 264463
21890 13.1 264594
21900 13.4 264728
21910 11.6 264844
21920 11.8 264962
21930 12 265082
21940 11.9 265201
21950 15.2 265353
21960 10.9 265462
21970 12.5 265587
21980 11.9 265706
21990 11.8 265824
22000 12.5 265949
22010 12.2 266071
22020 11.9 266190
22030 12.2 266312
22040 13.4 266446
22050 11.3 266559
22060 12.1 266680
22070 12.4 266804
22080 12.2 266926
22090 12.7 267053
22100 12.4 267177
22110 14.2 267319
22120 11.7 267436
22130 9.2 267528
22140 13.2 267660
22150 10.7 267767
22160 8.5 267852
22170 13 267982
22180 12.9 268111
22190 11.4 268225
22200 12.5 268350
22210 11.4 268464
22220 10.5 268569
22230 10.4 268673
22240 11.7 268790
22250 14.3 268933
22260 12.9 269062
22270 11.7 269179
22280 11.9 269298
22290 11 269408
22300 15.4 269562
22310 11.5 269677
22320 12.5 269802
22330 12.6 269928
22340 18.2 270110
22350 14 270250
22360 11.2 270362
22370 12.1 270483
22380 12.3 270606
22390 12.6 270732
22400 12.7 270859
22410 11 270969
22420 13.4 271103
22430 11 271213
22440 12.5 271338
22450 11.6 271454
22460 11.1 271565
22470 12.9 271694
22480 11.6 271810
22490 12.7 271937
22500 11.2 272049
22510 11.7 272166
22520 13.3 272299
22530 11.5 272414
22540 10 272514
22550 13.4 272648
22560 15.8 272806
22570 10.4 272910
22580 12.2 273032
22590 10.9 273141
22600 10.3 273244
22610 16.1 273405
22620 12.2 273527
22630 12.5 273652
22640 11.6 273768
22650 11.9 273887
22660 13 274017
22670 12.3 274140
22680 13.1 274271
22690 11.4 274385
22700 10.9 274494
22710 10.5 274599
22720 11.9 274718
22730 14.8 274866
22740 12.9 274995
22750 11 275105
22760 10.3 275208
22770 12.7 275335
22780 13.4 275469
22790 13.7 275606
22800 13.7 275743
22810 11.8 275861
22820 10.4 275965
22830 13.4 276099
22840 11.7 276216
22850 10.5 276321
22860 11 276431
22870 12.2 276553
22880 11.3 276666
22890 12.7 276793
22900 11.7 276910
22910 12 277030
22920 13.4 277164
22930 12.8 277292
22940 11.4 277406
22950 11.2 277518
22960 10.7 277625
22970 12.3 277748
22980 12.4 277872
22990 12.5 277997
23000 11 278107
23010 12.9 278236
23020 12.6 278362
23030 12.2 278484
23040 12.5 278609
23050 13.5 278744
23060 11 278854
23070 10 278954
23080 11.6 279070
23090 11.7 279187
23100 13.1 279318
23110 7.2 279390
23120 12.8 279518
23130 13.3 279651
23140 14.9 279800
23150 11.1 279911
23160 13 280041
23170 12.9 280170
23180 9.2 280262
23190 12.5 280387
23200 12.2 280509
23210 11.4 280623
23220 11.2 280735
23230 11.7 280852
23240 14.9 281001
23250 13.1 281132
23260 11.5 281247
23270 12.6 281373
23280 11 281483
23290 11.7 281600
23300 12.8 281728
23310 11.7 281845
23320 14.9 281994
23330 7.8 282072
23340 12.1 282193
23350 17.1 282364
23360 6.8 282432
23370 12.1 282553
23380 12.3 282676
23390 12.7 282803
23400 8.7 282890
23410 13.1 283021
23420 12.7 283148
23430 12 283268
23440 10.8 283376
23450 13.7 283513
23460 12.7 283640
23470 9.4 283734
23480 10.3 283837
23490 14.8 283985
23500 12.3 284108
23510 11.3 284221
23520 12.2 284343
23530 11.9 284462
23540 12.2 284584
23550 11.6 284700
23560 12.9 284829
23570 12.8 284957
23580 10.9 285066
23590 10.8 285174
23600 11.3 285287
23610 13 285417
23620 14.3 285560
23630 11.5 285675
23640 9.5 285770
23650 11 285880
23660 11.3 285993
23670 12.8 286121
23680 13.9 286260
23690 10.4 286364
23700 12.2 286486
23710 12.7 286613
23720 14.3 286756
23730 11.7 286873
23740 12.6 286999
23750 13 287129
23760 10.7 287236
23770 14 287376
23780 12.3 287499
23790 11.1 287610
23800 12 287730
23810 14.9 287879
23820 14 288019
23830 14.3 288162
23840 12.5 288287
23850 9.3 288380
23860 11.2 288492
23870 14.7 288639
23880 11.8 288757
23890 13.4 288891
23900 10.9 289000
23910 10.7 289107
23920 13.2 289239
23930 12.9 289368
23940 13.7 289505
23950 11.7 289622
23960 12 289742
23970 11.6 289858
23980 12.4 289982
23990 12.1 290103
24000 12.3 290226
24010 11.4 290340
24020 10.3 290443
24030 10.1 290544
24040 11.9 290663
24050 13.5 290798
24060 13 290928
24070 9.5 291023
24080 10.4 291127
24090 11.7 291244
24100 12.7 291371
24110 13.2 291503
24120 12.6 291629
24130 11.1 291740
24140 13.4 291874
24150 12 291994
24160 12.2 292116
24170 11.5 292231
24180 7.9 292310
24190 14 292450
24200 13.3 292583
24210 10.6 292689
24220 9.6 292785
24230 13.7 292922
24240 13.4 293056
24250 12.9 293185
24260 12.9 293314
24270 13 293444
24280 10.9 293553
24290 11.9 293672
24300 14.6 293818
24310 14.3 293961
24320 13.9 294100
24330 11.1 294211
24340 13.9 294350
24350 12.7 294477
24360 11.4 294591
24370 10.7 294698
24380 13.5 294833
24390 11.8 294951
24400 11.6 295067
24410 12 295187
24420 12.4 295311
24430 10.7 295418
24440 11.2 295530
24450 10.2 295632
24460 12.9 295761
24470 10.5 295866
24480 10.5 295971
24490 11 296081
24500 10.9 296190
24510 15.6 296346
24520 9.7 296443
24530 13.5 296578
24540 9.5 296673
24550 12.9 296802
24560 13.5 296937
24570 13.2 297069
24580 10.3 297172
24590 13.1 297303
24600 14.8 297451
24610 13.1 297582
24620 13.5 297717
24630 11.2 297829
24640 10.3 297932
24650 16.5 298097
24660 12.5 298222
24670 11.6 298338
24680 12.5 298463
24690 15.3 298616
24700 13.5 298751
24710 13.3 298884
24720 10.9 298993
24730 10.1 299094
24740 12.2 299216
24750 13 299346
24760 12.9 299475
24770 10.9 299584
24780 12.2 299706
24790 13.8 299844
24800 13.2 299976
24810 10.7 300083
24820 10.7 300190
24830 11.8 300308
24840 11.9 300427
24850 15.1 300578
24860 12 300698
24870 11.6 300814
24880 11.1 300925
24890 11.6 301041
24900 13.1 301172
24910 12.2 301294
24920 12.5 301419
24930 10.9 301528
24940 9.1 301619
24950 11.6 301735
24960 12.2 301857
24970 11.7 301974
24980 11.7 302091
24990 10.9 302200
25000 12.3 302323
25010 11.8 302441
25020 13.1 302572
25030 11.6 302688
25040 9.1 302779
25050 14.8 302927
25060 11.1 303038
25070 12.5 303163
25080 13.5 303298
25090 14.2 303440
25100 12.1 303561
25110 12.6 303687
25120 12.7 303814
25130 12.6 303940
25140 12.4 304064
25150 12 304184
25160 12.7 304311
25170 11.8 304429
25180 11.9 304548
25190 10.2 304650
25200 11.2 304762
25210 12.9 304891
25220 11.9 305010
25230 17.6 305186
25240 11.3 305299
25250 10 305399
25260 12 305519
25270 12 305639
25280 12.1 305760
25290 12.4 305884
25300 10.1 305985
25310 9.8 306083
25320 13.6 306219
25330 10.2 306321
25340 12.9 306450
25350 12.5 306575
25360 11.9 306694
25370 9.7 306791
25380 10.4 306895
25390 9.7 306992
25400 12.5 307117
25410 11.9 307236
25420 12.1 307357
25430 10.7 307464
25440 12.9 307593
25450 14.9 307742
25460 13.3 307875
25470 12.2 307997
25480 14.2 308139
25490 13.9 308278
25500 13.8 308416
25510 14.3 308559
25520 11.9 308678
25530 10.2 308780
25540 14.8 308928
25550 13.7 309065
25560 12.5 309190
25570 10.3 309293
25580 12.1 309414
25590 12.6 309540
25600 12.9 309669
25610 13.2 309801
25620 10.5 309906
25630 12.3 310029
25640 11.9 310148
25650 11.7 310265
25660 11.3 310378
25670 16.6 310544
25680 14.3 310687
25690 10.7 310794
25700 12.4 310918
25710 13.4 311052
25720 9.5 311147
25730 11.7 311264
25740 14.1 311405
25750 9.7 311502
25760 11.2 311614
25770 12.9 311743
25780 10.5 311848
25790 12.3 311971
25800 11.4 312085
25810 10.9 312194
25820 13 312324
25830 12.4 312448
25840 13.3 312581
25850 13.1 312712
25860 10.2 312814
25870 11.9 312933
25880 10.6 313039
25890 13.2 313171
25900 10.5 313276
25910 13 313406
25920 11.8 313524
25930 9.6 313620
25940 10.8 313728
25950 13.4 313862
25960 12 313982
25970 12.8 314110
25980 11.9 314229
25990 11 314339
26000 11.4 314453
26010 15 314603
26020 14.4 314747
26030 14 314887
26040 13.1 315018
26050 10.4 315122
26060 15.3 315275
26070 12.8 315403
26080 10.7 315510
26090 11.7 315627
26100 13.1 315758
26110 12.9 315887
26120 11.6 316003
26130 12.1 316124
26140 12.9 316253
26150 13.6 316389
26160 14.2 316531
26170 9.8 316629
26180 11.2 316741
26190 12 316861
26200 12.2 316983
26210 11.6 317099
26220 13.9 317238
26230 11.5 317353
26240 11.4 317467
26250 12.4 317591
26260 14.5 317736
26270 12.4 317860
26280 12.5 317985
26290 12.3 318108
26300 11.1 318219
26310 10.9 318328
26320 13.9 318467
26330 11.8 318585
26340 13.8 318723
26350 12.1 318844
26360 12.2 318966
26370 10.5 319071
26380 15.1 319222
26390 11.5 319337
26400 14.3 319480
26410 12 319600
26420 11 319710
26430 13 319840
26440 11.4 319954
26450 12.8 320082
26460 11.9 320201
26470 15.5 320356
26480 9.9 320455
26490 10.3 320558
26500 15.5 320713
26510 11.5 320828
26520 10.3 320931
26530 13.1 321062
26540 10.8 321170
26550 12.4 321294
26560 14.2 321436
26570 13 321566
26580 10.4 321670
26590 14.5 321815
26600 12.6 321941
26610 12 322061
26620 12.5 322186
26630 11.2 322298
26640 15 322448
26650 10.9 322557
26660 11.5 322672
26670 11.6 322788
26680 11.9 322907
26690 15.2 323059
26700 13.8 323197
26710 10.1 323298
26720 9.1 323389
26730 13.6 323525
26740 16.3 323688
26750 11.4 323802
26760 10.7 323909
26770 12.1 324030
26780 12.2 324152
26790 11 324262
26800 10.9 324371
26810 12.8 324499
26820 14.1 324640
26830 13.6 324776
26840 11.4 324890
26850 14.4 325034
26860 15.2 325186
26870 10.8 325294
26880 11.4 325408
26890 10.2 325510
26900 11.8 325628
26910 13.3 325761
26920 10.6 325867
26930 11.9 325986
26940 13.3 326119
26950 12.9 326248
26960 11.1 326359
26970 11.1 326470
26980 13.6 326606
26990 10.1 326707
27000 11.8 326825
27010 13.4 326959
27020 10.6 327065
27030 12.5 327190
27040 11 327300
27050 9 327390
27060 13.6 327526
27070 12.7 327653
27080 12 327773
27090 11.9 327892
27100 12.6 328018
27110 14.3 328161
27120 14.7 328308
27130 12.4 328432
27140 9.3 328525
27150 14 328665
27160 12.3 328788
27170 14.6 328934
27180 13.6 329070
27190 13.7 329207
27200 11 329317
27210 11.9 329436
27220 11.7 329553
27230 13.9 329692
27240 10.6 329798
27250 11.1 329909
27260 12.6 330035
27270 11.1 330146
27280 12.8 330274
27290 13.2 330406
27300 12 330526
27310 11.7 330643
27320 11.7 330760
27330 11.4 330874
27340 11.6 330990
27350 12.9 331119
27360 12.1 331240
27370 14 331380
27380 14.9 331529
27390 10.9 331638
27400 11.4 331752
27410 13.1 331883
27420 13.3 332016
27430 15.1 332167
27440 11.4 332281
27450 12.1 332402
27460 12.2 332524
27470 13.4 332658
27480 13.8 332796
27490 12.4 332920
27500 12.8 333048
27510 10.4 333152
27520 12.9 333281
27530 12.5 333406
27540 12.2 333528
27550 11.5 333643
27560 10 333743
27570 13 333873
27580 12.2 333995
27590 11.3 334108
27600 14.4 334252
27610 12.7 334379
27620 13.6 334515
27630 12 334635
27640 13.8 334773
27650 11.8 334891
27660 15.3 335044
27670 10.5 335149
27680 11 335259
27690 15 335409
27700 13.4 335543
27710 11.4 335657
27720 13.2 335789
27730 11.4 335903
27740 9.3 335996
27750 13.9 336135
27760 12.5 336260
27770 13.2 336392
27780 10.7 336499
27790 10.8 336607
27800 9.7 336704
27810 11.3 336817
27820 14.1 336958
27830 10.1 337059
27840 13.9 337198
27850 12.3 337321
27860 11.2 337433
27870 14.3 337576
27880 11.6 337692
27890 14 337832
27900 14.3 337975
27910 14.8 338123
27920 10.5 338228
27930 11.9 338347
27940 13 338477
27950 13 338607
27960 12.9 338736
27970 11.6 338852
27980 10.4 338956
27990 11.1 339067
28000 11.5 339182
28010 12.9 339311
28020 14.4 339455
28030 12.2 339577
28040 11.8 339695
28050 10.4 339799
28060 13.6 339935
28070 14.3 340078
28080 9.9 340177
28090 10.7 340284
28100 14.6 340430
28110 15.1 340581
28120 10.3 340684
28130 10.5 340789
28140 12.5 340914
28150 12.6 341040
28160 11 341150
28170 11.5 341265
28180 11.1 341376
28190 12.3 341499
28200 11.5 341614
28210 12.2 341736
28220 13.8 341874
28230 12.8 342002
28240 11.7 342119
28250 11.8 342237
28260 13.3 342370
28270 11.5 342485
28280 11 342595
28290 13.9 342734
28300 13.3 342867
28310 12.4 342991
28320 13.5 343126
28330 10.6 343232
28340 11.3 343345
28350 11.9 343464
28360 11.9 343583
28370 11.2 343695
28380 12.4 343819
28390 10.8 343927
28400 13.3 344060
28410 13.1 344191
28420 13.3 344324
28430 12.8 344452
28440 10.9 344561
28450 12.7 344688
28460 13.2 344820
28470 11.8 344938
28480 9.6 345034
28490 14.5 345179
28500 12 345299
28510 12.2 345421
28520 14.1 345562
28530 12.2 345684
28540 10.6 345790
28550 11.8 345908
28560 10.7 346015
28570 12.3 346138
28580 10.3 346241
28590 13.6 346377
28600 10.6 346483
28610 12.7 346610
28620 12.1 346731
28630 11.1 346842
28640 12.6 346968
28650 11.9 347087
28660 11.9 347206
28670 14.3 347349
28680 10.5 347454
28690 12.4 347578
28700 14 347718
28710 13 347848
28720 14.7 347995
28730 13.4 348129
28740 11.6 348245
28750 13.4 348379
28760 13 348509
28770 13.1 348640
28780 12.9 348769
28790 15.2 348921
28800 9.7 349018
28810 10.8 349126
28820 13.5 349261
28830 11.7 349378
28840 14.7 349525
28850 12 349645
28860 11.9 349764
28870 9.6 349860
28880 13.8 349998
28890 11.7 350115
28900 10.5 350220
28910 11.9 350339
28920 13.3 350472
28930 11.2 350584
28940 9.5 350679
28950 9.6 350775
28960 17.1 350946
28970 10.7 351053
28980 12.3 351176
28990 10.7 351283
29000 11.3 351396
29010 15.2 351548
29020 9.9 351647
29030 12.3 351770
29040 10.3 351873
29050 13.6 352009
29060 10.3 352112
29070 12.2 352234
29080 14.5 352379
29090 13 352509
29100 10.6 352615
29110 14.9 352764
29120 11.8 352882
29130 9.6 352978
29140 11.1 353089
29150 14.7 353236
29160 14.9 353385
29170 11.7 353502
29180 12 353622
29190 14.4 353766
29200 13.7 353903
29210 9.3 353996
29220 14.6 354142
29230 12.4 354266
29240 8.8 354354
29250 15.1 354505
29260 14.3 354648
29270 13.6 354784
29280 13.9 354923
29290 8.6 355009
29300 11.6 355125
29310 15.2 355277
29320 12.1 355398
29330 10.6 355504
29340 9.2 355596
29350 12.1 355717
29360 12 355837
29370 13.5 355972
29380 10.4 356076
29390 11.2 356188
29400 13.2 356320
29410 11.8 356438
29420 15.8 356596
29430 10.6 356702
29440 11.4 356816
29450 12.3 356939
29460 13.4 357073
29470 11.1 357184
29480 12.2 357306
29490 12.3 357429
29500 15.3 357582
29510 11.9 357701
29520 13.8 357839
29530 9.1 357930
29540 9.9 358029
29550 13.9 358168
29560 13.8 358306
29570 12.5 358431
29580 12.9 358560
29590 14.3 358703
29600 10.7 358810
29610 11.4 358924
29620 12.4 359048
29630 14.2 359190
29640 11.8 359308
29650 12.7 359435
29660 11.1 359546
29670 12 359666
29680 10 359766
29690 10.7 359873
29700 12.1 359994
29710 12.6 360120
29720 12.6 360246
29730 13.4 360380
29740 13.1 360511
29750 9.5 360606
29760 9 360696
29770 11.1 360807
29780 10.3 360910
29790 13 361040
29800 12.3 361163
29810 13.1 361294
29820 11.5 361409
29830 11.2 361521
29840 9.8 361619
29850 10.9 361728
29860 12.8 361856
29870 11.5 361971
29880 14.6 362117
29890 9.9 362216
29900 11.1 362327
29910 14.6 362473
29920 11.3 362586
29930 13.9 362725
29940 13.4 362859
29950 11.2 362971
29960 13.4 363105
29970 13.6 363241
29980 12.2 363363
29990 13.3 363496
30000 12.7 363623
30010 15.8 363781
30020 13.4 363915
30030 14.2 364057
30040 14.5 364202
30050 11.4 364316
30060 14.3 364459
30070 15.8 364617
30080 12.7 364744
30090 9.5 364839
30100 10.1 364940
30110 10.3 365043
30120 13.6 365179
30130 13.6 365315
30140 11 365425
30150 12.3 365548
30160 12.8 365676
30170 11.6 365792
30180 12.4 365916
30190 11.7 366033
30200 11.3 366146
30210 13.3 366279
30220 12.3 366402
30230 12.3 366525
30240 10.4 366629
30250 13.3 366762
30260 11.8 366880
30270 12.9 367009
30280 12.7 367136
30290 12.9 367265
30300 10.2 367367
30310 11.4 367481
30320 12.5 367606
30330 10.6 367712
30340 11.6 367828
30350 12 367948
30360 11.9 368067
30370 14.9 368216
30380 12.7 368343
30390 10.8 368451
30400 11 368561
30410 12.2 368683
30420 12.1 368804
30430 13.5 368939
30440 12.8 369067
30450 11.5 369182
30460 12.5 369307
30470 14.4 369451
30480 10.7 369558
30490 11.5 369673
30500 11.7 369790
30510 13.9 369929
30520 11.3 370042
30530 12.5 370167
30540 11.3 370280
30550 13 370410
30560 11.9 370529
30570 9.6 370625
30580 12.4 370749
30590 12.3 370872
30600 11.6 370988
30610 13.2 371120
30620 11.5 371235
30630 11.7 371352
30640 13.9 371491
30650 14.4 371635
30660 12.3 371758
30670 10.9 371867
30680 12.4 371991
30690 13.5 372126
30700 13.7 372263
30710 12.6 372389
30720 12.1 372510
30730 12.3 372633
30740 13.5 372768
30750 13.1 372899
30760 13.9 373038
30770 10.1 373139
30780 13.3 373272
30790 11.3 373385
30800 11.2 373497
30810 10.8 373605
30820 14.1 373746
30830 13.9 373885
30840 13.5 374020
30850 13.3 374153
30860 10.9 374262
30870 9.5 374357
30880 12 374477
30890 13.4 374611
30900 12.6 374737
30910 10.1 374838
30920 13 374968
30930 14 375108
30940 11.7 375225
30950 10.6 375331
30960 13.9 375470
30970 11 375580
30980 13.1 375711
30990 11.5 375826
31000 12.9 375955
31010 11 376065
31020 17.4 376239
31030 14.7 376386
31040 12.5 376511
31050 10.6 376617
31060 11.2 376729
31070 13.8 376867
31080 12.8 376995
31090 11.7 377112
31100 12 377232
31110 17 377402
31120 13.4 377536
31130 13.2 377668
31140 14.1 377809
31150 8.2 377891
31160 11.3 378004
31170 15.6 378160
31180 12.8 378288
31190 8.5 378373
31200 14.7 378520
31210 15.2 378672
31220 12 378792
31230 10.5 378897
31240 11 379007
31250 13.1 379138
31260 13.4 379272
31270 10.7 379379
31280 13.4 379513
31290 9.7 379610
31300 14.1 379751
31310 14.7 379898
31320 10.2 380000
31330 10.7 380107
31340 10.4 380211
31350 12.6 380337
31360 12.9 380466
31370 13.1 380597
31380 11.3 380710
31390 10.8 380818
31400 9.6 380914
31410 12.5 381039
31420 12.3 381162
31430 12.7 381289
31440 12.2 381411
31450 10.2 381513
31460 15.1 381664
31470 13.6 381800
31480 15.1 381951
31490 11.3 382064
31500 13.4 382198
31510 12.1 382319
31520 11.8 382437
31530 13.7 382574
31540 8.8 382662
31550 11.7 382779
31560 15.4 382933
31570 14.4 383077
31580 12.6 383203
31590 12.3 383326
31600 9.8 383424
31610 11.8 383542
31620 9.2 383634
31630 14.7 383781
31640 12 383901
31650 12.1 384022
31660 15.5 384177
31670 13.9 384316
31680 11.7 384433
31690 10.8 384541
31700 13.3 384674
31710 11.8 384792
31720 10.5 384897
31730 15 385047
31740 12.5 385172
31750 12.5 385297
31760 12.4 385421
31770 13.6 385557
31780 11.1 385668
31790 12.3 385791
31800 12.8 385919
31810 12.4 386043
31820 12.1 386164
31830 12.1 386285
31840 9.9 386384
31850 12.5 386509
31860 13.2 386641
31870 11.6 386757
31880 10.1 386858
31890 11.2 386970
31900 14.7 387117
31910 10.4 387221
31920 13.3 387354
31930 13.2 387486
31940 11.1 387597
31950 13.5 387732
31960 13.7 387869
31970 14.2 388011
31980 12.8 388139
31990 10.8 388247
32000 12.9 388376
32010 13.7 388513
32020 12.1 388634
32030 13.4 388768
32040 11.5 388883
32050 11.2 388995
32060 14.1 389136
32070 11.6 389252
32080 10.6 389358
32090 11.8 389476
32100 11.9 389595
32110 14.4 389739
32120 13.1 389870
32130 11.9 389989
32140 10.9 390098
32150 12 390218
32160 13.2 390350
32170 12 390470
32180 8.9 390559
32190 10.6 390665
32200 13.3 390798
32210 13.7 390935
32220 11.9 391054
32230 12.8 391182
32240 12.7 391309
32250 11 391419
32260 15.5 391574
32270 11.4 391688
32280 13.5 391823
32290 14.1 391964
32300 11.8 392082
32310 14.5 392227
32320 11.1 392338
32330 11.6 392454
32340 11.9 392573
32350 12.2 392695
32360 11.9 392814
32370 12.6 392940
32380 12.6 393066
32390 11.1 393177
32400 13.6 393313
32410 14.1 393454
32420 14 393594
32430 10.4 393698
32440 13.7 393835
32450 14 393975
32460 11.7 394092
32470 13.5 394227
32480 9.8 394325
32490 13.2 394457
32500 14.5 394602
32510 13.4 394736
32520 13.8 394874
32530 10.1 394975
32540 13.1 395106
32550 10.5 395211
32560 13.7 395348
32570 12.1 395469
32580 13.5 395604
32590 13 395734
32600 13.5 395869
32610 15.9 396028
32620 8.9 396117
32630 13.3 396250
32640 12.6 396376
32650 11 396486
32660 11.4 396600
32670 15.5 396755
32680 11.6 396871
32690 12.6 396997
32700 13.6 397133
32710 13.7 397270
32720 11.2 397382
32730 11.2 397494
32740 10.9 397603
32750 12.7 397730
32760 12.6 397856
32770 13.4 397990
32780 11.4 398104
32790 12.5 398229
32800 10 398329
32810 10.1 398430
32820 15.3 398583
32830 14.6 398729
32840 10.1 398830
32850 11.8 398948
32860 12.6 399074
32870 13.5 399209
32880 11.9 399328
32890 11.3 399441
32900 10.3 399544
32910 10.9 399653
32920 11.5 399768
32930 10.3 399871
32940 15.4 400025
32950 10.8 400133
32960 12.2 400255
32970 11.6 400371
32980 10.7 400478
32990 13.1 400609
33000 10.9 400718
33010 14.2 400860
33020 9.9 400959
33030 13.1 401090
33040 12.1 401211
33050 13.9 401350
33060 12 401470
33070 10.3 401573
33080 14 401713
33090 15 401863
33100 13.6 401999
33110 13.2 402131
33120 11.7 402248
33130 13.6 402384
33140 12.2 402506
33150 10.3 402609
33160 13.9 402748
33170 12 402868
33180 12.9 402997
33190 11 403107
33200 13.2 403239
33210 12.5 403364
33220 12.2 403486
33230 13 403616
33240 12 403736
33250 10.6 403842
33260 11.4 403956
33270 13.6 404092
33280 14 404232
33290 9.9 404331
33300 14.7 404478
33310 13.7 404615
33320 10.9 404724
33330 12.8 404852
33340 13 404982
33350 12 405102
33360 13.7 405239
33370 11.4 405353
33380 10.9 405462
33390 12.4 405586
33400 12.3 405709
33410 12.9 405838
33420 10.4 405942
33430 10.4 406046
33440 15.5 406201
33450 10.5 406306
33460 12.4 406430
33470 10.8 406538
33480 12.8 406666
33490 13.7 406803
33500 11.1 406914
33510 11.2 407026
33520 10.7 407133
33530 13.8 407271
33540 11.7 407388
33550 10.5 407493
33560 9.8 407591
33570 13.1 407722
33580 11.2 407834
33590 12.6 407960
33600 13.2 408092
33610 12 408212
33620 11.9 408331
33630 11.4 408445
33640 13.3 408578
33650 13.1 408709
33660 12.3 408832
33670 11.4 408946
33680 11.1 409057
33690 12.8 409185
33700 12.1 409306
33710 13.6 409442
33720 12.8 409570
33730 11.4 409684
33740 10.6 409790
33750 11.6 409906
33760 16.6 410072
33770 16.1 410233
33780 10.7 410340
33790 7.4 410414
33800 9.7 410511
33810 14.4 410655
33820 9.9 410754
33830 11.1 410865
33840 14.2 411007
33850 11.4 411121
33860 11.2 411233
33870 11 411343
33880 12.6 411469
33890 12.1 411590
33900 13.1 411721
33910 10.6 411827
33920 11.9 411946
33930 11.1 412057
33940 17.1 412228
33950 8.9 412317
33960 6.8 412385
33970 15.9 412544
33980 15.2 412696
33990 12.7 412823
34000 10.2 412925
34010 13.7 413062
34020 14.6 413208
34030 14 413348
34040 11.4 413462
34050 12.5 413587
34060 13 413717
34070 10 413817
34080 13.6 413953
34090 13.8 414091
34100 12.3 414214
34110 12 414334
34120 11.1 414445
34130 10.8 414553
34140 13.8 414691
34150 11.5 414806
34160 10.2 414908
34170 14.2 415050
34180 14.5 415195
34190 11.9 415314
34200 12.5 415439
34210 13.4 415573
34220 17.2 415745
34230 13.3 415878
34240 11.2 415990
34250 11.1 416101
34260 13.6 416237
34270 9.9 416336
34280 11.7 416453
34290 12.7 416580
34300 12.6 416706
34310 12.3 416829
34320 11.2 416941
34330 11.2 417053
34340 9.4 417147
34350 15.1 417298
34360 11.2 417410
34370 9.7 417507
34380 10.7 417614
34390 12.5 417739
34400 10.7 417846
34410 13.3 417979
34420 11.5 418094
34430 11.6 418210
34440 12.6 418336
34450 12.3 418459
34460 9.5 418554
34470 14.9 418703
34480 14.2 418845
34490 12.5 418970
34500 13.6 419106
34510 11.2 419218
34520 10.8 419326
34530 16.1 419487
34540 13.4 419621
34550 13.4 419755
34560 13.3 419888
34570 11.7 420005
34580 12.3 420128
34590 14.7 420275
34600 13.7 420412
34610 10.6 420518
34620 11.1 420629
34630 12 420749
34640 10.6 420855
34650 10.4 420959
34660 12.7 421086
34670 12.9 421215
34680 11.5 421330
34690 10.5 421435
34700 11.5 421550
34710 13.8 421688
34720 10.7 421795
34730 12.6 421921
34740 11.5 422036
34750 13.1 422167
34760 11.2 422279
34770 12.1 422400
34780 11.6 422516
34790 13.7 422653
34800 12.5 422778
34810 11.9 422897
34820 11.2 423009
34830 12.6 423135
34840 13 423265
34850 12.1 423386
34860 12.4 423510
34870 13.2 423642
34880 11.4 423756
34890 13.1 423887
34900 9.8 423985
34910 12.1 424106
34920 11.4 424220
34930 10.6 424326
34940 8.4 424410
34950 11.1 424521
34960 16 424681
34970 11 424791
34980 14.2 424933
34990 9.5 425028
35000 13.2 425160
35010 15.4 425314
35020 9.6 425410
35030 5.8 425468
35040 14.7 425615
35050 12.8 425743
35060 11.4 425857
35070 16.4 426021
35080 12.3 426144
35090 12.7 426271
35100 15 426421
35110 10.7 426528
35120 10.7 426635
35130 9.8 426733
35140 10.1 426834
35150 13.2 426966
35160 13 427096
35170 12.2 427218
35180 10 427318
35190 12.2 427440
35200 12.1 427561
35210 11.8 427679
35220 11.9 427798
35230 10.3 427901
35240 8.8 427989
35250 11.7 428106
35260 14.1 428247
35270 13.4 428381
35280 11.9 428500
35290 13.6 428636
35300 11.2 428748
35310 11.6 428864
35320 9.9 428963
35330 15.9 429122
35340 11.6 429238
35350 10.7 429345
35360 11.4 429459
35370 13.9 429598
35380 12.7 429725
35390 11.1 429836
35400 14.2 429978
35410 12.8 430106
35420 12.4 430230
35430 11.6 430346
35440 12 430466
35450 11.7 430583
35460 12.4 430707
35470 12.4 430831
35480 12.7 430958
35490 13.6 431094
35500 11.8 431212
35510 13.3 431345
35520 12.4 431469
35530 10.5 431574
35540 14 431714
35550 10.6 431820
35560 12.3 431943
35570 12.1 432064
35580 15.9 432223
35590 12.5 432348
35600 13.4 432482
35610 11.2 432594
35620 10.2 432696
35630 12.9 432825
35640 13.2 432957
35650 12.4 433081
35660 11.6 433197
35670 11.8 433315
35680 12.4 433439
35690 10 433539
35700 14.3 433682
35710 11.5 433797
35720 11.2 433909
35730 13.1 434040
35740 12.7 434167
35750 11.3 434280
35760 11.6 434396
35770 14 434536
35780 10.5 434641
35790 11.6 434757
35800 10.6 434863
35810 11 434973
35820 14.8 435121
35830 10.8 435229
35840 11 435339
35850 14 435479
35860 11.6 435595
35870 12.6 435721
35880 11.7 435838
35890 12.2 435960
35900 11.4 436074
35910 14 436214
35920 10.7 436321
35930 9.1 436412
35940 11.5 436527
35950 11.3 436640
35960 16.5 436805
35970 10.8 436913
35980 12.2 437035
35990 13.8 437173
36000 12.3 437296
36010 11 437406
36020 10.5 437511
36030 13.5 437646
36040 15.1 437797
36050 12.2 437919
36060 13.5 438054
36070 12.4 438178
36080 15.6 438334
36090 13.2 438466
36100 12.3 438589
36110 11.8 438707
36120 14.1 438848
36130 13.4 438982
36140 12.8 439110
36150 16.4 439274
36160 16.6 439440
36170 14.1 439581
36180 14.9 439730
36190 13.6 439866
36200 17.3 440039
36210 15.5 440194
36220 15.2 440346
36230 16.1 440507
36240 17.3 440680
36250 12 440800
36260 13.4 440934
36270 13.9 441073
36280 14.4 441217
36290 14.6 441363
36300 15.4 441517
36310 14.4 441661
36320 11 441771
36330 16 441931
36340 15 442081
36350 13.7 442218
36360 17.8 442396
36370 13.9 442535
36380 13.1 442666
36390 13.2 442798
36400 12.6 442924
36410 16 443084
36420 14.5 443229
36430 14.2 443371
36440 14.1 443512
36450 14.4 443656
36460 16.6 443822
36470 13.1 443953
36480 15.5 444108
36490 14.3 444251
36500 14.6 444397
36510 13 444527
36520 12.7 444654
36530 15.9 444813
36540 14.3 444956
36550 13.9 445095
36560 14.5 445240
36570 16 445400
36580 13.1 445531
36590 11.5 445646
36600 14 445786
36610 15.7 445943
36620 12.9 446072
36630 15.8 446230
36640 17.4 446404
36650 15.1 446555
36660 18.1 446736
36670 16.7 446903
36680 14.8 447051
36690 14.9 447200
36700 19.1 447391
36710 14.8 447539
36720 14.1 447680
36730 16.7 447847
36740 15.8 448005
36750 14.9 448154
36760 15.6 448310
36770 13.8 448448
36780 15.4 448602
36790 17.5 448777
36800 15.1 448928
36810 17.2 449100
36820 14.3 449243
36830 13.9 449382
36840 15.7 449539
36850 16.9 449708
36860 15.8 449866
36870 16.5 450031
36880 15.3 450184
36890 15.4 450338
36900 15.4 450492
36910 14.4 450636
36920 13.8 450774
36930 20.9 450983
36940 18.1 451164
36950 12.9 451293
36960 14.3 451436
36970 16.3 451599
36980 17.6 451775
36990 17.8 451953
37000 17 452123
37010 14 452263
37020 15.5 452418
37030 16.9 452587
37040 17 452757
37050 10.8 452865
37060 16.3 453028
37070 17.6 453204
37080 16.5 453369
37090 15.4 453523
37100 15.7 453680
37110 19 453870
37120 18.5 454055
37130 15.8 454213
37140 16.4 454377
37150 16.3 454540
37160 15 454690
37170 17 454860
37180 18.2 455042
37190 18 455222
37200 16.5 455387
37210 17.9 455566
37220 18.3 455749
37230 17.2 455921
37240 16.4 456085
37250 20.8 456293
37260 13.1 456424
37270 16.7 456591
37280 18 456771
37290 19.9 456970
37300 20.5 457175
37310 18.9 457364
37320 19.4 457558
37330 17.7 457735
37340 15.5 457890
37350 20.7 458097
37360 16.3 458260
37370 16.9 458429
37380 19.5 458624
37390 20.7 458831
37400 15 458981
37410 16.2 459143
37420 19.8 459341
37430 16.5 459506
37440 16 459666
37450 20.9 459875
37460 13 460005
37470 19.6 460201
37480 20 460401
37490 17.6 460577
37500 16.5 460742
37510 18.6 460928
37520 16 461088
37530 18.5 461273
37540 15.4 461427
37550 16 461587
37560 19 461777
37570 13.7 461914
37580 16.6 462080
37590 18.4 462264
37600 18.4 462448
37610 20.2 462650
37620 18.5 462835
37630 15.8 462993
37640 20 463193
37650 17.9 463372
37660 16.4 463536
37670 17.5 463711
37680 18 463891
37690 20.6 464097
37700 16.8 464265
37710 18.4 464449
37720 17.8 464627
37730 19.4 464821
37740 19 465011
37750 19.1 465202
37760 13.4 465336
37770 17.2 465508
37780 18.5 465693
37790 17.9 465872
37800 12.4 465996
37810 12.2 466118
37820 22.8 466346
37830 18.6 466532
37840 17.2 466704
37850 18.6 466890
37860 19.1 467081
37870 20.7 467288
37880 19.5 467483
37890 18.2 467665
37900 22 467885
37910 13.8 468023
37920 22.2 468245
37930 20.9 468454
37940 12.7 468581
37950 19 468771
37960 23.8 469009
37970 17.9 469188
37980 18.6 469374
37990 15.9 469533
38000 20.7 469740
38010 19.9 469939
38020 17.7 470116
38030 21.9 470335
38040 17.9 470514
38050 20.9 470723
38060 15.6 470879
38070 17 471049
38080 21 471259
38090 21.4 471473
38100 17.1 471644
38110 18.4 471828
38120 19.6 472024
38130 18.7 472211
38140 18.7 472398
38150 24.7 472645
38160 16.9 472814
38170 15.8 472972
38180 17.9 473151
38190 21.7 473368
38200 20.5 473573
38210 16.6 473739
38220 19.4 473933
38230 16.4 474097
38240 19.9 474296
38250 20.9 474505
38260 19.4 474699
38270 16.3 474862
38280 20.8 475070
38290 18.9 475259
38300 18.8 475447
38310 19.4 475641
38320 18.9 475830
38330 17 476000
38340 20.8 476208
38350 17.9 476387
38360 20.1 476588
38370 17.5 476763
38380 20.4 476967
38390 19.5 477162
38400 17 477332
38410 16.9 477501
38420 18.2 477683
38430 21.4 477897
38440 18.9 478086
38450 18.8 478274
38460 23.4 478508
38470 18.2 478690
38480 22.5 478915
38490 18.7 479102
38500 21.8 479320
38510 22.1 479541
38520 18.4 479725
38530 19.6 479921
38540 23.3 480154
38550 18.2 480336
38560 21.5 480551
38570 20.9 480760
38580 19.9 480959
38590 21.1 481170
38600 17.2 481342
38610 20.5 481547
38620 20.4 481751
38630 22.2 481973
38640 22 482193
38650 18.4 482377
38660 17.9 482556
38670 23.9 482795
38680 17.4 482969
38690 21.3 483182
38700 16.4 483346
38710 21.1 483557
38720 20.8 483765
38730 18.5 483950
38740 23.1 484181
38750 19.5 484376
38760 20.7 484583
38770 18 484763
38780 17.6 484939
38790 20.2 485141
38800 21.9 485360
38810 23.3 485593
38820 15.3 485746
38830 18.1 485927
38840 18.4 486111
38850 18.1 486292
38860 22.4 486516
38870 13.7 486653
38880 21.9 486872
38890 19.1 487063
38900 15.9 487222
38910 20.1 487423
38920 18.3 487606
38930 18.9 487795
38940 19.2 487987
38950 20.4 488191
38960 18.6 488377
38970 16.4 488541
38980 20.8 488749
38990 20.1 488950
39000 16.8 489118
39010 20.1 489319
39020 18.4 489503
39030 18.5 489688
39040 15.4 489842
39050 18.4 490026
39060 26.9 490295
39070 14.9 490444
39080 20.6 490650
39090 23 490880
39100 18.9 491069
39110 21.6 491285
39120 16.7 491452
39130 24.4 491696
39140 19.1 491887
39150 17.3 492060
39160 18.6 492246
39170 17.9 492425
39180 22.1 492646
39190 17.1 492817
39200 22.8 493045
39210 14.6 493191
39220 22 493411
39230 17.1 493582
39240 23.4 493816
39250 20 494016
39260 18.2 494198
39270 20.5 494403
39280 15.8 494561
39290 14.6 494707
39300 25.1 494958
39310 13.9 495097
39320 26.1 495358
39330 19.1 495549
39340 14.3 495692
39350 25.2 495944
39360 19.4 496138
39370 20.2 496340
39380 13.4 496474
39390 16.3 496637
39400 20.8 496845
39410 23.3 497078
39420 16.5 497243
39430 17.9 497422
39440 24.8 497670
39450 13.5 497805
39460 17.4 497979
39470 20.8 498187
39480 14.8 498335
39490 19.7 498532
39500 25.5 498787
39510 14.1 498928
39520 15.1 499079
39530 17.9 499258
39540 22.2 499480
39550 16.4 499644
39560 22.8 499872
39570 16.6 500038
39580 17.9 500217
39590 18.7 500404
39600 19 500594
39610 24 500834
39620 14.3 500977
39630 15.9 501136
39640 20 501336
39650 18.7 501523
39660 24.3 501766
39670 16.2 501928
39680 14.8 502076
39690 25.6 502332
39700 15.3 502485
39710 25 502735
39720 15.1 502886
39730 16.9 503055
39740 26.7 503322
39750 12.9 503451
39760 18.7 503638
39770 22.5 503863
39780 16.6 504029
39790 12.2 504151
39800 24.1 504392
39810 16.3 504555
39820 21.9 504774
39830 12.5 504899
39840 24.7 505146
39850 18.1 505327
39860 18.5 505512
39870 21.9 505731
39880 16.9 505900
39890 16.1 506061
39900 20.2 506263
39910 12.3 506386
39920 18.5 506571
39930 20.4 506775
39940 17.2 506947
39950 23 507177
39960 19.1 507368
39970 16.1 507529
39980 20.8 507737
39990 16.6 507903
40000 18.7 508090
40010 18.3 508273
40020 17.3 508446
40030 20.4 508650
40040 15.5 508805
40050 18.3 508988
40060 28.9 509277
40070 14.9 509426
40080 14.1 509567
40090 20.4 509771
40100 23.2 510003
40110 15.9 510162
40120 15.5 510317
40130 20.7 510524
40140 13.9 510663
40150 18 510843
40160 20 511043
40170 15.5 511198
40180 21.4 511412
40190 21.6 511628
40200 16.7 511795
40210 17.8 511973
40220 22.8 512201
40230 22.4 512425
40240 18.2 512607
40250 20 512807
40260 21.2 513019
40270 17 513189
40280 19.3 513382
40290 21.1 513593
40300 17.7 513770
40310 22.1 513991
40320 18.9 514180
40330 20.3 514383
40340 19.6 514579
40350 17.6 514755
40360 21.2 514967
40370 18.9 515156
40380 18.9 515345
40390 21.1 515556
40400 23.2 515788
40410 17 515958
40420 16.1 516119
40430 24.6 516365
40440 20.9 516574
40450 18.2 516756
40460 19.4 516950
40470 15.1 517101
40480 18.9 517290
40490 22.4 517514
40500 15.8 517672
40510 18.7 517859
40520 23.8 518097
40530 18.6 518283
40540 14.3 518426
40550 21.7 518643
40560 21.4 518857
40570 14.7 519004
40580 15.7 519161
40590 20.7 519368
40600 23.4 519602
40610 14.7 519749
40620 15.6 519905
40630 26.1 520166
40640 11.3 520279
40650 18.9 520468
40660 22.8 520696
40670 15.6 520852
40680 21.1 521063
40690 17 521233
40700 18.1 521414
40710 21.9 521633
40720 17.1 521804
40730 19.6 522000
40740 17.3 522173
40750 20 522373
40760 17 522543
40770 19.4 522737
40780 19.6 522933
40790 20.4 523137
40800 13.6 523273
40810 21.7 523490
40820 18.1 523671
40830 23.9 523910
40840 14.9 524059
40850 24.1 524300
40860 21.3 524513
40870 17.8 524691
40880 18.1 524872
40890 23.9 525111
40900 18 525291
40910 16.8 525459
40920 23 525689
40930 18.8 525877
40940 18.2 526059
40950 22.6 526285
40960 21.4 526499
40970 16.7 526666
40980 23.2 526898
40990 17.8 527076
41000 19.5 527271
41010 20 527471
41020 19 527661
41030 17.5 527836
41040 19 528026
41050 21.1 528237
41060 15.5 528392
41070 21.4 528606
41080 18.1 528787
41090 14.4 528931
41100 18.7 529118
41110 21.2 529330
41120 14.9 529479
41130 25.3 529732
41140 16.7 529899
41150 15 530049
41160 21.9 530268
41170 19.9 530467
41180 13 530597
41190 17.5 530772
41200 22.1 530993
41210 18.6 531179
41220 19 531369
41230 15.4 531523
41240 24.8 531771
41250 17.5 531946
41260 16 532106
41270 23.4 532340
41280 22.1 532561
41290 14.1 532702
41300 16.9 532871
41310 23.6 533107
41320 19.4 533301
41330 13.4 533435
41340 21.7 533652
41350 21.9 533871
41360 16.5 534036
41370 17.9 534215
41380 20.2 534417
41390 21.4 534631
41400 17.1 534802
41410 17.7 534979
41420 23 535209
41430 13.7 535346
41440 15.5 535501
41450 23.1 535732
41460 16 535892
41470 19 536082
41480 18.1 536263
41490 21.7 536480
41500 14.8 536628
41510 15.8 536786
41520 26.3 537049
41530 17.3 537222
41540 16.1 537383
41550 22.1 537604
41560 14.6 537750
41570 23 537980
41580 18.9 538169
41590 21.5 538384
41600 15.4 538538
41610 16.8 538706
41620 20.6 538912
41630 20.1 539113
41640 15.7 539270
41650 18.4 539454
41660 19.2 539646
41670 25.6 539902
41680 16.7 540069
41690 16.7 540236
41700 26.3 540499
41710 11.4 540613
41720 21.9 540832
41730 16.6 540998
41740 21.4 541212
41750 23 541442
41760 10.8 541550
41770 14.7 541697
41780 22.2 541919
41790 15.2 542071
41800 18.3 542254
41810 17.7 542431
41820 23.2 542663
41830 17.4 542837
41840 19.9 543036
41850 25.1 543287
41860 22.4 543511
41870 17.4 543685
41880 22.1 543906
41890 18.5 544091
41900 15.8 544249
41910 22.7 544476
41920 20.3 544679
41930 18.6 544865
41940 18.4 545049
41950 19.2 545241
41960 14.5 545386
41970 22.2 545608
41980 22.7 545835
41990 17.3 546008
42000 16.8 546176
42010 25.6 546432
42020 15.2 546584
42030 19.5 546779
42040 20.9 546988
42050 18.7 547175
42060 14.8 547323
42070 16.9 547492
42080 22.4 547716
42090 13.3 547849
42100 20.9 548058
42110 17.7 548235
42120 21.3 548448
42130 12.3 548571
42140 16 548731
42150 21.4 548945
42160 16.9 549114
42170 15 549264
42180 20.7 549471
42190 18.7 549658
42200 9.4 549752
42210 9.4 549846
42220 13.5 549981
42230 7.6 550057
42240 6.6 550123
42250 8.1 550204
42260 10.4 550308
42270 13.8 550446
42280 8 550526
42290 2.4 550550
42300 1.4 550564
42310 0.4 550568
42320 0 550568
42330 0 550568
42340 0 550568
42350 0 550568
42360 0 550568
42370 0 550568
42380 0 550568
42390 0 550568
42400 0 550568
42410 0 550568
42420 0 550568
42430 0 550568
42440 0 550568
42450 0 550568
42460 0 550568
42470 0 550568
42480 0 550568
42490 0 550568
42500 0 550568
42510 0 550568
42520 0 550568
42530 0 550568
42540 0 550568
42550 0 550568
42560 0 550568
42570 0 550568
42580 0 550568
42590 0 550568
42600 0 550568
42610 0 550568
42620 0 550568
42630 0 550568
42640 0 550568
42650 0 550568
42660 0 550568
42670 0 550568
42680 0 550568
42690 0 550568
42700 0 550568
42710 0 550568
42720 0 550568
42730 0 550568
42740 0 550568
42750 0 550568
42760 0 550568
42770 0 550568
42780 0 550568
42790 0 550568
42800 0 550568
42810 0 550568
42820 0 550568
42830 0 550568
42840 0 550568
42850 0 550568
42860 0 550568
42870 0 550568
42880 0 550568
42890 0 550568
42900 0 550568
42910 0 550568
42920 0 550568
42930 0 550568
42940 0 550568
42950 0 550568
42960 0 550568
42970 0 550568
42980 0 550568
42990 0 550568
43000 0 550568
43010 0 550568
43020 0 550568
43030 0 550568
43040 0 550568
43050 0 550568
43060 0 550568
43070 0 550568
43080 0 550568
43090 0 550568
43100 0 550568
43110 0 550568
43120 0 550568
43130 0 550568
43140 0 550568
43150 0 550568
43160 0 550568
43170 0 550568
43180 0 550568
43190 0 550568
43200 0 550568
43210 0 550568
43220 0 550568
43230 0 550568
43240 0 550568
43250 0 550568
43260 0 550568
43270 0 550568
43280 0 550568
43290 0 550568
43300 0 550568
43310 0 550568
43320 0 550568
43330 0 550568
43340 0 550568
43350 0 550568
43360 0 550568
43370 0 550568
43380 0 550568
43390 0 550568
43400 0 550568
43410 0 550568
43420 0 550568
43430 0 550568
43440 0 550568
43450 0 550568
43460 0 550568
43470 0 550568
43480 0 550568
43490 0 550568
43500 0 550568
43510 0 550568
43520 0 550568
43530 0 550568
43540 0 550568
43550 0 550568
43560 0 550568
43570 0 550568
43580 0 550568
43590 0 550568
43600 0 550568
43610 0 550568
43620 0 550568
43630 0 550568
43640 0 550568
43650 0 550568
43660 0 550568
43670 0 550568
43680 0 550568
43690 0 550568
43700 0 550568
43710 0 550568
43720 0 550568
43730 0 550568
43740 0 550568
43750 0 550568
43760 0 550568
43770 0 550568
43780 0 550568
43790 0 550568
43800 0 550568
43810 0 550568
43820 0 550568
43830 0 550568
43840 0 550568
43850 0 550568
43860 0 550568
43870 0 550568
43880 0 550568
43890 0 550568
43900 0 550568
43910 0 550568
43920 0 550568
43930 0 550568
43940 0 550568
43950 0 550568
43960 0 550568
43970 0 550568
43980 0 550568
43990 0 550568
44000 0 550568
44010 0 550568
44020 0 550568
44030 0 550568
44040 0 550568
44050 0 550568
44060 0 550568
44070 0 550568
44080 0 550568
44090 0 550568
44100 0 550568
44110 0 550568
44120 0 550568
44130 0 550568
44140 0 550568
44150 0 550568
44160 0 550568
44170 0 550568
44180 0 550568
44190 0 550568
44200 0 550568
44210 0 550568
44220 0 550568
44230 0 550568
44240 0 550568
44250 0 550568
44260 0 550568
44270 0 550568
44280 0 550568
44290 0 550568
44300 0 550568
44310 0 550568
44320 0 550568
44330 0 550568
44340 0 550568
44350 0 550568
44360 0 550568
44370 0 550568
44380 0 550568
44390 0 550568
44400 0 550568
44410 0 550568
44420 0 550568
44430 0 550568
44440 0 550568
44450 0 550568
44460 0 550568
44470 0 550568
44480 0 550568
44490 0 550568
44500 0 550568
44510 0 550568
44520 0 550568
44530 0 550568
44540 0 550568
44550 0 550568
44560 0 550568
44570 0 550568
44580 0 550568
44590 0 550568
44600 0 550568
44610 0 550568
44620 0 550568
44630 0 550568
44640 0 550568
44650 0 550568
44660 0 550568
44670 0 550568
44680 0 550568
44690 0 550568
44700 0 550568
44710 0 550568
44720 0 550568
44730 0 550568
44740 0 550568
44750 0 550568
44760 0 550568
44770 0 550568
44780 0 550568
44790 0 550568
44800 0 550568
44810 0 550568
44820 0 550568
44830 0 550568
44840 0 550568
44850 0 550568
44860 0 550568
44870 0 550568
44880 0 550568
44890 0 550568
44900 0 550568
44910 0 550568
44920 0 550568
44930 0 550568
44940 0 550568
44950 0 550568
44960 0 550568
44970 0 550568
44980 0 550568
44990 0 550568
45000 0 550568
45010 0 550568
45020 0 550568
45030 0 550568
45040 0 550568
45050 0 550568
45060 0 550568
45070 0 550568
45080 0 550568
45090 0 550568
45100 0 550568
45110 0 550568
45120 0 550568
45130 0 550568
45140 0 550568
45150 0 550568
45160 0 550568
45170 0 550568
45180 0 550568
45190 0 550568
45200 0 550568
45210 0 550568
45220 0 550568
45230 0 550568
45240 0 550568
45250 0 550568
45260 0 550568
45270 0 550568
45280 0 550568
45290 0 550568
45300 0 550568
45310 0 550568
45320 0 550568
45330 0 550568
45340 0 550568
45350 0 550568
45360 0 550568
45370 0 550568
45380 0 550568
45390 0 550568
45400 0 550568
45410 0 550568
45420 0 550568
45430 0 550568
45440 0 550568
45450 0 550568
45460 0 550568
45470 0 550568
45480 0 550568
45490 0 550568
45500 0 550568
45510 0 550568
45520 0 550568
45530 0 550568
45540 0 550568
45550 0 550568
45560 0 550568
45570 0 550568
45580 0 550568
45590 0 550568
45600 0 550568
45610 0 550568
45620 0 550568
45630 0 550568
45640 0 550568
45650 0 550568
45660 0 550568
45670 0 550568
45680 0 550568
45690 0 550568
45700 0 550568
45710 0 550568
45720 0 550568
45730 0 550568
45740 0 550568
45750 0 550568
45760 0 550568
45770 0 550568
45780 0 550568
45790 0 550568
45800 0 550568
45810 0 550568
45820 0 550568
45830 0 550568
45840 0 550568
45850 0 550568
45860 0 550568
45870 0 550568
45880 0 550568
45890 0 550568
45900 0 550568
45910 0 550568
45920 0 550568
45930 0 550568
45940 0 550568
45950 0 550568
45960 0 550568
45970 0 550568
45980 0 550568
45990 0 550568
46000 0 550568
46010 0 550568
46020 0 550568
46030 0 550568
46040 0 550568
46050 0 550568
46060 0 550568
46070 0 550568
46080 0 550568
46090 0 550568
46100 0 550568
46110 0 550568
46120 0 550568
46130 0 550568
46140 0 550568
46150 0 550568
46160 0 550568
46170 0 550568
46180 0 550568
46190 0 550568
46200 0 550568
46210 0 550568
46220 0 550568
46230 0 550568
46240 0 550568
46250 0 550568
46260 0 550568
46270 0 550568
46280 0 550568
46290 0 550568
46300 0 550568
46310 0 550568
46320 0 550568
46330 0 550568
46340 0 550568
46350 0 550568
46360 0 550568
46370 0 550568
46380 0 550568
46390 0 550568
46400 0 550568
46410 0 550568
46420 0 550568
46430 0 550568
46440 0 550568
46450 0 550568
46460 0 550568
46470 0 550568
46480 0 550568
46490 0 550568
46500 0 550568
46510 0 550568
46520 0 550568
46530 0 550568
46540 0 550568
46550 0 550568
46560 0 550568
46570 0 550568
46580 0 550568
46590 0 550568
46600 0 550568
46610 0 550568
46620 0 550568
46630 0 550568
46640 0 550568
46650 0 550568
46660 0 550568
46670 0 550568
46680 0 550568
46690 0 550568
46700 0 550568
46710 0 550568
46720 0 550568
46730 0 550568
46740 0 550568
46750 0 550568
46760 0 550568
46770 0 550568
46780 0 550568
46790 0 550568
46800 0 550568
46810 0 550568
46820 0 550568
46830 0 550568
46840 0 550568
46850 0 550568
46860 0 550568
46870 0 550568
46880 0 550568
46890 0 550568
46900 0 550568
46910 0 550568
46920 0 550568
46930 0 550568
46940 0 550568
46950 0 550568
46960 0 550568
46970 0 550568
46980 0 550568
46990 0 550568
47000 0 550568
47010 0 550568
47020 0 550568
47030 0 550568
47040 0 550568
47050 0 550568
47060 0 550568
47070 0 550568
47080 0 550568
47090 0 550568
47100 0 550568
47110 0 550568
47120 0 550568
47130 0 550568
47140 0 550568
47150 0 550568
47160 0 550568
47170 0 550568
47180 0 550568
47190 0 550568
47200 0 550568
47210 0 550568
47220 0 550568
47230 0 550568
47240 0 550568
47250 0 550568
47260 0 550568
47270 0 550568
47280 0 550568
47290 0 550568
47300 0 550568
47310 0 550568
47320 0 550568
47330 0 550568
47340 0 550568
47350 0 550568
47360 0 550568
47370 0 550568
47380 0 550568
47390 0 550568
47400 0 550568
47410 0 550568
47420 0 550568
47430 0 550568
47440 0 550568
47450 0 550568
47460 0 550568
47470 0 550568
47480 0 550568
47490 0 550568
47500 0 550568
47510 0 550568
47520 0 550568
47530 0 550568
47540 0 550568
47550 0 550568
47560 0 550568
47570 0 550568
47580 0 550568
47590 0 550568
47600 0 550568
47610 0 550568
47620 0 550568
47630 0 550568
47640 2.9 550597
47650 25.4 550851
47660 16.7 551018
47670 26.5 551283
47680 13.4 551417
47690 31.2 551729
47700 15.5 551884
47710 22.3 552107
47720 19.9 552306
47730 22.7 552533
47740 25.6 552789
47750 18.5 552974
47760 26.3 553237
47770 20.6 553443
47780 15.6 553599
47790 27.9 553878
47800 20 554078
47810 15.7 554235
47820 28.9 554524
47830 16.9 554693
47840 15.1 554844
47850 32.2 555166
47860 21.8 555384
47870 24.4 555628
47880 19.2 555820
47890 23.2 556052
47900 19.5 556247
47910 27.3 556520
47920 12.8 556648
47930 24.3 556891
47940 19 557081
47950 24 557321
47960 17.9 557500
47970 23.3 557733
47980 23.8 557971
47990 17.3 558144
48000 24.3 558387
48010 25.7 558644
48020 17 558814
48030 19.7 559011
48040 23.5 559246
48050 18.1 559427
48060 18.4 559611
48070 22.1 559832
48080 24.7 560079
48090 18.6 560265
48100 22.1 560486
48110 20.7 560693
48120 21.8 560911
48130 15.1 561062
48140 18.5 561247
48150 21.6 561463
48160 22.7 561690
48170 17.8 561868
48180 16.7 562035
48190 20.3 562238
48200 21.8 562456
48210 23.1 562687
48220 12.7 562814
48230 26.5 563079
48240 21 563289
48250 22.5 563514
48260 15.1 563665
48270 22.8 563893
48280 23 564123
48290 21.9 564342
48300 15.4 564496
48310 22.1 564717
48320 20.7 564924
48330 23.4 565158
48340 16.3 565321
48350 23.9 565560
48360 21.8 565778
48370 13.5 565913
48380 23.9 566152
48390 25.2 566404
48400 21.2 566616
48410 23.8 566854
48420 18.5 567039
48430 24.5 567284
48440 20.8 567492
48450 25.7 567749
48460 16.6 567915
48470 16.4 568079
48480 22.3 568302
48490 22.5 568527
48500 16.4 568691
48510 17 568861
48520 21.4 569075
48530 24.5 569320
48540 18.2 569502
48550 22.1 569723
48560 18.5 569908
48570 14.6 570054
48580 19.2 570246
48590 22.3 570469
48600 15.4 570623
48610 21.6 570839
48620 18.2 571021
48630 18.1 571202
48640 20 571402
48650 19.6 571598
48660 19.8 571796
48670 16 571956
48680 12.6 572082
48690 20.5 572287
48700 19.8 572485
48710 14.7 572632
48720 12.1 572753
48730 20.5 572958
48740 16.4 573122
48750 9.4 573216
48760 10.2 573318
48770 8.6 573404
48780 9.6 573500
48790 8.9 573589
48800 5.7 573646
48810 3.6 573682
48820 1.2 573694
48830 0.4 573698
48840 0.2 573700
48850 0.4 573704
48860 0 573704
48870 0 573704
48880 0 573704
48890 0 573704
48900 0 573704
48910 0 573704
48920 0 573704
48930 0 573704
48940 0 573704
48950 0 573704
48960 0 573704
48970 0 573704
48980 0 573704
48990 0 573704
49000 0 573704
49010 0 573704
49020 0 573704
49030 0 573704
49040 0 573704
49050 0 573704
49060 0 573704
49070 0 573704
49080 0 573704
49090 0 573704
49100 0 573704
49110 0 573704
49120 0 573704
49130 0 573704
49140 0 573704
49150 0 573704
49160 0 573704
49170 0 573704
49180 0 573704
49190 0 573704
49200 0 573704
49210 0 573704
49220 0 573704
49230 0 573704
49240 0 573704
49250 0 573704
49260 0 573704
49270 0 573704
49280 0 573704
49290 0 573704
49300 0 573704
49310 0 573704
49320 0 573704
49330 0 573704
49340 0 573704
49350 0 573704
49360 0 573704
49370 0 573704
49380 0 573704
49390 6.1 573765
49400 21.6 573981
49410 18 574161
49420 22.5 574386
49430 23.7 574623
49440 9.7 574720
49450 7.6 574796
49460 24.8 575044
49470 16.3 575207
49480 29.2 575499
49490 20.9 575708
49500 21.6 575924
49510 22.6 576150
49520 22.8 576378
49530 15.7 576535
49540 22.3 576758
49550 20.7 576965
49560 17.6 577141
49570 18.6 577327
49580 19.2 577519
49590 19.7 577716
49600 24.2 577958
49610 22 578178
49620 22.4 578402
49630 23.2 578634
49640 20.8 578842
49650 17.3 579015
49660 23.6 579251
49670 19.3 579444
49680 17.4 579618
49690 22.9 579847
49700 16.7 580014
49710 22 580234
49720 23.5 580469
49730 17 580639
49740 25 580889
49750 19.2 581081
49760 20.7 581288
49770 18 581468
49780 25 581718
49790 17.6 581894
49800 18.7 582081
49810 20.1 582282
49820 21 582492
49830 17.9 582671
49840 18.4 582855
49850 20 583055
49860 14.8 583203
49870 26.8 583471
49880 16.1 583632
49890 21.1 583843
49900 12 583963
49910 25.3 584216
49920 15.7 584373
49930 23.7 584610
49940 21.4 584824
49950 18.4 585008
49960 18.2 585190
49970 27 585460
49980 16.1 585621
49990 11.2 585733
50000 19.4 585927
50010 25.6 586183
50020 12.5 586308
50030 21.7 586525
50040 19 586715
50050 18.5 586900
50060 19.3 587093
50070 16 587253
50080 18.3 587436
50090 23.4 587670
50100 16.1 587831
50110 25.6 588087
50120 14.9 588236
50130 23.2 588468
50140 20.8 588676
50150 14.7 588823
50160 18.3 589006
50170 21.4 589220
50180 20.3 589423
50190 16 589583
50200 22.2 589805
50210 19.7 590002
50220 15.1 590153
50230 29.1 590444
50240 12.9 590573
50250 15.8 590731
50260 25.3 590984
50270 13.5 591119
50280 19 591309
50290 22 591529
50300 15.5 591684
50310 24.1 591925
50320 17.2 592097
50330 16.6 592263
50340 18.5 592448
50350 20 592648
50360 21 592858
50370 20.3 593061
50380 19.9 593260
50390 16.7 593427
50400 23.2 593659
50410 14.9 593808
50420 13.9 593947
50430 22.4 594171
50440 18.2 594353
50450 19.3 594546
50460 21 594756
50470 24.5 595001
50480 15.6 595157
50490 14 595297
50500 17.3 595470
50510 20.6 595676
50520 19.5 595871
50530 23.9 596110
50540 19.6 596306
50550 17.3 596479
50560 17.3 596652
50570 18 596832
50580 21.7 597049
50590 24.4 597293
50600 22.7 597520
50610 12.6 597646
50620 15 597796
50630 25.1 598047
50640 20.5 598252
50650 20.6 598458
50660 19.2 598650
50670 20.8 598858
50680 18.1 599039
50690 21.3 599252
50700 21.9 599471
50710 21.4 599685
50720 21.5 599900
50730 21.6 600116
50740 15.9 600275
50750 22.9 600504
50760 28 600784
50770 10.6 600890
50780 15.7 601047
50790 33.5 601382
50800 11.7 601499
50810 14.5 601644
50820 26.5 601909
50830 12.3 602032
50840 20.2 602234
50850 21.9 602453
50860 21.4 602667
50870 16.2 602829
50880 25.4 603083
50890 19.5 603278
50900 13.5 603413
50910 26 603673
50920 17.9 603852
50930 21.1 604063
50940 24 604303
50950 15.8 604461
50960 18.9 604650
50970 24.3 604893
50980 16.3 605056
50990 20.5 605261
51000 13.7 605398
51010 24 605638
51020 18.2 605820
51030 14 605960
51040 18.3 606143
51050 26.3 606406
51060 13 606536
51070 18.2 606718
51080 21.3 606931
51090 14.5 607076
51100 18.2 607258
51110 23.5 607493
51120 8.8 607581
51130 22.6 607807
51140 16.9 607976
51150 11.6 608092
51160 23.8 608330
51170 16.4 608494
51180 6.5 608559
51190 20.6 608765
51200 11.8 608883
51210 9.3 608976
51220 12.3 609099
51230 8.8 609187
51240 10.1 609288
51250 4.6 609334
51260 3.1 609365
51270 1.8 609383
51280 0.1 609384
51290 0.2 609386
51300 0.1 609387
51310 0.2 609389
51320 0.1 609390
51330 0 609390
51340 0 609390
51350 0 609390
51360 0 609390
51370 0 609390
51380 0 609390
51390 0 609390
51400 0 609390
51410 0 609390
51420 0 609390
51430 0 609390
51440 0 609390
51450 0 609390
51460 0 609390
51470 0 609390
51480 0 609390
51490 0 609390
51500 0 609390
51510 0 609390
51520 0 609390
51530 0 609390
51540 0 609390
51550 0 609390
51560 0 609390
51570 0 609390
51580 0 609390
51590 0 609390
51600 0 609390
51610 0 609390
51620 0 609390
51630 0 609390
51640 0 609390
51650 0 609390
51660 0 609390
51670 0 609390
51680 0 609390
51690 0 609390
51700 0 609390
51710 0 609390
51720 0 609390
51730 0 609390
51740 0 609390
51750 0 609390
51760 0 609390
51770 0 609390
51780 0 609390
51790 0 609390
51800 0 609390
51810 0 609390
51820 0 609390
51830 0 609390
51840 0 609390
51850 0 609390
51860 0 609390
51870 0 609390
51880 0 609390
51890 0 609390
51900 0 609390
51910 0 609390
51920 0 609390
51930 0 609390
51940 0 609390
51950 0 609390
51960 0 609390
51970 0 609390
51980 0 609390
51990 0 609390
52000 0 609390
52010 0 609390
52020 0 609390
52030 0 609390
52040 0 609390
52050 0 609390
52060 0 609390
52070 0 609390
52080 0 609390
52090 0 609390
52100 0 609390
52110 0 609390
52120 0 609390
52130 0 609390
52140 0 609390
52150 0 609390
52160 0 609390
52170 0 609390
52180 0 609390
52190 0 609390
52200 0 609390
52210 0 609390
52220 0 609390
52230 0 609390
52240 0 609390
52250 0 609390
52260 0 609390
52270 0 609390
52280 0 609390
52290 0 609390
52300 0 609390
52310 0 609390
52320 0 609390
52330 0 609390
52340 0 609390
52350 0 609390
52360 0 609390
52370 0 609390
52380 0 609390
52390 0 609390
52400 0 609390
52410 0 609390
52420 0 609390
52430 0 609390
52440 0 609390
52450 0 609390
52460 0 609390
52470 0 609390
52480 0 609390
52490 0 609390
52500 0 609390
52510 0 609390
52520 0 609390
52530 0 609390
52540 0 609390
52550 0 609390
52560 0 609390
52570 0 609390
52580 0 609390
52590 0 609390
52600 0 609390
52610 0 609390
52620 0 609390
52630 0 609390
52640 0 609390
52650 0 609390
52660 0 609390
52670 0 609390
52680 0 609390
52690 0 609390
52700 0 609390
52710 0 609390
52720 0 609390
52730 0 609390
52740 0 609390
52750 0 609390
52760 0 609390
52770 0 609390
52780 0 609390
52790 0 609390
52800 0 609390
52810 0 609390
52820 0 609390
52830 0 609390
52840 0 609390
52850 0 609390
52860 0 609390
52870 0 609390
52880 0 609390
52890 0 609390
52900 0 609390
52910 0 609390
52920 0 609390
52930 0 609390
52940 0.1 609391
