0 1.1 11
10 0.8 19
20 0.8 27
30 0.8 35
40 1.1 46
50 1.3 59
60 0.9 68
70 1.4 82
80 1.3 95
90 1.1 106
100 1 116
110 0.9 125
120 0.9 134
130 0.9 143
140 0.9 152
150 1.3 165
160 1.5 180
170 1.2 192
180 0.8 200
190 1.3 213
200 1.2 225
210 1.2 237
220 0.9 246
230 0.8 254
240 0.7 261
250 1.4 275
260 1.2 287
270 0.9 296
280 0.7 303
290 1.4 317
300 0.8 325
310 0.5 330
320 1.1 341
330 2 361
340 1 371
350 1 381
360 0.9 390
370 1.2 402
380 1.1 413
390 1.6 429
400 1.4 443
410 1.1 454
420 1.1 465
430 0.9 474
440 1.4 488
450 0.9 497
460 1.3 510
470 0.4 514
480 0.6 520
490 1.2 532
500 0.7 539
510 1.3 552
520 0.7 559
530 1 569
540 1.2 581
550 1.7 598
560 1 608
570 1.3 621
580 0.8 629
590 1 639
600 1 649
610 0.3 652
620 1 662
630 0.9 671
640 0.9 680
650 1.2 692
660 1.3 705
670 0.8 713
680 1.2 725
690 1.3 738
700 1.3 751
710 0.9 760
720 0.9 769
730 0.8 777
740 1 787
750 0.9 796
760 1 806
770 1.4 820
780 0.6 826
790 0.5 831
800 0.7 838
810 1.2 850
820 0.7 857
830 0.9 866
840 0.8 874
850 0.8 882
860 0.7 889
870 0.8 897
880 1.2 909
890 0.9 918
900 1.5 933
910 1 943
920 1.1 954
930 1.1 965
940 1.2 977
950 1.5 992
960 1.5 1007
970 1 1017
980 1 1027
990 1.3 1040
1000 0.7 1047
1010 1.1 1058
1020 1.2 1070
1030 1.2 1082
1040 0.9 1091
1050 1.1 1102
1060 1.2 1114
1070 0.8 1122
1080 0.9 1131
1090 1.4 1145
1100 0.4 1149
1110 0.6 1155
1120 1.5 1170
1130 0.9 1179
1140 1.1 1190
1150 1 1200
1160 0.9 1209
1170 1.2 1221
1180 0.8 1229
1190 1.2 1241
1200 0.9 1250
1210 0.9 1259
1220 0.8 1267
1230 0.5 1272
1240 0.9 1281
1250 1.3 1294
1260 0.9 1303
1270 1.4 1317
1280 0.5 1322
1290 1.1 1333
1300 1.4 1347
1310 0.9 1356
1320 0.6 1362
1330 0.3 1365
1340 1.2 1377
1350 1.5 1392
1360 0.6 1398
1370 1.3 1411
1380 1.1 1422
1390 1.1 1433
1400 0.9 1442
1410 1.2 1454
1420 1.1 1465
1430 1.4 1479
1440 0.8 1487
1450 1.2 1499
1460 0.7 1506
1470 1.8 1524
1480 1.4 1538
1490 0.6 1544
1500 1.2 1556
1510 1 1566
1520 0.9 1575
1530 1.2 1587
1540 0.6 1593
1550 1 1603
1560 1.4 1617
1570 0.2 1619
1580 1.6 1635
1590 0.8 1643
1600 1.4 1657
1610 1.1 1668
1620 1.1 1679
1630 0.7 1686
1640 0.5 1691
1650 1.1 1702
1660 1.2 1714
1670 0.9 1723
1680 0.4 1727
1690 1.1 1738
1700 1.4 1752
1710 1.3 1765
1720 1.8 1783
1730 1.1 1794
1740 1 1804
1750 0.6 1810
1760 0.6 1816
1770 0.6 1822
1780 1 1832
1790 0.7 1839
1800 0.7 1846
1810 1.1 1857
1820 0.8 1865
1830 0.7 1872
1840 0.9 1881
1850 1.1 1892
1860 1.1 1903
1870 1.3 1916
1880 0.5 1921
1890 0.7 1928
1900 0.7 1935
1910 0.8 1943
1920 1.3 1956
1930 1.3 1969
1940 2 1989
1950 1.4 2003
1960 1 2013
1970 0.7 2020
1980 1 2030
1990 0.6 2036
2000 0.9 2045
2010 0.6 2051
2020 1 2061
2030 1 2071
2040 1 2081
2050 0.9 2090
2060 1.2 2102
2070 0.7 2109
2080 1.4 2123
2090 1.4 2137
2100 1.2 2149
2110 1.1 2160
2120 0.8 2168
2130 1.7 2185
2140 1 2195
2150 1.1 2206
2160 0.9 2215
2170 1.2 2227
2180 1 2237
2190 1.2 2249
2200 0.3 2252
2210 0.7 2259
2220 0.5 2264
2230 0.8 2272
2240 0.9 2281
2250 1.3 2294
2260 0.5 2299
2270 1 2309
2280 0.3 2312
2290 0.8 2320
2300 0.8 2328
2310 0.9 2337
2320 1.4 2351
2330 1.1 2362
2340 1 2372
2350 1.2 2384
2360 0.9 2393
2370 1.1 2404
2380 0.5 2409
2390 1.3 2422
2400 1.6 2438
2410 1.4 2452
2420 0.7 2459
2430 1.2 2471
2440 0.8 2479
2450 0.7 2486
2460 1.4 2500
2470 0.9 2509
2480 0.6 2515
2490 1.1 2526
2500 1.7 2543
2510 0.7 2550
2520 1.3 2563
2530 0.9 2572
2540 1.2 2584
2550 0.9 2593
2560 0.5 2598
2570 0.2 2600
2580 0.8 2608
2590 1 2618
2600 1.4 2632
2610 1.4 2646
2620 1 2656
2630 0.7 2663
2640 1.2 2675
2650 1 2685
2660 1.2 2697
2670 1.5 2712
2680 0.8 2720
2690 1.8 2738
2700 1.1 2749
2710 1.2 2761
2720 0.8 2769
2730 1 2779
2740 1.4 2793
2750 0.6 2799
2760 0.7 2806
2770 1.1 2817
2780 1.1 2828
2790 1.1 2839
2800 0.9 2848
2810 0.6 2854
2820 0.8 2862
2830 1 2872
2840 1.1 2883
2850 1.2 2895
2860 1.1 2906
2870 1.4 2920
2880 1.4 2934
2890 0.8 2942
2900 1.1 2953
2910 1.2 2965
2920 0.6 2971
2930 1.1 2982
2940 1.4 2996
2950 0.8 3004
2960 1.1 3015
2970 0.9 3024
2980 0.2 3026
2990 1 3036
3000 1.4 3050
3010 0.7 3057
3020 0.3 3060
3030 1.2 3072
3040 0.8 3080
3050 0.8 3088
3060 0.5 3093
3070 0.7 3100
3080 0.8 3108
3090 1.3 3121
3100 1.2 3133
3110 0.8 3141
3120 1 3151
3130 1.4 3165
3140 1.5 3180
3150 1.2 3192
3160 1.4 3206
3170 0.8 3214
3180 1 3224
3190 0.5 3229
3200 1 3239
3210 0.4 3243
3220 1 3253
3230 0.9 3262
3240 1 3272
3250 1.4 3286
3260 0.9 3295
3270 1.1 3306
3280 1.1 3317
3290 0.9 3326
3300 0.9 3335
3310 1.1 3346
3320 1.7 3363
3330 0.8 3371
3340 1.2 3383
3350 0.8 3391
3360 0.9 3400
3370 1.2 3412
3380 0.9 3421
3390 0.9 3430
3400 1 3440
3410 1.1 3451
3420 1.1 3462
3430 1.2 3474
3440 0.8 3482
3450 0.9 3491
3460 1.3 3504
3470 1.1 3515
3480 1 3525
3490 1.5 3540
3500 0.7 3547
3510 0.7 3554
3520 0.9 3563
3530 1 3573
3540 1.3 3586
3550 0.8 3594
3560 1.1 3605
3570 1.6 3621
3580 1.4 3635
3590 1.1 3646
3600 1.2 3658
3610 1 3668
3620 0.7 3675
3630 1.1 3686
3640 0.8 3694
3650 0.7 3701
3660 1.9 3720
3670 0.8 3728
3680 1.1 3739
3690 0.7 3746
3700 1 3756
3710 1.3 3769
3720 1.3 3782
3730 1 3792
3740 1.4 3806
3750 1.5 3821
3760 1.5 3836
3770 1 3846
3780 0.5 3851
3790 1 3861
3800 1.1 3872
3810 1.2 3884
3820 1.1 3895
3830 1 3905
3840 0.4 3909
3850 0.5 3914
3860 1 3924
3870 0.8 3932
3880 0.8 3940
3890 0.5 3945
3900 1.1 3956
3910 0.9 3965
3920 0.4 3969
3930 1.5 3984
3940 0.5 3989
3950 1.4 4003
3960 0.8 4011
3970 1.6 4027
3980 0.5 4032
3990 1 4042
4000 0.9 4051
4010 1.4 4065
4020 0.9 4074
4030 1.1 4085
4040 0.6 4091
4050 1.4 4105
4060 1.2 4117
4070 1.6 4133
4080 1.1 4144
4090 1.1 4155
4100 0.8 4163
4110 1 4173
4120 0.7 4180
4130 1.3 4193
4140 0.5 4198
4150 0.7 4205
4160 1.2 4217
4170 1.5 4232
4180 0.8 4240
4190 1 4250
4200 1 4260
4210 1.5 4275
4220 0.7 4282
4230 1 4292
4240 1 4302
4250 0.8 4310
4260 1 4320
4270 1.4 4334
4280 0.5 4339
4290 0.6 4345
4300 1.5 4360
4310 1 4370
4320 1.1 4381
4330 0.8 4389
4340 1 4399
4350 1 4409
4360 1.3 4422
4370 1 4432
4380 1 4442
4390 1.1 4453
4400 0.8 4461
4410 0.9 4470
4420 0.9 4479
4430 0.4 4483
4440 1.6 4499
4450 0.6 4505
4460 0.6 4511
4470 0.7 4518
4480 1.1 4529
4490 0.6 4535
4500 1.1 4546
4510 1.1 4557
4520 1.2 4569
4530 1.1 4580
4540 0.9 4589
4550 1 4599
4560 1.9 4618
4570 1 4628
4580 0.7 4635
4590 1.4 4649
4600 1.1 4660
4610 1.6 4676
4620 0.8 4684
4630 1 4694
4640 0.9 4703
4650 1.1 4714
4660 1.1 4725
4670 1 4735
4680 0.7 4742
4690 1 4752
4700 1.2 4764
4710 1.1 4775
4720 0.8 4783
4730 1.6 4799
4740 0.6 4805
4750 0.8 4813
4760 0.9 4822
4770 0.8 4830
4780 0.6 4836
4790 1.2 4848
4800 1.6 4864
4810 1.2 4876
4820 1.1 4887
4830 0.9 4896
4840 0.8 4904
4850 0.9 4913
4860 1 4923
4870 1.4 4937
4880 0.9 4946
4890 0.6 4952
4900 0.5 4957
4910 0.5 4962
4920 1.3 4975
4930 0.8 4983
4940 0.7 4990
4950 1.2 5002
4960 1.2 5014
4970 1 5024
4980 1.3 5037
4990 0.8 5045
5000 1.3 5058
5010 1.4 5072
5020 1.1 5083
5030 1.3 5096
5040 1.2 5108
5050 0.8 5116
5060 1.6 5132
5070 0.7 5139
5080 0.8 5147
5090 1.4 5161
5100 1.1 5172
5110 1.2 5184
5120 1.4 5198
5130 0.3 5201
5140 1.2 5213
5150 1.1 5224
5160 1.3 5237
5170 0.9 5246
5180 1 5256
5190 1.5 5271
5200 1.8 5289
5210 0.4 5293
5220 0.9 5302
5230 1.5 5317
5240 0.6 5323
5250 0.9 5332
5260 1 5342
5270 1.9 5361
5280 0.7 5368
5290 1.2 5380
5300 0.9 5389
5310 0.7 5396
5320 1.1 5407
5330 0.9 5416
5340 1.3 5429
5350 0.8 5437
5360 0.2 5439
5370 1.6 5455
5380 1.2 5467
5390 1.3 5480
5400 0.7 5487
5410 0.8 5495
5420 1.1 5506
5430 0.6 5512
5440 0.9 5521
5450 1 5531
5460 0.8 5539
5470 0.4 5543
5480 0.9 5552
5490 1 5562
5500 1.4 5576
5510 1.2 5588
5520 0.8 5596
5530 1.1 5607
5540 0.9 5616
5550 0.8 5624
5560 0.8 5632
5570 0.7 5639
5580 0.8 5647
5590 0.8 5655
5600 0.8 5663
5610 1.3 5676
5620 0.7 5683
5630 1.1 5694
5640 0.6 5700
5650 0.7 5707
5660 0.4 5711
5670 1.2 5723
5680 1 5733
5690 1.6 5749
5700 1.7 5766
5710 0.7 5773
5720 1 5783
5730 1 5793
5740 1 5803
5750 1.3 5816
5760 1.1 5827
5770 1.2 5839
5780 0.7 5846
5790 0.4 5850
5800 0.6 5856
5810 0.8 5864
5820 1.6 5880
5830 1.3 5893
5840 1 5903
5850 1.1 5914
5860 1 5924
5870 0.8 5932
5880 1.1 5943
5890 1.1 5954
5900 1.4 5968
5910 0.3 5971
5920 1.4 5985
5930 1.5 6000
5940 1.7 6017
5950 1 6027
5960 1.2 6039
5970 1.3 6052
5980 1 6062
5990 0.6 6068
6000 1.1 6079
6010 0.8 6087
6020 0.9 6096
6030 1.6 6112
6040 0.9 6121
6050 1.3 6134
6060 0.7 6141
6070 1.5 6156
6080 0.8 6164
6090 1.3 6177
6100 1 6187
6110 1.2 6199
6120 0.9 6208
6130 0.8 6216
6140 0.8 6224
6150 0.5 6229
6160 1 6239
6170 1.6 6255
6180 1.3 6268
6190 0.6 6274
6200 0.7 6281
6210 1.1 6292
6220 1.5 6307
6230 1.4 6321
6240 1.4 6335
6250 1 6345
6260 0.7 6352
6270 0.8 6360
6280 1 6370
6290 1 6380
6300 0.8 6388
6310 0.7 6395
6320 0.8 6403
6330 0.9 6412
6340 1.3 6425
6350 1.8 6443
6360 0.8 6451
6370 1.3 6464
6380 0.8 6472
6390 1.1 6483
6400 1.2 6495
6410 0.8 6503
6420 0.9 6512
6430 1.5 6527
6440 1.5 6542
6450 1.3 6555
6460 0.9 6564
6470 1 6574
6480 0.6 6580
6490 1 6590
6500 1.3 6603
6510 0.8 6611
6520 1.5 6626
6530 1.3 6639
6540 0.7 6646
6550 0.8 6654
6560 1.3 6667
6570 0.8 6675
6580 1.3 6688
6590 0.4 6692
6600 1.3 6705
6610 1.2 6717
6620 0.9 6726
6630 1 6736
6640 1.1 6747
6650 1 6757
6660 1 6767
6670 1.4 6781
6680 1.3 6794
6690 1.2 6806
6700 0.6 6812
6710 1.5 6827
6720 0.9 6836
6730 0.6 6842
6740 0.8 6850
6750 1 6860
6760 0.7 6867
6770 1.3 6880
6780 1 6890
6790 1 6900
6800 0.9 6909
6810 0.8 6917
6820 1.2 6929
6830 1.1 6940
6840 1.3 6953
6850 1.2 6965
6860 0.7 6972
6870 1 6982
6880 0.8 6990
6890 0.8 6998
6900 1.4 7012
6910 0.7 7019
6920 0.5 7024
6930 0.8 7032
6940 1.3 7045
6950 0.7 7052
6960 1.4 7066
6970 1.2 7078
6980 0.9 7087
6990 1.3 7100
7000 1.5 7115
7010 1.1 7126
7020 1.2 7138
7030 0.8 7146
7040 1.2 7158
7050 0.7 7165
7060 0.5 7170
7070 0.8 7178
7080 1.3 7191
7090 0.6 7197
7100 1.1 7208
7110 0.8 7216
7120 1.1 7227
7130 0.6 7233
7140 0.5 7238
7150 1.1 7249
7160 1.8 7267
7170 1.1 7278
7180 1.2 7290
7190 1.1 7301
7200 0.5 7306
7210 0.6 7312
7220 1.6 7328
7230 1.1 7339
7240 0.5 7344
7250 1.4 7358
7260 0.8 7366
7270 1.1 7377
7280 0.8 7385
7290 1.2 7397
7300 1.4 7411
7310 0.6 7417
7320 0.9 7426
7330 1.1 7437
7340 0.5 7442
7350 1.1 7453
7360 1 7463
7370 1 7473
7380 1 7483
7390 0.7 7490
7400 1.3 7503
7410 0.5 7508
7420 0.9 7517
7430 0.9 7526
7440 0.5 7531
7450 1.6 7547
7460 1 7557
7470 0.8 7565
7480 1.3 7578
7490 0.6 7584
7500 0.8 7592
7510 1 7602
7520 1.2 7614
7530 1.1 7625
7540 0.7 7632
7550 0.9 7641
7560 1.5 7656
7570 0.7 7663
7580 1.3 7676
7590 0.7 7683
7600 0.8 7691
7610 1 7701
7620 1.3 7714
7630 0.5 7719
7640 0.5 7724
7650 1.5 7739
7660 0.8 7747
7670 1 7757
7680 0.3 7760
7690 1.1 7771
7700 0.9 7780
7710 0.8 7788
7720 1.3 7801
7730 1 7811
7740 1 7821
7750 0.8 7829
7760 1.3 7842
7770 1.1 7853
7780 1 7863
7790 1.3 7876
7800 0.9 7885
7810 1.2 7897
7820 0.9 7906
7830 1.4 7920
7840 0.8 7928
7850 0.6 7934
7860 0.5 7939
7870 1 7949
7880 0.8 7957
7890 1.2 7969
7900 1.9 7988
7910 1 7998
7920 1 8008
7930 0.7 8015
7940 1 8025
7950 1.5 8040
7960 0.9 8049
7970 0.7 8056
7980 1.3 8069
7990 1.2 8081
8000 1.1 8092
8010 1.2 8104
8020 0.4 8108
8030 0.8 8116
8040 0.7 8123
8050 1.1 8134
8060 1.2 8146
8070 0.8 8154
8080 0.8 8162
8090 1 8172
8100 0.6 8178
8110 1.1 8189
8120 1.6 8205
8130 1 8215
8140 0.9 8224
8150 1 8234
8160 0.5 8239
8170 0.9 8248
8180 0.8 8256
8190 1.2 8268
8200 1 8278
8210 0.5 8283
8220 1 8293
8230 0.9 8302
8240 0.9 8311
8250 0.7 8318
8260 0.6 8324
8270 0.9 8333
8280 0.9 8342
8290 0.6 8348
8300 0.7 8355
8310 1 8365
8320 1 8375
8330 0.9 8384
8340 0.8 8392
8350 0.6 8398
8360 1 8408
8370 0.8 8416
8380 0.8 8424
8390 0.7 8431
8400 0.9 8440
8410 0.5 8445
8420 0.9 8454
8430 1.3 8467
8440 0.9 8476
8450 1.5 8491
8460 0.7 8498
8470 1.2 8510
8480 0.6 8516
8490 0.9 8525
8500 0.9 8534
8510 0.7 8541
8520 1.2 8553
8530 1.1 8564
8540 1.2 8576
8550 0.9 8585
8560 1.1 8596
8570 0.8 8604
8580 1 8614
8590 0.9 8623
8600 0.8 8631
8610 0.5 8636
8620 1.4 8650
8630 0.6 8656
8640 1.1 8667
8650 0.5 8672
8660 1.3 8685
8670 0.7 8692
8680 1.5 8707
8690 0.9 8716
8700 1 8726
8710 1.3 8739
8720 0.8 8747
8730 1.2 8759
8740 1.2 8771
8750 1 8781
8760 1.5 8796
8770 0.4 8800
8780 0.9 8809
8790 1.4 8823
8800 1.2 8835
8810 1.4 8849
8820 1.3 8862
8830 0.5 8867
8840 1.3 8880
8850 0.8 8888
8860 1 8898
8870 1 8908
8880 0.7 8915
8890 0.8 8923
8900 1 8933
8910 1 8943
8920 1.2 8955
8930 0.6 8961
8940 1.4 8975
8950 1 8985
8960 0.6 8991
8970 0.9 9000
8980 0.3 9003
8990 0.7 9010
9000 0.8 9018
9010 1 9028
9020 0.5 9033
9030 1.1 9044
9040 0.8 9052
9050 0.5 9057
9060 0.9 9066
9070 1.1 9077
9080 1.1 9088
9090 0.8 9096
9100 1.3 9109
9110 1.2 9121
9120 1.1 9132
9130 1 9142
9140 1.3 9155
9150 1.1 9166
9160 1.2 9178
9170 2 9198
9180 0.8 9206
9190 1.1 9217
9200 1.2 9229
9210 1.5 9244
9220 1.2 9256
9230 1.3 9269
9240 1 9279
9250 0.7 9286
9260 1.3 9299
9270 0.8 9307
9280 0.8 9315
9290 0.7 9322
9300 0.4 9326
9310 0.9 9335
9320 0.8 9343
9330 0.7 9350
9340 0.7 9357
9350 1.1 9368
9360 1 9378
9370 0.7 9385
9380 0.9 9394
9390 1.2 9406
9400 0.8 9414
9410 1.1 9425
9420 0.6 9431
9430 0.8 9439
9440 1.2 9451
9450 1.2 9463
9460 1.1 9474
9470 1.7 9491
9480 1.1 9502
9490 1 9512
9500 1.2 9524
9510 0.9 9533
9520 0.5 9538
9530 0.9 9547
9540 1.4 9561
9550 1.2 9573
9560 1.4 9587
9570 0.9 9596
9580 0.9 9605
9590 1.3 9618
9600 0.8 9626
9610 1 9636
9620 0.7 9643
9630 0.8 9651
9640 0.9 9660
9650 0.8 9668
9660 0.7 9675
9670 1.4 9689
9680 1.2 9701
9690 0.9 9710
9700 1.7 9727
9710 1.1 9738
9720 1.9 9757
9730 0.4 9761
9740 1 9771
9750 1.1 9782
9760 1.4 9796
9770 1.2 9808
9780 0.8 9816
9790 1.5 9831
9800 1.1 9842
9810 0.7 9849
9820 0.8 9857
9830 1.1 9868
9840 1 9878
9850 0.6 9884
9860 0.7 9891
9870 1 9901
9880 1.2 9913
9890 1.2 9925
9900 1.1 9936
9910 1.5 9951
9920 1.1 9962
9930 0.6 9968
9940 0.6 9974
9950 1.1 9985
9960 0.6 9991
9970 1.2 10003
9980 1.2 10015
9990 0.8 10023
10000 1.2 10035
10010 0.4 10039
10020 1.2 10051
10030 0.5 10056
10040 1.1 10067
10050 1.2 10079
10060 0.8 10087
10070 0.9 10096
10080 1.6 10112
10090 1.1 10123
10100 0.6 10129
10110 1.1 10140
10120 1.1 10151
10130 2 10171
10140 0.8 10179
10150 1.3 10192
10160 0.6 10198
10170 1.3 10211
10180 0.9 10220
10190 0.5 10225
10200 0.7 10232
10210 1.8 10250
10220 0.6 10256
10230 0.9 10265
10240 1.2 10277
10250 1.5 10292
10260 0.8 10300
10270 0.7 10307
10280 0.9 10316
10290 1 10326
10300 1 10336
10310 1.3 10349
10320 1.3 10362
10330 1 10372
10340 0.6 10378
10350 0.9 10387
10360 0.8 10395
10370 0.8 10403
10380 0.8 10411
10390 0.6 10417
10400 1.4 10431
10410 1.4 10445
10420 0.6 10451
10430 0.6 10457
10440 1.3 10470
10450 0.7 10477
10460 1.1 10488
10470 0.6 10494
10480 0.7 10501
10490 0.8 10509
10500 1.1 10520
10510 0.7 10527
10520 1.2 10539
10530 1.2 10551
10540 1 10561
10550 1.1 10572
10560 0.8 10580
10570 1 10590
10580 0.8 10598
10590 1.1 10609
10600 1.3 10622
10610 0.9 10631
10620 0.5 10636
10630 1.1 10647
10640 0.9 10656
10650 1 10666
10660 0.8 10674
10670 1.4 10688
10680 1.1 10699
10690 0.8 10707
10700 1 10717
10710 1 10727
10720 0.7 10734
10730 0.4 10738
10740 1 10748
10750 1.2 10760
10760 0.7 10767
10770 1.1 10778
10780 0.5 10783
10790 0.9 10792
10800 1.6 10808
10810 0.8 10816
10820 1.5 10831
10830 1 10841
10840 1.1 10852
10850 1 10862
10860 0.8 10870
10870 1.3 10883
10880 1 10893
10890 1.6 10909
10900 0.7 10916
10910 0.6 10922
10920 1.3 10935
10930 0.6 10941
10940 1.7 10958
10950 0.8 10966
10960 0.9 10975
10970 0.7 10982
10980 0.8 10990
10990 0.9 10999
11000 1.1 11010
11010 1.1 11021
11020 0.6 11027
11030 1.1 11038
11040 0.8 11046
11050 0.4 11050
11060 0.8 11058
11070 1.6 11074
11080 1.8 11092
11090 1.5 11107
11100 0.5 11112
11110 0.2 11114
11120 1 11124
11130 1 11134
11140 1.2 11146
11150 1 11156
11160 0.8 11164
11170 1.1 11175
11180 0.9 11184
11190 0.6 11190
11200 1.3 11203
11210 1 11213
11220 0.6 11219
11230 0.3 11222
11240 0.9 11231
11250 1 11241
11260 1 11251
11270 1 11261
11280 1.5 11276
11290 1.2 11288
11300 0.5 11293
11310 1 11303
11320 1.5 11318
11330 0.9 11327
11340 1.6 11343
11350 0.8 11351
11360 1.5 11366
11370 0.9 11375
11380 1 11385
11390 1.2 11397
11400 1.6 11413
11410 0.5 11418
11420 0.6 11424
11430 1.1 11435
11440 0.6 11441
11450 1 11451
11460 1 11461
11470 0.7 11468
11480 0.4 11472
11490 0.9 11481
11500 0.8 11489
11510 1 11499
11520 1 11509
11530 1.1 11520
11540 1.2 11532
11550 1.1 11543
11560 1.1 11554
11570 1.4 11568
11580 0.7 11575
11590 0.7 11582
11600 1.1 11593
11610 0.9 11602
11620 0.6 11608
11630 0.5 11613
11640 0.8 11621
11650 1.1 11632
11660 0.8 11640
11670 0.7 11647
11680 0.7 11654
11690 0.8 11662
11700 0.9 11671
11710 0.8 11679
11720 1.3 11692
11730 1 11702
11740 1.3 11715
11750 1.1 11726
11760 0.3 11729
11770 1 11739
11780 0.5 11744
11790 0.8 11752
11800 1.7 11769
11810 0.9 11778
11820 0.8 11786
11830 1.2 11798
11840 0.6 11804
11850 0.6 11810
11860 1.1 11821
11870 1 11831
11880 0.9 11840
11890 0.6 11846
11900 0.9 11855
11910 0.6 11861
11920 0.6 11867
11930 0.7 11874
11940 0.5 11879
11950 1.1 11890
11960 1 11900
11970 0.7 11907
11980 1.4 11921
11990 0.4 11925
12000 1.7 11942
12010 1.2 11954
12020 1.3 11967
12030 0.6 11973
12040 0.5 11978
12050 0.9 11987
12060 0.9 11996
12070 0.9 12005
12080 0.8 12013
12090 0.7 12020
12100 1.1 12031
12110 1.2 12043
12120 1.1 12054
12130 1 12064
12140 0.6 12070
12150 1.2 12082
12160 1.1 12093
12170 1.1 12104
12180 1.2 12116
12190 0.8 12124
12200 1.6 12140
12210 1.4 12154
12220 1.3 12167
12230 1.2 12179
12240 1.5 12194
12250 1.6 12210
12260 0.7 12217
12270 1.3 12230
12280 1.3 12243
12290 1.8 12261
12300 0.7 12268
12310 1 12278
12320 0.9 12287
12330 0.9 12296
12340 1.2 12308
12350 1.2 12320
12360 0.7 12327
12370 1 12337
12380 1.5 12352
12390 0.9 12361
12400 1.3 12374
12410 1 12384
12420 0.7 12391
12430 1 12401
12440 1.1 12412
12450 0.6 12418
12460 1.3 12431
12470 0.9 12440
12480 0.6 12446
12490 0.7 12453
12500 1.9 12472
12510 0.6 12478
12520 0.9 12487
12530 1.1 12498
12540 1.4 12512
12550 1.5 12527
12560 1.1 12538
12570 0.8 12546
12580 0.6 12552
12590 0.6 12558
12600 1.3 12571
12610 0.9 12580
12620 1.3 12593
12630 0.9 12602
12640 1.2 12614
12650 1 12624
12660 1.3 12637
12670 0.9 12646
12680 0.6 12652
12690 0.8 12660
12700 0.9 12669
12710 1.6 12685
12720 1.1 12696
12730 0.8 12704
12740 1.4 12718
12750 1.2 12730
12760 0.9 12739
12770 0.7 12746
12780 1.3 12759
12790 0.5 12764
12800 1.1 12775
12810 0.9 12784
12820 0.5 12789
12830 1.7 12806
12840 1.1 12817
12850 1.8 12835
12860 1.2 12847
12870 1.2 12859
12880 0.8 12867
12890 1.4 12881
12900 0.7 12888
12910 0.4 12892
12920 1 12902
12930 0.9 12911
12940 0.6 12917
12950 0.9 12926
12960 0.6 12932
12970 1 12942
12980 0.8 12950
12990 1 12960
13000 1 12970
13010 1 12980
13020 1 12990
13030 1.3 13003
13040 1.1 13014
13050 1 13024
13060 1 13034
13070 0.7 13041
13080 0.7 13048
13090 1.1 13059
13100 1 13069
13110 0.6 13075
13120 0.5 13080
13130 1.2 13092
13140 0.6 13098
13150 0.8 13106
13160 1.1 13117
13170 0.8 13125
13180 1.7 13142
13190 1 13152
13200 0.6 13158
13210 0.7 13165
13220 1.3 13178
13230 1.1 13189
13240 0.8 13197
13250 1 13207
13260 1 13217
13270 1.3 13230
13280 1.1 13241
13290 1 13251
13300 1.5 13266
13310 1.3 13279
13320 0.7 13286
13330 0.9 13295
13340 1 13305
13350 1.3 13318
13360 0.8 13326
13370 1.4 13340
13380 1 13350
13390 0.6 13356
13400 1 13366
13410 1.5 13381
13420 1 13391
13430 0.8 13399
13440 2.2 13421
13450 1.4 13435
13460 1.2 13447
13470 0.8 13455
13480 1.3 13468
13490 1.3 13481
13500 1.1 13492
13510 1 13502
13520 0.8 13510
13530 1.3 13523
13540 1 13533
13550 1.6 13549
13560 1 13559
13570 1.4 13573
13580 0.9 13582
13590 0.9 13591
13600 0.7 13598
13610 1 13608
13620 0.9 13617
13630 0.6 13623
13640 1 13633
13650 0.9 13642
13660 1 13652
13670 0.2 13654
13680 1.1 13665
13690 1.5 13680
13700 0.9 13689
13710 1.2 13701
13720 1.3 13714
13730 1 13724
13740 0.7 13731
13750 1.2 13743
13760 0.8 13751
13770 1.6 13767
13780 1.2 13779
13790 1 13789
13800 1.1 13800
13810 0.6 13806
13820 0.5 13811
13830 1.2 13823
13840 0.8 13831
13850 0.9 13840
13860 0.8 13848
13870 1.5 13863
13880 0.9 13872
13890 1.2 13884
13900 0.9 13893
13910 1.1 13904
13920 1.3 13917
13930 0.9 13926
13940 0.9 13935
13950 0.6 13941
13960 1.4 13955
13970 1.1 13966
13980 1.1 13977
13990 1.4 13991
14000 1 14001
14010 1.1 14012
14020 0.6 14018
14030 1.5 14033
14040 0.4 14037
14050 0.5 14042
14060 0.9 14051
14070 1.2 14063
14080 0.7 14070
14090 0.9 14079
14100 0.9 14088
14110 1.6 14104
14120 0.7 14111
14130 1.2 14123
14140 0.8 14131
14150 1.3 14144
14160 0.8 14152
14170 1.3 14165
14180 0.9 14174
14190 0.6 14180
14200 1 14190
14210 1.3 14203
14220 1.1 14214
14230 0.7 14221
14240 0.6 14227
14250 0.9 14236
14260 0.8 14244
14270 1.5 14259
14280 1 14269
14290 1 14279
14300 1.1 14290
14310 1.2 14302
14320 1.2 14314
14330 0.7 14321
14340 0.6 14327
14350 1.3 14340
14360 0.6 14346
14370 1.4 14360
14380 0.9 14369
14390 0.6 14375
14400 1.1 14386
14410 1.2 14398
14420 1.3 14411
14430 0.7 14418
14440 1.7 14435
14450 0.7 14442
14460 0.9 14451
14470 0.8 14459
14480 0.9 14468
14490 0.9 14477
14500 0.8 14485
14510 0.6 14491
14520 1.1 14502
14530 0.6 14508
14540 1.5 14523
14550 1.4 14537
14560 0.8 14545
14570 1.5 14560
14580 1.7 14577
14590 0.4 14581
14600 0.7 14588
14610 0.9 14597
14620 0.7 14604
14630 1 14614
14640 1.4 14628
14650 0.7 14635
14660 0.7 14642
14670 1.1 14653
14680 1.4 14667
14690 0.6 14673
14700 0.9 14682
14710 1.3 14695
14720 0.7 14702
14730 0.8 14710
14740 1 14720
14750 0.7 14727
14760 1.1 14738
14770 1.2 14750
14780 0.3 14753
14790 0.8 14761
14800 0.4 14765
14810 0.6 14771
14820 1.1 14782
14830 0.9 14791
14840 1.2 14803
14850 0.8 14811
14860 1.4 14825
14870 1 14835
14880 1.7 14852
14890 1 14862
14900 1 14872
14910 1.1 14883
14920 1 14893
14930 1.7 14910
14940 1.4 14924
14950 1.2 14936
14960 1.1 14947
14970 1 14957
14980 1.3 14970
14990 1.2 14982
15000 0.9 14991
15010 1.1 15002
15020 1.2 15014
15030 0.4 15018
15040 0.8 15026
15050 1 15036
15060 1.3 15049
15070 1.2 15061
15080 0.8 15069
15090 1 15079
15100 1.3 15092
15110 0.9 15101
15120 0.9 15110
15130 1.1 15121
15140 1 15131
15150 1.5 15146
15160 1.3 15159
15170 0.6 15165
15180 1.1 15176
15190 1.4 15190
15200 0.4 15194
15210 1.4 15208
15220 0.8 15216
15230 1.2 15228
15240 0.6 15234
15250 0.8 15242
15260 0.8 15250
15270 1.2 15262
15280 0.5 15267
15290 0.9 15276
15300 1.4 15290
15310 1.2 15302
15320 1.5 15317
15330 1.3 15330
15340 0.9 15339
15350 1.1 15350
15360 0.7 15357
15370 0.5 15362
15380 0.5 15367
15390 0.6 15373
15400 0.9 15382
15410 1.2 15394
15420 1 15404
15430 0.4 15408
15440 1 15418
15450 0.8 15426
15460 0.6 15432
15470 0.7 15439
15480 1.5 15454
15490 0.7 15461
15500 1.4 15475
15510 0.6 15481
15520 0.7 15488
15530 0.8 15496
15540 0.8 15504
15550 0.7 15511
15560 0.8 15519
15570 1.4 15533
15580 1.5 15548
15590 0.6 15554
15600 1 15564
15610 0.9 15573
15620 0.7 15580
15630 0.8 15588
15640 1.2 15600
15650 0.8 15608
15660 0.8 15616
15670 0.8 15624
15680 1.3 15637
15690 0.7 15644
15700 1.1 15655
15710 0.8 15663
15720 1.2 15675
15730 0.6 15681
15740 1.4 15695
15750 1.5 15710
15760 1 15720
15770 1.2 15732
15780 1 15742
15790 0.7 15749
15800 0.9 15758
15810 0.8 15766
15820 1.2 15778
15830 0.8 15786
15840 1 15796
15850 0.9 15805
15860 1.1 15816
15870 1 15826
15880 1.1 15837
15890 1.4 15851
15900 0.9 15860
15910 0.8 15868
15920 0.8 15876
15930 1.4 15890
15940 1 15900
15950 0.5 15905
15960 0.2 15907
15970 1.3 15920
15980 0.7 15927
15990 1.1 15938
16000 1.2 15950
16010 0.3 15953
16020 1.1 15964
16030 0.6 15970
16040 0.9 15979
16050 0.9 15988
16060 0.9 15997
16070 0.5 16002
16080 0.8 16010
16090 1.5 16025
16100 1.1 16036
16110 0.9 16045
16120 0.7 16052
16130 0.9 16061
16140 1.1 16072
16150 1 16082
16160 0.3 16085
16170 1.1 16096
16180 0.7 16103
16190 0.6 16109
16200 0.5 16114
16210 1 16124
16220 1.5 16139
16230 0.9 16148
16240 1.1 16159
16250 1 16169
16260 1.3 16182
16270 1.1 16193
16280 1.1 16204
16290 1.1 16215
16300 1 16225
16310 0.9 16234
16320 1.2 16246
16330 0.7 16253
16340 1.2 16265
16350 0.8 16273
16360 0.7 16280
16370 1.5 16295
16380 1 16305
16390 1 16315
16400 1.1 16326
16410 0.9 16335
16420 1.2 16347
16430 0.6 16353
16440 0.7 16360
16450 0.9 16369
16460 1.5 16384
16470 1.6 16400
16480 1.2 16412
16490 1.3 16425
16500 0.9 16434
16510 1.6 16450
16520 1.1 16461
16530 0.4 16465
16540 1.1 16476
16550 1 16486
16560 0.8 16494
16570 0.8 16502
16580 1.7 16519
16590 1.1 16530
16600 1.8 16548
16610 1 16558
16620 1.1 16569
16630 0.4 16573
16640 1.1 16584
16650 0.8 16592
16660 0.7 16599
16670 0.6 16605
16680 1.4 16619
16690 0.7 16626
16700 1.1 16637
16710 0.9 16646
16720 1.2 16658
16730 1.3 16671
16740 0.9 16680
16750 0.9 16689
16760 1.3 16702
16770 0.8 16710
16780 1.3 16723
16790 1.1 16734
16800 0.8 16742
16810 1 16752
16820 0.9 16761
16830 1.2 16773
16840 0.8 16781
16850 1.1 16792
16860 1 16802
16870 0.6 16808
16880 1.3 16821
16890 0.6 16827
16900 0.8 16835
16910 1.5 16850
16920 1 16860
16930 1 16870
16940 1 16880
16950 0.8 16888
16960 1.2 16900
16970 0.8 16908
16980 1.2 16920
16990 1 16930
17000 0.9 16939
17010 0.8 16947
17020 1 16957
17030 1.1 16968
17040 1.1 16979
17050 0.7 16986
17060 0.7 16993
17070 0.8 17001
17080 1.4 17015
17090 1.1 17026
17100 1.1 17037
17110 1.1 17048
17120 0.7 17055
17130 0.8 17063
17140 0.7 17070
17150 0.7 17077
17160 0.7 17084
17170 0.1 17085
17180 0.8 17093
17190 0.3 17096
17200 1.6 17112
17210 1.3 17125
17220 0.8 17133
17230 1.1 17144
17240 0.8 17152
17250 0.8 17160
17260 1 17170
17270 0.8 17178
17280 0.8 17186
17290 0.6 17192
17300 1.2 17204
17310 0.4 17208
17320 1.2 17220
17330 2.1 17241
17340 1 17251
17350 0.7 17258
17360 1.5 17273
17370 0.7 17280
17380 1.4 17294
17390 1.7 17311
17400 1.4 17325
17410 0.9 17334
17420 0.6 17340
17430 1.1 17351
17440 1.3 17364
17450 1.2 17376
17460 0.7 17383
17470 0.8 17391
17480 0.4 17395
17490 0.9 17404
17500 0.4 17408
17510 1.4 17422
17520 1.3 17435
17530 1.4 17449
17540 0.7 17456
17550 1.7 17473
17560 0.9 17482
17570 0.7 17489
17580 1.1 17500
17590 0.7 17507
17600 0.8 17515
17610 0.8 17523
17620 1 17533
17630 0.8 17541
17640 1.4 17555
17650 0.6 17561
17660 1.6 17577
17670 0.9 17586
17680 1.4 17600
17690 1 17610
17700 0.7 17617
17710 0.7 17624
17720 1.4 17638
17730 2 17658
17740 1.2 17670
17750 1.1 17681
17760 1.3 17694
17770 0.9 17703
17780 1.1 17714
17790 1.3 17727
17800 1.9 17746
17810 0.8 17754
17820 1.1 17765
17830 0.6 17771
17840 0.9 17780
17850 1.2 17792
17860 0.5 17797
17870 0.8 17805
17880 0.9 17814
17890 0.7 17821
17900 0.9 17830
17910 1 17840
17920 1 17850
17930 0.9 17859
17940 1 17869
17950 1 17879
17960 0.9 17888
17970 1.2 17900
17980 0.8 17908
17990 0.8 17916
18000 0.9 17925
18010 1.1 17936
18020 1.9 17955
18030 1 17965
18040 1.1 17976
18050 1.1 17987
18060 0.8 17995
18070 1 18005
18080 1.4 18019
18090 0.5 18024
18100 0.8 18032
18110 0.9 18041
18120 1.1 18052
18130 1.3 18065
18140 1.3 18078
18150 0.3 18081
18160 0.9 18090
18170 1.1 18101
18180 0.8 18109
18190 1 18119
18200 1.7 18136
18210 0.9 18145
18220 1.1 18156
18230 1.4 18170
18240 1.2 18182
18250 0.8 18190
18260 0.6 18196
18270 1.2 18208
18280 1.1 18219
18290 1.3 18232
18300 1 18242
18310 1 18252
18320 1 18262
18330 1 18272
18340 1.2 18284
18350 1.1 18295
18360 1 18305
18370 1.3 18318
18380 1.3 18331
18390 1 18341
18400 0.5 18346
18410 1.3 18359
18420 1.1 18370
18430 0.8 18378
18440 1.2 18390
18450 0.9 18399
18460 1.1 18410
18470 0.6 18416
18480 1.2 18428
18490 1 18438
18500 1.3 18451
18510 1.2 18463
18520 1.1 18474
18530 1 18484
18540 1.3 18497
18550 0.8 18505
18560 0.9 18514
18570 1.6 18530
18580 1.1 18541
18590 1.4 18555
18600 1.3 18568
18610 1.4 18582
18620 1 18592
18630 0.9 18601
18640 1 18611
18650 1.4 18625
18660 1.1 18636
18670 0.6 18642
18680 0.9 18651
18690 1 18661
18700 0.9 18670
18710 1.1 18681
18720 0.6 18687
18730 0.6 18693
18740 0.6 18699
18750 0.9 18708
18760 2.1 18729
18770 0.6 18735
18780 1 18745
18790 1.7 18762
18800 0.7 18769
18810 1.1 18780
18820 0.8 18788
18830 1 18798
18840 0.9 18807
18850 1.1 18818
18860 0.9 18827
18870 1.3 18840
18880 1.6 18856
18890 1.5 18871
18900 0.5 18876
18910 1.2 18888
18920 1 18898
18930 1 18908
18940 1.3 18921
18950 1 18931
18960 0.8 18939
18970 1 18949
18980 1.1 18960
18990 1 18970
19000 1.1 18981
19010 1 18991
19020 0.7 18998
19030 0.7 19005
19040 1.3 19018
19050 1.1 19029
19060 1.1 19040
19070 0.9 19049
19080 1.1 19060
19090 0.8 19068
19100 1.3 19081
19110 0.3 19084
19120 0.5 19089
19130 0.8 19097
19140 1.3 19110
19150 1 19120
19160 0.9 19129
19170 1 19139
19180 1.6 19155
19190 0.8 19163
19200 0.7 19170
19210 0.5 19175
19220 1 19185
19230 1.4 19199
19240 0.8 19207
19250 1 19217
19260 0.7 19224
19270 1.2 19236
19280 1 19246
19290 0.8 19254
19300 0.8 19262
19310 1.4 19276
19320 1.3 19289
19330 0.7 19296
19340 1.4 19310
19350 1.2 19322
19360 1.8 19340
19370 0.9 19349
19380 1.6 19365
19390 0.8 19373
19400 0.8 19381
19410 0.6 19387
19420 0.8 19395
19430 0.9 19404
19440 0.9 19413
19450 1.3 19426
19460 1.1 19437
19470 1.5 19452
19480 1.1 19463
19490 0.9 19472
19500 1 19482
19510 0.5 19487
19520 1 19497
19530 0.7 19504
19540 0.8 19512
19550 1 19522
19560 0.9 19531
19570 0.3 19534
19580 1.3 19547
19590 1 19557
19600 0.8 19565
19610 1.3 19578
19620 0.9 19587
19630 1 19597
19640 1.1 19608
19650 0.6 19614
19660 1.2 19626
19670 1.2 19638
19680 0.9 19647
19690 1.2 19659
19700 1.5 19674
19710 1.2 19686
19720 1 19696
19730 0.5 19701
19740 0.9 19710
19750 0.9 19719
19760 0.9 19728
19770 0.6 19734
19780 1.5 19749
19790 1 19759
19800 1 19769
19810 0.4 19773
19820 1.1 19784
19830 1 19794
19840 0.4 19798
19850 0.8 19806
19860 1 19816
19870 0.5 19821
19880 0.8 19829
19890 1 19839
19900 0.6 19845
19910 0.8 19853
19920 0.8 19861
19930 0.7 19868
19940 0.3 19871
19950 1 19881
19960 1.3 19894
19970 1.6 19910
19980 0.9 19919
19990 0.6 19925
20000 0.3 19928
20010 0.9 19937
20020 0.6 19943
20030 0.6 19949
20040 1 19959
20050 0.5 19964
20060 1 19974
20070 1 19984
20080 1 19994
20090 1.4 20008
20100 0.5 20013
20110 1.1 20024
20120 0.7 20031
20130 1.6 20047
20140 0.7 20054
20150 1 20064
20160 1.4 20078
20170 1.2 20090
20180 0.6 20096
20190 1.4 20110
20200 1.4 20124
20210 0.8 20132
20220 1 20142
20230 0.5 20147
20240 1 20157
20250 1.5 20172
20260 0.4 20176
20270 1 20186
20280 1.5 20201
20290 0.9 20210
20300 0.4 20214
20310 1 20224
20320 0.7 20231
20330 1.1 20242
20340 1.5 20257
20350 0.5 20262
20360 1.2 20274
20370 1.1 20285
20380 0.7 20292
20390 0.9 20301
20400 1 20311
20410 0.4 20315
20420 1.2 20327
20430 1.8 20345
20440 0.6 20351
20450 1.6 20367
20460 1.2 20379
20470 0.6 20385
20480 1.2 20397
20490 0.7 20404
20500 1.2 20416
20510 1.5 20431
20520 1 20441
20530 1 20451
20540 0.7 20458
20550 1.1 20469
20560 0.4 20473
20570 1.3 20486
20580 0.7 20493
20590 1.5 20508
20600 0.8 20516
20610 0.8 20524
20620 1.2 20536
20630 0.9 20545
20640 0.8 20553
20650 1.1 20564
20660 1.5 20579
20670 0.8 20587
20680 0.9 20596
20690 1 20606
20700 1.4 20620
20710 0.7 20627
20720 0.6 20633
20730 0.9 20642
20740 0.6 20648
20750 1.1 20659
20760 0.7 20666
20770 0.8 20674
20780 1.2 20686
20790 1 20696
20800 0.9 20705
20810 1.1 20716
20820 1.3 20729
20830 0.7 20736
20840 0.9 20745
20850 1 20755
20860 0.7 20762
20870 1.3 20775
20880 1.2 20787
20890 0.8 20795
20900 0.1 20796
20910 1.5 20811
20920 1.3 20824
20930 1.2 20836
20940 0.8 20844
20950 0.8 20852
20960 1.3 20865
20970 1.1 20876
20980 1.4 20890
20990 1 20900
21000 1.4 20914
21010 0.7 20921
21020 1.3 20934
21030 1.3 20947
21040 1.2 20959
21050 1 20969
21060 1.2 20981
21070 1.4 20995
21080 0.8 21003
21090 1.4 21017
21100 0.6 21023
21110 1.2 21035
21120 0.5 21040
21130 1 21050
21140 0.9 21059
21150 1 21069
21160 1.1 21080
21170 1 21090
21180 1.9 21109
21190 0.8 21117
21200 1.1 21128
21210 0.8 21136
21220 0.8 21144
21230 0.8 21152
21240 0.9 21161
21250 1.6 21177
21260 0.7 21184
21270 0.7 21191
21280 1.3 21204
21290 0.9 21213
21300 1.2 21225
21310 0.4 21229
21320 0.9 21238
21330 0.7 21245
21340 0.9 21254
21350 0.5 21259
21360 0.7 21266
21370 1.1 21277
21380 1.4 21291
21390 0.6 21297
21400 0.8 21305
21410 1.1 21316
21420 1.2 21328
21430 1.5 21343
21440 1.5 21358
21450 0.5 21363
21460 0.7 21370
21470 0.8 21378
21480 1.1 21389
21490 1.2 21401
21500 0.7 21408
21510 1 21418
21520 0.8 21426
21530 0.9 21435
21540 0.8 21443
21550 1.2 21455
21560 1 21465
21570 1.3 21478
21580 0.8 21486
21590 0.5 21491
21600 1.3 21504
21610 1.2 21516
21620 1.2 21528
21630 0.9 21537
21640 1 21547
21650 1.1 21558
21660 1.6 21574
21670 0.7 21581
21680 1.6 21597
21690 0.9 21606
21700 1.2 21618
21710 1.2 21630
21720 1.6 21646
21730 0.8 21654
21740 0.8 21662
21750 1.1 21673
21760 1.3 21686
21770 0.8 21694
21780 1.1 21705
21790 1.3 21718
21800 1.3 21731
21810 1 21741
21820 1.3 21754
21830 0.9 21763
21840 0.8 21771
21850 0.8 21779
21860 0.7 21786
21870 0.7 21793
21880 0.5 21798
21890 1.4 21812
21900 1 21822
21910 1 21832
21920 0.7 21839
21930 1.1 21850
21940 1.2 21862
21950 1 21872
21960 0.7 21879
21970 1.2 21891
21980 0.9 21900
21990 1.2 21912
22000 0.8 21920
22010 0.9 21929
22020 0.8 21937
22030 0.6 21943
22040 1.6 21959
22050 0.6 21965
22060 2.1 21986
22070 0.9 21995
22080 0.8 22003
22090 0.5 22008
22100 0.8 22016
22110 0.8 22024
22120 0.7 22031
22130 1.2 22043
22140 0.7 22050
22150 0.7 22057
22160 1.4 22071
22170 1.1 22082
22180 1.6 22098
22190 0.8 22106
22200 0.4 22110
22210 1.4 22124
22220 0.8 22132
22230 1 22142
22240 0.7 22149
22250 1.5 22164
22260 0.6 22170
22270 0.8 22178
22280 1.1 22189
22290 1.8 22207
22300 1.1 22218
22310 1.8 22236
22320 1.2 22248
22330 1 22258
22340 0.6 22264
22350 0.7 22271
22360 1 22281
22370 1 22291
22380 1.3 22304
22390 1.4 22318
22400 1.2 22330
22410 1.2 22342
22420 1 22352
22430 0.6 22358
22440 1 22368
22450 1.2 22380
22460 1.2 22392
22470 1 22402
22480 1.4 22416
22490 2 22436
22500 0.6 22442
22510 0.9 22451
22520 0.4 22455
22530 0.5 22460
22540 1.4 22474
22550 1.2 22486
22560 1 22496
22570 0.4 22500
22580 0.6 22506
22590 0.6 22512
22600 1.3 22525
22610 1.1 22536
22620 1.4 22550
22630 1 22560
22640 0.8 22568
22650 0.7 22575
22660 1 22585
22670 0.9 22594
22680 0.7 22601
22690 0.9 22610
22700 0.8 22618
22710 1.4 22632
22720 0.9 22641
22730 1 22651
22740 0.7 22658
22750 1 22668
22760 0.9 22677
22770 1.3 22690
22780 0.7 22697
22790 0.7 22704
22800 0.8 22712
22810 0.6 22718
22820 0.6 22724
22830 1.1 22735
22840 0.8 22743
22850 0.8 22751
22860 1.5 22766
22870 0.8 22774
22880 1.4 22788
22890 0.5 22793
22900 0.7 22800
22910 1.6 22816
22920 0.4 22820
22930 1.2 22832
22940 1.1 22843
22950 1.2 22855
22960 0.9 22864
22970 1.3 22877
22980 0.7 22884
22990 0.8 22892
23000 1 22902
23010 1.1 22913
23020 0.9 22922
23030 0.7 22929
23040 0.8 22937
23050 1.1 22948
23060 0.7 22955
23070 0.8 22963
23080 1 22973
23090 1.3 22986
23100 0.9 22995
23110 0.5 23000
23120 1.1 23011
23130 0.8 23019
23140 0.9 23028
23150 0.7 23035
23160 0.9 23044
23170 1.6 23060
23180 1 23070
23190 0.7 23077
23200 1 23087
23210 1.3 23100
23220 0.9 23109
23230 1.4 23123
23240 0.5 23128
23250 1.1 23139
23260 1 23149
23270 1.3 23162
23280 1.4 23176
23290 1.3 23189
23300 0.5 23194
23310 0.7 23201
23320 1.2 23213
23330 1.1 23224
23340 0.7 23231
23350 0.9 23240
23360 1.1 23251
23370 1.4 23265
23380 0.6 23271
23390 1 23281
23400 0.9 23290
23410 0.6 23296
23420 1 23306
23430 0.9 23315
23440 0.8 23323
23450 0.5 23328
23460 0.8 23336
23470 1.1 23347
23480 1.1 23358
23490 0.7 23365
23500 0.8 23373
23510 1 23383
23520 0.8 23391
23530 1.1 23402
23540 0.7 23409
23550 1.4 23423
23560 0.5 23428
23570 1.4 23442
23580 0.7 23449
23590 0.8 23457
23600 1.5 23472
23610 1.1 23483
23620 0.9 23492
23630 0.9 23501
23640 1.5 23516
23650 0.8 23524
23660 0.8 23532
23670 0.9 23541
23680 0.5 23546
23690 1.1 23557
23700 0.8 23565
23710 1.1 23576
23720 1.2 23588
23730 0.5 23593
23740 1.1 23604
23750 1.2 23616
23760 0.9 23625
23770 1.1 23636
23780 0.8 23644
23790 1.1 23655
23800 1.4 23669
23810 0.7 23676
23820 1.3 23689
23830 1.3 23702
23840 1.5 23717
23850 0.8 23725
23860 1.8 23743
23870 0.5 23748
23880 1 23758
23890 0.4 23762
23900 0.8 23770
23910 0.9 23779
23920 0.7 23786
23930 0.7 23793
23940 1.3 23806
23950 0.8 23814
23960 0.6 23820
23970 0.6 23826
23980 0.7 23833
23990 0.4 23837
24000 0.5 23842
24010 0.8 23850
24020 0.6 23856
24030 1.3 23869
24040 1.6 23885
24050 1.7 23902
24060 1.2 23914
24070 0.6 23920
24080 0.8 23928
24090 1.4 23942
24100 0.8 23950
24110 1.4 23964
24120 1.3 23977
24130 1.2 23989
24140 1.6 24005
24150 0.6 24011
24160 0.9 24020
24170 0.7 24027
24180 1.2 24039
24190 0.6 24045
24200 1 24055
24210 1.3 24068
24220 1.1 24079
24230 1 24089
24240 1 24099
24250 1 24109
24260 1.4 24123
24270 0.8 24131
24280 1.4 24145
24290 1.4 24159
24300 1 24169
24310 0.8 24177
24320 1 24187
24330 1 24197
24340 1 24207
24350 0.8 24215
24360 0.8 24223
24370 0.7 24230
24380 1.4 24244
24390 1 24254
24400 0.7 24261
24410 1.3 24274
24420 0.6 24280
24430 1.2 24292
24440 0.9 24301
24450 0.8 24309
24460 0.7 24316
24470 1.2 24328
24480 1.3 24341
24490 1.8 24359
24500 0.5 24364
24510 0.9 24373
24520 0.8 24381
24530 1.3 24394
24540 1.2 24406
24550 1 24416
24560 0.9 24425
24570 1.1 24436
24580 1.3 24449
24590 1.2 24461
24600 1.2 24473
24610 1.6 24489
24620 1.2 24501
24630 1.6 24517
24640 1.4 24531
24650 0.6 24537
24660 0.7 24544
24670 0.7 24551
24680 1.5 24566
24690 0.8 24574
24700 0.7 24581
24710 0.5 24586
24720 0.9 24595
24730 1.2 24607
24740 1 24617
24750 1.4 24631
24760 0.4 24635
24770 1.1 24646
24780 1.1 24657
24790 0.7 24664
24800 0.8 24672
24810 1 24682
24820 1.4 24696
24830 0.7 24703
24840 0.4 24707
24850 1.2 24719
24860 0.7 24726
24870 1 24736
24880 1.3 24749
24890 1.2 24761
24900 0.4 24765
24910 1.5 24780
24920 0.9 24789
24930 0.9 24798
24940 1.3 24811
24950 1 24821
24960 1.3 24834
24970 1.3 24847
24980 1.2 24859
24990 0.6 24865
25000 0.8 24873
25010 1 24883
25020 0.8 24891
25030 1 24901
25040 1.2 24913
25050 1.6 24929
25060 1.3 24942
25070 0.7 24949
25080 0.5 24954
25090 0.7 24961
25100 1.4 24975
25110 1.6 24991
25120 1.1 25002
25130 0.8 25010
25140 1.3 25023
25150 0.9 25032
25160 1.5 25047
25170 1 25057
25180 1 25067
25190 0.9 25076
25200 1.1 25087
25210 1.1 25098
25220 0.6 25104
25230 1.2 25116
25240 1.3 25129
25250 1.5 25144
25260 1.7 25161
25270 1.1 25172
25280 0.6 25178
25290 0.5 25183
25300 0.5 25188
25310 1.3 25201
25320 1.1 25212
25330 0.9 25221
25340 0.7 25228
25350 0.5 25233
25360 1.1 25244
25370 0.5 25249
25380 0.9 25258
25390 0.9 25267
25400 0.5 25272
25410 1.1 25283
25420 1 25293
25430 1 25303
25440 1.2 25315
25450 1.2 25327
25460 1.1 25338
25470 1.3 25351
25480 1.5 25366
25490 1.1 25377
25500 1.4 25391
25510 0.9 25400
25520 0.9 25409
25530 1 25419
25540 1.6 25435
25550 0.9 25444
25560 1.3 25457
25570 1 25467
25580 1.3 25480
25590 1.4 25494
25600 0.9 25503
25610 1.1 25514
25620 0.7 25521
25630 0.9 25530
25640 1 25540
25650 1 25550
25660 1.9 25569
25670 0.6 25575
25680 1.1 25586
25690 1.7 25603
25700 0.5 25608
25710 0.7 25615
25720 0.6 25621
25730 1 25631
25740 1.2 25643
25750 0.7 25650
25760 1.1 25661
25770 1.1 25672
25780 1.5 25687
25790 0.8 25695
25800 1 25705
25810 0.8 25713
25820 0.8 25721
25830 1 25731
25840 0.9 25740
25850 1 25750
25860 1 25760
25870 0.8 25768
25880 0.7 25775
25890 1.1 25786
25900 1.3 25799
25910 0.8 25807
25920 0.8 25815
25930 0.9 25824
25940 0.9 25833
25950 0.6 25839
25960 1.3 25852
25970 0.7 25859
25980 1.1 25870
25990 1.5 25885
26000 1.9 25904
26010 1.3 25917
26020 0.7 25924
26030 1 25934
26040 1.2 25946
26050 1.4 25960
26060 0.6 25966
26070 1.4 25980
26080 1 25990
26090 1.4 26004
26100 0.5 26009
26110 1.4 26023
26120 0.5 26028
26130 0.8 26036
26140 0.5 26041
26150 1.2 26053
26160 1.3 26066
26170 1.3 26079
26180 0.8 26087
26190 1 26097
26200 1.1 26108
26210 1.1 26119
26220 0.9 26128
26230 1.2 26140
26240 1.4 26154
26250 0.6 26160
26260 0.7 26167
26270 1.6 26183
26280 1.3 26196
26290 0.9 26205
26300 0.9 26214
26310 0.9 26223
26320 1.2 26235
26330 2.2 26257
26340 1.1 26268
26350 1.2 26280
26360 1.3 26293
26370 0.8 26301
26380 0.9 26310
26390 1.1 26321
26400 0.9 26330
26410 0.9 26339
26420 1.1 26350
26430 1.3 26363
26440 1 26373
26450 0.9 26382
26460 1.7 26399
26470 0.8 26407
26480 0.7 26414
26490 1.3 26427
26500 0.7 26434
26510 0.6 26440
26520 0.9 26449
26530 1.1 26460
26540 0.9 26469
26550 1.3 26482
26560 1.3 26495
26570 1 26505
26580 1.4 26519
26590 1 26529
26600 1.5 26544
26610 1.2 26556
26620 1.2 26568
26630 0.5 26573
26640 0.4 26577
26650 0.8 26585
26660 1 26595
26670 1.5 26610
26680 0.7 26617
26690 0.5 26622
26700 0.5 26627
26710 0.5 26632
26720 0.8 26640
26730 1.1 26651
26740 1.4 26665
26750 0.9 26674
26760 0.7 26681
26770 0.5 26686
26780 1.4 26700
26790 1.1 26711
26800 0.7 26718
26810 1.2 26730
26820 1.1 26741
26830 0.7 26748
26840 1.5 26763
26850 1.4 26777
26860 0.6 26783
26870 1.1 26794
26880 1.1 26805
26890 0.6 26811
26900 0.9 26820
26910 1.2 26832
26920 0.9 26841
26930 0.4 26845
26940 1 26855
26950 0.5 26860
26960 0.9 26869
26970 1 26879
26980 1.1 26890
26990 0.9 26899
27000 1.3 26912
27010 1 26922
27020 0.6 26928
27030 0.9 26937
27040 0.9 26946
27050 1.1 26957
27060 1.2 26969
27070 1.2 26981
27080 0.7 26988
27090 1.9 27007
27100 1.6 27023
27110 1 27033
27120 1.2 27045
27130 1 27055
27140 0.6 27061
27150 1 27071
27160 1.1 27082
27170 0.8 27090
27180 1.1 27101
27190 0.6 27107
27200 1.2 27119
27210 1.2 27131
27220 1.6 27147
27230 1.4 27161
27240 1.3 27174
27250 0.9 27183
27260 0.7 27190
27270 1.7 27207
27280 1.7 27224
27290 1.5 27239
27300 1 27249
27310 1 27259
27320 0.5 27264
27330 0.8 27272
27340 1.2 27284
27350 1.2 27296
27360 1.2 27308
27370 1.4 27322
27380 0.8 27330
27390 1.5 27345
27400 0.8 27353
27410 1.8 27371
27420 0.8 27379
27430 0.9 27388
27440 1 27398
27450 0.9 27407
27460 1.7 27424
27470 1.4 27438
27480 0.8 27446
27490 1.5 27461
27500 0.7 27468
27510 1.1 27479
27520 1.3 27492
27530 0.4 27496
27540 1.1 27507
27550 1.1 27518
27560 0.8 27526
27570 0.8 27534
27580 1 27544
27590 1.7 27561
27600 0.7 27568
27610 1.1 27579
27620 1.3 27592
27630 0.9 27601
27640 1.1 27612
27650 1.2 27624
27660 0.8 27632
27670 1.3 27645
27680 0.7 27652
27690 1.2 27664
27700 1.3 27677
27710 0.8 27685
27720 0.7 27692
27730 0.7 27699
27740 0.9 27708
27750 0.8 27716
27760 0.9 27725
27770 1 27735
27780 1.3 27748
27790 1.1 27759
27800 1.1 27770
27810 0.8 27778
27820 0.7 27785
27830 1.6 27801
27840 0.4 27805
27850 0.6 27811
27860 1.4 27825
27870 1.4 27839
27880 1 27849
27890 1.5 27864
27900 1 27874
27910 1.3 27887
27920 0.8 27895
27930 1.1 27906
27940 0.9 27915
27950 0.6 27921
27960 0.5 27926
27970 1.4 27940
27980 0.7 27947
27990 1.1 27958
28000 0.7 27965
28010 1.8 27983
28020 1.3 27996
28030 2.1 28017
28040 1.3 28030
28050 1.2 28042
28060 1 28052
28070 0.9 28061
28080 1.2 28073
28090 0.7 28080
28100 1.2 28092
28110 0.5 28097
28120 1.5 28112
28130 0.9 28121
28140 0.7 28128
28150 0.8 28136
28160 0.3 28139
28170 0.9 28148
28180 1.1 28159
28190 1.8 28177
28200 1.3 28190
28210 1.2 28202
28220 1.2 28214
28230 0.9 28223
28240 0.8 28231
28250 0.6 28237
28260 0.9 28246
28270 1 28256
28280 0.9 28265
28290 0.9 28274
28300 0.6 28280
28310 0.8 28288
28320 1.3 28301
28330 0.9 28310
28340 0.9 28319
28350 0.9 28328
28360 1.3 28341
28370 1.2 28353
28380 1.5 28368
28390 0.5 28373
28400 0.8 28381
28410 1.4 28395
28420 1.4 28409
28430 0.6 28415
28440 0.8 28423
28450 0.5 28428
28460 0.7 28435
28470 0.7 28442
28480 0.9 28451
28490 1 28461
28500 1 28471
28510 0.7 28478
28520 1 28488
28530 1.2 28500
28540 0.6 28506
28550 1 28516
28560 1.1 28527
28570 0.5 28532
28580 1 28542
28590 1.1 28553
28600 0.5 28558
28610 0.9 28567
28620 0.9 28576
28630 0.9 28585
28640 1 28595
28650 1 28605
28660 1 28615
28670 1.1 28626
28680 1.2 28638
28690 1.3 28651
28700 1.1 28662
28710 0.9 28671
28720 1.7 28688
28730 1.2 28700
28740 0.5 28705
28750 0.7 28712
28760 1 28722
28770 1.3 28735
28780 1.6 28751
28790 1 28761
28800 1.1 28772
28810 1.1 28783
28820 0.9 28792
28830 0.9 28801
28840 1.5 28816
28850 0.3 28819
28860 0.6 28825
28870 0.5 28830
28880 1.2 28842
28890 0.7 28849
28900 0.9 28858
28910 1.1 28869
28920 0.8 28877
28930 0.6 28883
28940 0.7 28890
28950 1 28900
28960 1.3 28913
28970 1.1 28924
28980 1.4 28938
28990 0.7 28945
29000 0.9 28954
29010 1 28964
29020 1.2 28976
29030 1 28986
29040 1.7 29003
29050 1.1 29014
29060 0.7 29021
29070 0.7 29028
29080 1.6 29044
29090 1.1 29055
29100 1.4 29069
29110 0.8 29077
29120 0.8 29085
29130 1.3 29098
29140 0.8 29106
29150 0.5 29111
29160 0.8 29119
29170 0.6 29125
29180 1.2 29137
29190 0.9 29146
29200 0.9 29155
29210 1.1 29166
29220 0.9 29175
29230 1.4 29189
29240 1.8 29207
29250 1.1 29218
29260 1.6 29234
29270 1.3 29247
29280 1.1 29258
29290 0.8 29266
29300 0.8 29274
29310 0.7 29281
29320 0.7 29288
29330 1 29298
29340 1.5 29313
29350 1.3 29326
29360 0.7 29333
29370 1.1 29344
29380 0.7 29351
29390 1.2 29363
29400 1.3 29376
29410 1.2 29388
29420 1.5 29403
29430 1.1 29414
29440 1.2 29426
29450 0.8 29434
29460 1.2 29446
29470 1.5 29461
29480 0.9 29470
29490 1.6 29486
29500 1 29496
29510 0.6 29502
29520 1.2 29514
29530 1 29524
29540 0.9 29533
29550 0.8 29541
29560 1.2 29553
29570 1.2 29565
29580 1 29575
29590 1.3 29588
29600 0.7 29595
29610 1 29605
29620 0.9 29614
29630 0.6 29620
29640 0.9 29629
29650 0.4 29633
29660 1.2 29645
29670 0.6 29651
29680 0.8 29659
29690 1 29669
29700 0.8 29677
29710 1.1 29688
29720 1 29698
29730 1.2 29710
29740 0.2 29712
29750 0.7 29719
29760 1 29729
29770 0.7 29736
29780 0.4 29740
29790 1 29750
29800 0.8 29758
29810 1.1 29769
29820 0.7 29776
29830 1.6 29792
29840 1 29802
29850 1.7 29819
29860 1.5 29834
29870 1.3 29847
29880 0.7 29854
29890 1 29864
29900 1.2 29876
29910 1.6 29892
29920 1 29902
29930 1 29912
29940 1.3 29925
29950 1 29935
29960 1 29945
29970 1.3 29958
29980 1.5 29973
29990 1.2 29985
30000 1.8 30003
30010 1.1 30014
30020 0.9 30023
30030 0.8 30031
30040 0.9 30040
30050 0.7 30047
30060 0.9 30056
30070 1.2 30068
30080 1.4 30082
30090 1.3 30095
30100 1 30105
30110 0.5 30110
30120 1.4 30124
30130 0.6 30130
30140 1.5 30145
30150 0.9 30154
30160 0.7 30161
30170 0.8 30169
30180 0.8 30177
30190 1.8 30195
30200 1 30205
30210 0.5 30210
30220 1.1 30221
30230 0.9 30230
30240 1.4 30244
30250 0.5 30249
30260 0.8 30257
30270 0.8 30265
30280 1.1 30276
30290 1 30286
30300 1.3 30299
30310 0.6 30305
30320 1.2 30317
30330 1.2 30329
30340 1.1 30340
30350 1.3 30353
30360 0.9 30362
30370 0.8 30370
30380 1.1 30381
30390 0.8 30389
30400 0.7 30396
30410 0.3 30399
30420 0.7 30406
30430 1.2 30418
30440 0.3 30421
30450 0.5 30426
30460 0.6 30432
30470 0.8 30440
30480 1.5 30455
30490 1.2 30467
30500 1 30477
30510 1.3 30490
30520 1 30500
30530 1.1 30511
30540 0.8 30519
30550 0.8 30527
30560 1.1 30538
30570 1 30548
30580 1.3 30561
30590 0.8 30569
30600 1.1 30580
30610 1.3 30593
30620 0.9 30602
30630 0.9 30611
30640 2.1 30632
30650 1.2 30644
30660 1.3 30657
30670 0.7 30664
30680 0.6 30670
30690 0.7 30677
30700 0.8 30685
30710 0.5 30690
30720 1 30700
30730 1.5 30715
30740 0.4 30719
30750 0.7 30726
30760 0.6 30732
30770 0.8 30740
30780 1.1 30751
30790 0.8 30759
30800 1 30769
30810 0.8 30777
30820 1.3 30790
30830 1 30800
30840 0.7 30807
30850 0.8 30815
30860 0.6 30821
30870 1.1 30832
30880 0.8 30840
30890 0.9 30849
30900 1.2 30861
30910 1.3 30874
30920 1 30884
30930 1.1 30895
30940 1.1 30906
30950 1 30916
30960 1 30926
30970 1.2 30938
30980 1.1 30949
30990 1.4 30963
31000 1.6 30979
31010 1.3 30992
31020 1.3 31005
31030 0.9 31014
31040 1 31024
31050 1.2 31036
31060 0.8 31044
31070 1 31054
31080 1.7 31071
31090 1 31081
31100 1.2 31093
31110 0.8 31101
31120 0.7 31108
31130 0.8 31116
31140 1.4 31130
31150 1.2 31142
31160 0.7 31149
31170 1.5 31164
31180 1 31174
31190 1.5 31189
31200 1.8 31207
31210 0.6 31213
31220 1.2 31225
31230 0.8 31233
31240 0.6 31239
31250 0.7 31246
31260 0.8 31254
31270 1.1 31265
31280 0.3 31268
31290 1.5 31283
31300 1 31293
31310 1.6 31309
31320 0.8 31317
31330 0.4 31321
31340 0.8 31329
31350 1 31339
31360 0.8 31347
31370 1.1 31358
31380 0.9 31367
31390 0.9 31376
31400 1.5 31391
31410 0.7 31398
31420 1.5 31413
31430 0.9 31422
31440 1 31432
31450 0.8 31440
31460 0.8 31448
31470 1.5 31463
31480 0.8 31471
31490 1.8 31489
31500 1.2 31501
31510 0.8 31509
31520 1.2 31521
31530 1.1 31532
31540 1 31542
31550 1.1 31553
31560 1.4 31567
31570 1 31577
31580 0.7 31584
31590 1.4 31598
31600 0.3 31601
31610 1.1 31612
31620 1.7 31629
31630 1 31639
31640 1.9 31658
31650 1 31668
31660 0.8 31676
31670 0.9 31685
31680 0.8 31693
31690 1.1 31704
31700 0.9 31713
31710 0.5 31718
31720 1 31728
31730 1 31738
31740 0.8 31746
31750 0.9 31755
31760 1.8 31773
31770 0.9 31782
31780 1.1 31793
31790 0.8 31801
31800 0.7 31808
31810 0.7 31815
31820 1.3 31828
31830 0.8 31836
31840 1.3 31849
31850 0.8 31857
31860 1.4 31871
31870 0.7 31878
31880 0.8 31886
31890 0.7 31893
31900 0.8 31901
31910 1.6 31917
31920 1.5 31932
31930 1.2 31944
31940 0.9 31953
31950 1.3 31966
31960 0.7 31973
31970 1.5 31988
31980 1.6 32004
31990 1.1 32015
32000 0.8 32023
32010 0.9 32032
32020 0.7 32039
32030 1.3 32052
32040 0.9 32061
32050 1 32071
32060 1.5 32086
32070 1.3 32099
32080 1.4 32113
32090 2 32133
32100 1.4 32147
32110 1.1 32158
32120 1.1 32169
32130 0.8 32177
32140 1.3 32190
32150 0.6 32196
32160 0.9 32205
32170 1 32215
32180 1.2 32227
32190 0.7 32234
32200 1.3 32247
32210 1.2 32259
32220 1.1 32270
32230 0.7 32277
32240 0.8 32285
32250 1.3 32298
32260 0.6 32304
32270 1 32314
32280 1.2 32326
32290 0.9 32335
32300 1.5 32350
32310 1.2 32362
32320 1.3 32375
32330 1 32385
32340 1.5 32400
32350 0.9 32409
32360 0.8 32417
32370 0.5 32422
32380 2 32442
32390 1 32452
32400 0.9 32461
32410 0.8 32469
32420 1.6 32485
32430 0.8 32493
32440 0.7 32500
32450 1.4 32514
32460 1 32524
32470 1.2 32536
32480 1 32546
32490 1.1 32557
32500 0.8 32565
32510 1 32575
32520 0.8 32583
32530 1.1 32594
32540 1 32604
32550 1.2 32616
32560 0.8 32624
32570 1.2 32636
32580 1.5 32651
32590 0.8 32659
32600 1 32669
32610 1.7 32686
32620 0.4 32690
32630 0.4 32694
32640 1 32704
32650 0.7 32711
32660 1.5 32726
32670 0.9 32735
32680 0.7 32742
32690 1.5 32757
32700 0.8 32765
32710 1.3 32778
32720 1.2 32790
32730 1 32800
32740 0.6 32806
32750 0.9 32815
32760 0.6 32821
32770 1.5 32836
32780 0.9 32845
32790 0.7 32852
32800 0.7 32859
32810 1.6 32875
32820 1.3 32888
32830 0.4 32892
32840 1 32902
32850 1.6 32918
32860 0.9 32927
32870 1 32937
32880 1 32947
32890 1 32957
32900 1 32967
32910 0.7 32974
32920 1 32984
32930 1.4 32998
32940 0.9 33007
32950 0.7 33014
32960 1.6 33030
32970 1.3 33043
32980 0.4 33047
32990 1 33057
33000 1.5 33072
33010 0.7 33079
33020 1.1 33090
33030 1 33100
33040 0.7 33107
33050 1.3 33120
33060 0.6 33126
33070 1.4 33140
33080 1.4 33154
33090 1.1 33165
33100 0.5 33170
33110 1 33180
33120 1.4 33194
33130 1.1 33205
33140 1.1 33216
33150 1 33226
33160 0.4 33230
33170 1.4 33244
33180 0.6 33250
33190 0.9 33259
33200 0.9 33268
33210 1.1 33279
33220 1.5 33294
33230 1.1 33305
33240 0.7 33312
33250 1.6 33328
33260 1.2 33340
33270 0.5 33345
33280 0.7 33352
33290 1.3 33365
33300 0.6 33371
33310 1.2 33383
33320 1 33393
33330 0.9 33402
33340 0.8 33410
33350 0.7 33417
33360 0.9 33426
33370 0.3 33429
33380 0.6 33435
33390 0.9 33444
33400 0.9 33453
33410 0.6 33459
33420 0.9 33468
33430 0.9 33477
33440 0.7 33484
33450 0.7 33491
33460 0.9 33500
33470 1.2 33512
33480 0.5 33517
33490 1.4 33531
33500 0.8 33539
33510 0.7 33546
33520 1.2 33558
33530 0.7 33565
33540 0.8 33573
33550 0.7 33580
33560 0.8 33588
33570 1.1 33599
33580 1.3 33612
33590 0.9 33621
33600 0.6 33627
33610 1.1 33638
33620 1.2 33650
33630 0.7 33657
33640 0.7 33664
33650 1 33674
33660 0.8 33682
33670 0.6 33688
33680 1.4 33702
33690 1.4 33716
33700 1.2 33728
33710 1.4 33742
33720 1.7 33759
33730 0.8 33767
33740 1 33777
33750 1.1 33788
33760 0.7 33795
33770 0.8 33803
33780 0.9 33812
33790 1 33822
33800 0.4 33826
33810 1.1 33837
33820 1.1 33848
33830 0.9 33857
33840 0.9 33866
33850 0.7 33873
33860 1.6 33889
33870 1.2 33901
33880 0.7 33908
33890 1.2 33920
33900 1.1 33931
33910 0.8 33939
33920 1.4 33953
33930 1.6 33969
33940 0.7 33976
33950 1.4 33990
33960 1 34000
33970 1 34010
33980 1.7 34027
33990 0.9 34036
34000 1.2 34048
34010 1 34058
34020 0.7 34065
34030 0.7 34072
34040 0.7 34079
34050 1.2 34091
34060 0.8 34099
34070 1.4 34113
34080 0.6 34119
34090 1.1 34130
34100 0.9 34139
34110 1.5 34154
34120 0.9 34163
34130 0.6 34169
34140 1 34179
34150 1 34189
34160 0.8 34197
34170 0.8 34205
34180 1.6 34221
34190 1.3 34234
34200 1.6 34250
34210 0.8 34258
34220 0.7 34265
34230 1.2 34277
34240 1 34287
34250 0.9 34296
34260 0.7 34303
34270 1.4 34317
34280 1.4 34331
34290 0.4 34335
34300 1.8 34353
34310 0.6 34359
34320 1.3 34372
34330 1 34382
34340 1.4 34396
34350 0.9 34405
34360 1.1 34416
34370 1.1 34427
34380 1.6 34443
34390 0.6 34449
34400 1 34459
34410 0.9 34468
34420 1.5 34483
34430 0.9 34492
34440 1.1 34503
34450 1.1 34514
34460 1.1 34525
34470 1.5 34540
34480 1.3 34553
34490 1 34563
34500 0.5 34568
34510 0.7 34575
34520 1.5 34590
34530 1.2 34602
34540 1.3 34615
34550 1 34625
34560 0.7 34632
34570 0.9 34641
34580 1.2 34653
34590 0.3 34656
34600 0.8 34664
34610 0.6 34670
34620 1.3 34683
34630 0.6 34689
34640 0.4 34693
34650 1 34703
34660 1 34713
34670 0.7 34720
34680 0.9 34729
34690 1.1 34740
34700 1.2 34752
34710 0.7 34759
34720 1.1 34770
34730 1.3 34783
34740 1.1 34794
34750 0.5 34799
34760 0.8 34807
34770 0.8 34815
34780 0.9 34824
34790 1.8 34842
34800 1.4 34856
34810 0.9 34865
34820 1 34875
34830 1.4 34889
34840 0.5 34894
34850 1.2 34906
34860 0.7 34913
34870 1.1 34924
34880 1 34934
34890 1.1 34945
34900 0.9 34954
34910 1.1 34965
34920 1 34975
34930 0.7 34982
34940 1.1 34993
34950 0.8 35001
34960 0.4 35005
34970 0.8 35013
34980 1.2 35025
34990 0.6 35031
35000 1.2 35043
35010 1.1 35054
35020 0.8 35062
35030 1.1 35073
35040 1.3 35086
35050 0.9 35095
35060 1.6 35111
35070 1.1 35122
35080 1.4 35136
35090 1.8 35154
35100 1 35164
35110 1 35174
35120 0.7 35181
35130 0.8 35189
35140 1.2 35201
35150 0.2 35203
35160 1.2 35215
35170 0.7 35222
35180 1.8 35240
35190 1.4 35254
35200 1.2 35266
35210 0.4 35270
35220 0.8 35278
35230 1.1 35289
35240 1.5 35304
35250 0.6 35310
35260 1.3 35323
35270 0.8 35331
35280 0.6 35337
35290 1.3 35350
35300 1.3 35363
35310 1.2 35375
35320 0.8 35383
35330 0.9 35392
35340 0.8 35400
35350 0.8 35408
35360 0.3 35411
35370 1.5 35426
35380 0.9 35435
35390 0.8 35443
35400 0.8 35451
35410 1.2 35463
35420 0.9 35472
35430 1 35482
35440 1.2 35494
35450 1.3 35507
35460 0.8 35515
35470 1.3 35528
35480 1.2 35540
35490 1 35550
35500 0.8 35558
35510 0.6 35564
35520 0.8 35572
35530 0.8 35580
35540 0.9 35589
35550 0.5 35594
35560 1 35604
35570 1 35614
35580 1.1 35625
35590 1 35635
35600 0.6 35641
35610 1.2 35653
35620 1.1 35664
35630 0.5 35669
35640 1.1 35680
35650 1.6 35696
35660 0.5 35701
35670 1 35711
35680 0.6 35717
35690 0.8 35725
35700 1.1 35736
35710 1.2 35748
35720 1.3 35761
35730 1 35771
35740 0.8 35779
35750 1.8 35797
35760 1.1 35808
35770 1.1 35819
35780 1.1 35830
35790 0.7 35837
35800 0.9 35846
35810 0.9 35855
35820 1.3 35868
35830 1 35878
35840 0.5 35883
35850 0.9 35892
35860 0.5 35897
35870 1.4 35911
35880 1.6 35927
35890 0.7 35934
35900 1.1 35945
35910 0.7 35952
35920 0.8 35960
35930 1.6 35976
35940 1 35986
35950 0.8 35994
35960 0.6 36000
35970 0 36000
35980 0 36000
35990 0 36000
36000 1.3 36013
36010 1.8 36031
36020 1.5 36046
36030 2 36066
36040 2.3 36089
36050 2.6 36115
36060 1.6 36131
36070 2.7 36158
36080 1.7 36175
36090 2.7 36202
36100 2.3 36225
36110 1.8 36243
36120 1.4 36257
36130 2.9 36286
36140 2.8 36314
36150 2 36334
36160 2.5 36359
36170 1.4 36373
36180 2.4 36397
36190 1.9 36416
36200 2.9 36445
36210 1.5 36460
36220 2.4 36484
36230 1.4 36498
36240 2 36518
36250 1.4 36532
36260 1.8 36550
36270 2.1 36571
36280 1.4 36585
36290 3.2 36617
36300 2 36637
36310 2 36657
36320 2 36677
36330 2.6 36703
36340 2.4 36727
36350 2.1 36748
36360 1.9 36767
36370 1.7 36784
36380 1.7 36801
36390 2.6 36827
36400 2.2 36849
36410 1.1 36860
36420 2 36880
36430 1.6 36896
36440 2.2 36918
36450 1.9 36937
36460 2.7 36964
36470 1.5 36979
36480 1.2 36991
36490 2.1 37012
36500 2.6 37038
36510 1.5 37053
36520 1.8 37071
36530 1.7 37088
36540 1.6 37104
36550 1.9 37123
36560 2.1 37144
36570 1.5 37159
36580 2 37179
36590 1.7 37196
36600 2.5 37221
36610 2.2 37243
36620 2.9 37272
36630 3.5 37307
36640 3.8 37345
36650 3.7 37382
36660 3.2 37414
36670 2.5 37439
36680 2.8 37467
36690 2.5 37492
36700 2.9 37521
36710 2.1 37542
36720 2.8 37570
36730 2.6 37596
36740 3.2 37628
36750 3.4 37662
36760 3.4 37696
36770 3 37726
36780 3.2 37758
36790 2.8 37786
36800 2.9 37815
36810 2.6 37841
36820 3.5 37876
36830 3.4 37910
36840 3.1 37941
36850 3.2 37973
36860 3.5 38008
36870 3.6 38044
36880 3.1 38075
36890 2.6 38101
36900 3 38131
36910 2.5 38156
36920 3.4 38190
36930 3 38220
36940 2.1 38241
36950 3.4 38275
36960 3.4 38309
36970 2.3 38332
36980 2.9 38361
36990 2.8 38389
37000 3.1 38420
37010 3.2 38452
37020 3.2 38484
37030 2.6 38510
37040 2.9 38539
37050 2.4 38563
37060 3.9 38602
37070 2.8 38630
37080 3.5 38665
37090 2.3 38688
37100 3.6 38724
37110 3.3 38757
37120 2.9 38786
37130 3.1 38817
37140 2.7 38844
37150 3.1 38875
37160 3.3 38908
37170 2.7 38935
37180 2.5 38960
37190 3.1 38991
37200 4.5 39036
37210 4.1 39077
37220 3.8 39115
37230 5.1 39166
37240 4.3 39209
37250 3.9 39248
37260 3.7 39285
37270 3.7 39322
37280 4.4 39366
37290 4.5 39411
37300 5.2 39463
37310 4.6 39509
37320 3.5 39544
37330 5.1 39595
37340 4.6 39641
37350 4.4 39685
37360 4.1 39726
37370 4.1 39767
37380 3.2 39799
37390 3.6 39835
37400 2.9 39864
37410 4.6 39910
37420 4.8 39958
37430 4 39998
37440 4.8 40046
37450 4.6 40092
37460 3 40122
37470 4.5 40167
37480 4.7 40214
37490 4.7 40261
37500 3.9 40300
37510 4.8 40348
37520 3.5 40383
37530 3.2 40415
37540 3 40445
37550 3.5 40480
37560 3.6 40516
37570 3.3 40549
37580 5.2 40601
37590 3.6 40637
37600 4.4 40681
37610 4.6 40727
37620 3.8 40765
37630 3.8 40803
37640 5.3 40856
37650 3.9 40895
37660 3.6 40931
37670 3.8 40969
37680 5 41019
37690 4.1 41060
37700 4.8 41108
37710 4 41148
37720 2.5 41173
37730 5.4 41227
37740 3.7 41264
37750 2.9 41293
37760 3.6 41329
37770 5 41379
37780 2.2 41401
37790 0 41401
37800 2.3 41424
37810 6.5 41489
37820 4.9 41538
37830 4.2 41580
37840 6.1 41641
37850 4.5 41686
37860 5.6 41742
37870 6.4 41806
37880 5.7 41863
37890 3.5 41898
37900 3.9 41937
37910 5.9 41996
37920 5.8 42054
37930 4.4 42098
37940 5.3 42151
37950 4.4 42195
37960 5.1 42246
37970 4.8 42294
37980 6.2 42356
37990 4 42396
38000 5.5 42451
38010 5.9 42510
38020 4.3 42553
38030 4.7 42600
38040 5.8 42658
38050 4.7 42705
38060 5.1 42756
38070 4.4 42800
38080 5.5 42855
38090 4.4 42899
38100 5 42949
38110 5.6 43005
38120 5 43055
38130 5 43105
38140 5.5 43160
38150 5.2 43212
38160 5.2 43264
38170 5.5 43319
38180 5 43369
38190 5 43419
38200 5.4 43473
38210 5 43523
38220 5.6 43579
38230 5.3 43632
38240 4.9 43681
38250 4.3 43724
38260 5.2 43776
38270 4.9 43825
38280 4.2 43867
38290 5.3 43920
38300 5.5 43975
38310 5 44025
38320 5.5 44080
38330 4.4 44124
38340 5.2 44176
38350 5.1 44227
38360 4.3 44270
38370 5.4 44324
38380 5.3 44377
38390 2.4 44401
38400 3.9 44440
38410 4.9 44489
38420 6.1 44550
38430 5.9 44609
38440 7.1 44680
38450 6.4 44744
38460 6.4 44808
38470 6 44868
38480 6 44928
38490 7.5 45003
38500 6.3 45066
38510 6.8 45134
38520 6.9 45203
38530 6.9 45272
38540 5.8 45330
38550 7.1 45401
38560 6.7 45468
38570 5.4 45522
38580 6.6 45588
38590 6.5 45653
38600 5 45703
38610 6.2 45765
38620 7 45835
38630 6.8 45903
38640 6.7 45970
38650 4.6 46016
38660 7 46086
38670 6.3 46149
38680 5.2 46201
38690 5 46251
38700 5.9 46310
38710 5.6 46366
38720 6.2 46428
38730 6.4 46492
38740 6.3 46555
38750 6 46615
38760 6.3 46678
38770 7.1 46749
38780 6.7 46816
38790 6.7 46883
38800 6.1 46944
38810 6.3 47007
38820 3.7 47044
38830 5.9 47103
38840 6.6 47169
38850 6.6 47235
38860 6.5 47300
38870 6.5 47365
38880 6 47425
38890 5.6 47481
38900 6.1 47542
38910 6.4 47606
38920 6.9 47675
38930 6.1 47736
38940 8.2 47818
38950 6.3 47881
38960 5.1 47932
38970 5.8 47990
38980 6.7 48057
38990 6.3 48120
39000 5.8 48178
39010 6.1 48239
39020 8 48319
39030 5.2 48371
39040 7.2 48443
39050 7.7 48520
39060 5.9 48579
39070 8.2 48661
39080 7.6 48737
39090 8 48817
39100 7.1 48888
39110 7.4 48962
39120 6.7 49029
39130 7.1 49100
39140 6.9 49169
39150 6.9 49238
39160 8.2 49320
39170 6.8 49388
39180 7.9 49467
39190 8 49547
39200 5.3 49600
39210 8.4 49684
39220 6.7 49751
39230 9.6 49847
39240 7 49917
39250 6.5 49982
39260 5.9 50041
39270 7.6 50117
39280 5.8 50175
39290 7.2 50247
39300 6 50307
39310 7.3 50380
39320 7.9 50459
39330 6.5 50524
39340 8.4 50608
39350 7.5 50683
39360 6.4 50747
39370 6.6 50813
39380 6.5 50878
39390 7.2 50950
39400 7.7 51027
39410 6.5 51092
39420 6.8 51160
39430 6.5 51225
39440 7.5 51300
39450 7.2 51372
39460 5.9 51431
39470 7 51501
39480 8.3 51584
39490 7.7 51661
39500 7.8 51739
39510 7.1 51810
39520 7.6 51886
39530 7.2 51958
39540 7.1 52029
39550 6.7 52096
39560 7 52166
39570 7.4 52240
39580 5.8 52298
39590 6.6 52364
39600 6.7 52431
39610 7.1 52502
39620 6.8 52570
39630 5.1 52621
39640 8.8 52709
39650 6 52769
39660 6.1 52830
39670 6.9 52899
39680 6.4 52963
39690 7.3 53036
39700 8.3 53119
39710 7.1 53190
39720 8.1 53271
39730 7.6 53347
39740 5.8 53405
39750 8.2 53487
39760 7.8 53565
39770 7.2 53637
39780 5.6 53693
39790 7.7 53770
39800 5.9 53829
39810 7.5 53904
39820 8.2 53986
39830 7.6 54062
39840 7 54132
39850 6.1 54193
39860 5.8 54251
39870 5.3 54304
39880 7.1 54375
39890 5.4 54429
39900 5.1 54480
39910 7.6 54556
39920 6.6 54622
39930 6.7 54689
39940 7.2 54761
39950 8.1 54842
39960 8 54922
39970 6.6 54988
39980 7.2 55060
39990 6.2 55122
40000 6.9 55191
40010 6.7 55258
40020 6.4 55322
40030 7.1 55393
40040 6.5 55458
40050 7.7 55535
40060 7.9 55614
40070 8.1 55695
40080 6.6 55761
40090 8 55841
40100 5.6 55897
40110 6.8 55965
40120 6.7 56032
40130 6.2 56094
40140 7.5 56169
40150 6.5 56234
40160 6.6 56300
40170 7.6 56376
40180 6.9 56445
40190 6.8 56513
40200 7.8 56591
40210 9.2 56683
40220 10.6 56789
40230 10.5 56894
40240 9.6 56990
40250 9 57080
40260 9 57170
40270 7.7 57247
40280 9.2 57339
40290 8.1 57420
40300 9.6 57516
40310 10.4 57620
40320 8.4 57704
40330 9 57794
40340 9.3 57887
40350 8.1 57968
40360 7.6 58044
40370 7.3 58117
40380 9.3 58210
40390 7.5 58285
40400 9.2 58377
40410 8.4 58461
40420 10.3 58564
40430 9.2 58656
40440 8.4 58740
40450 8.7 58827
40460 9.2 58919
40470 6.9 58988
40480 9.3 59081
40490 9 59171
40500 10.1 59272
40510 9 59362
40520 9.7 59459
40530 9 59549
40540 8.9 59638
40550 8.2 59720
40560 10.1 59821
40570 9.2 59913
40580 10 60013
40590 8.7 60100
40600 8.7 60187
40610 7.5 60262
40620 10.4 60366
40630 8.3 60449
40640 9.1 60540
40650 9.1 60631
40660 8.2 60713
40670 8.9 60802
40680 9.3 60895
40690 9.9 60994
40700 9.8 61092
40710 9.2 61184
40720 8.4 61268
40730 9.9 61367
40740 9.7 61464
40750 8.6 61550
40760 9.9 61649
40770 9.6 61745
40780 7.8 61823
40790 7.7 61900
40800 11.3 62013
40810 9.9 62112
40820 11 62222
40830 9.1 62313
40840 9.9 62412
40850 9.2 62504
40860 11.4 62618
40870 10.2 62720
40880 10 62820
40890 11.2 62932
40900 8.3 63015
40910 9.8 63113
40920 9.7 63210
40930 11.5 63325
40940 9.3 63418
40950 9.5 63513
40960 9 63603
40970 11.3 63716
40980 10.9 63825
40990 10.7 63932
41000 10.3 64035
41010 10.1 64136
41020 11.5 64251
41030 8.6 64337
41040 10.2 64439
41050 11.1 64550
41060 11.2 64662
41070 10.9 64771
41080 9.8 64869
41090 10.2 64971
41100 9.5 65066
41110 10.5 65171
41120 10.2 65273
41130 10.8 65381
41140 9.4 65475
41150 9.8 65573
41160 9 65663
41170 9.2 65755
41180 8.5 65840
41190 9.5 65935
41200 10.9 66044
41210 9.6 66140
41220 10.7 66247
41230 9.4 66341
41240 8.6 66427
41250 9.6 66523
41260 11.2 66635
41270 9.5 66730
41280 10.6 66836
41290 9.7 66933
41300 10 67033
41310 9.7 67130
41320 8.6 67216
41330 10.6 67322
41340 11.4 67436
41350 10.8 67544
41360 11.6 67660
41370 9.6 67756
41380 7.7 67833
41390 10.4 67937
41400 7.2 68009
41410 9.2 68101
41420 10 68201
41430 9.6 68297
41440 11.1 68408
41450 9.6 68504
41460 11.7 68621
41470 9.5 68716
41480 9.8 68814
41490 9.2 68906
41500 12.5 69031
41510 12 69151
41520 11.4 69265
41530 12.5 69390
41540 11.4 69504
41550 11.3 69617
41560 9.9 69716
41570 9 69806
41580 9.8 69904
41590 8.6 69990
41600 12.1 70111
41610 10.2 70213
41620 13 70343
41630 9.5 70438
41640 9.8 70536
41650 11.9 70655
41660 11.7 70772
41670 11.9 70891
41680 10.1 70992
41690 9.9 71091
41700 9.9 71190
41710 12.4 71314
41720 9.6 71410
41730 10.7 71517
41740 11.5 71632
41750 11.5 71747
41760 9.9 71846
41770 9.7 71943
41780 9.9 72042
41790 10.9 72151
41800 11.6 72267
41810 11.1 72378
41820 10.6 72484
41830 9.8 72582
41840 12.3 72705
41850 11.9 72824
41860 11.3 72937
41870 9.9 73036
41880 12.1 73157
41890 10.6 73263
41900 12.6 73389
41910 13.3 73522
41920 8.2 73604
41930 11.1 73715
41940 8.1 73796
41950 11.3 73909
41960 9.4 74003
41970 10.1 74104
41980 12.5 74229
41990 11.4 74343
42000 10.9 74452
42010 12.4 74576
42020 13 74706
42030 11.5 74821
42040 14.3 74964
42050 12.7 75091
42060 12 75211
42070 11.5 75326
42080 10.2 75428
42090 13.3 75561
42100 12.1 75682
42110 11.8 75800
42120 11.4 75914
42130 11.5 76029
42140 11.8 76147
42150 13.7 76284
42160 11.1 76395
42170 13.1 76526
42180 11.2 76638
42190 12.5 76763
42200 11.1 76874
42210 13.3 77007
42220 12.8 77135
42230 13.2 77267
42240 11.8 77385
42250 11.2 77497
42260 12.9 77626
42270 12 77746
42280 12.1 77867
42290 10.4 77971
42300 12.4 78095
42310 10.6 78201
42320 11.5 78316
42330 12.7 78443
42340 11.4 78557
42350 13.2 78689
42360 12.2 78811
42370 13.6 78947
42380 11.3 79060
42390 12.4 79184
42400 11.7 79301
42410 13.1 79432
42420 10.2 79534
42430 10.7 79641
42440 14.1 79782
42450 13.9 79921
42460 13.2 80053
42470 12.6 80179
42480 12 80299
42490 12.2 80421
42500 11.4 80535
42510 12.8 80663
42520 10.6 80769
42530 11.3 80882
42540 11.8 81000
42550 11.6 81116
42560 12.5 81241
42570 9.1 81332
42580 12 81452
42590 9.8 81550
42600 11.2 81662
42610 12.9 81791
42620 13.5 81926
42630 13.1 82057
42640 13.8 82195
42650 14.8 82343
42660 12 82463
42670 12.6 82589
42680 12.3 82712
42690 13.7 82849
42700 14 82989
42710 14.2 83131
42720 14.8 83279
42730 15.1 83430
42740 14.3 83573
42750 12.1 83694
42760 14.3 83837
42770 13.8 83975
42780 12.6 84101
42790 13.4 84235
42800 13 84365
42810 12.7 84492
42820 13.2 84624
42830 11.5 84739
42840 13.6 84875
42850 13.2 85007
42860 12.4 85131
42870 11.6 85247
42880 13.3 85380
42890 13.3 85513
42900 10.2 85615
42910 12.4 85739
42920 12.8 85867
42930 14.7 86014
42940 12 86134
42950 12.3 86257
42960 14.9 86406
42970 13.2 86538
42980 14 86678
42990 12.8 86806
43000 12 86926
43010 10.8 87034
43020 12.4 87158
43030 12.2 87280
43040 12.1 87401
43050 13.3 87534
43060 13.4 87668
43070 12.4 87792
43080 12.1 87913
43090 13.5 88048
43100 13.6 88184
43110 12.2 88306
43120 13.5 88441
43130 12.6 88567
43140 12.5 88692
43150 13.1 88823
43160 13.4 88957
43170 11.2 89069
43180 12.1 89190
43190 14.6 89336
43200 11.5 89451
43210 14 89591
43220 12.3 89714
43230 12.3 89837
43240 13.2 89969
43250 14.7 90116
43260 12.4 90240
43270 12.8 90368
43280 14.1 90509
43290 11.9 90628
43300 13.1 90759
43310 13.9 90898
43320 12.6 91024
43330 13.7 91161
43340 14.2 91303
43350 14.1 91444
43360 14.1 91585
43370 12.2 91707
43380 14.8 91855
43390 13.6 91991
43400 13.4 92125
43410 14.1 92266
43420 16.7 92433
43430 13.6 92569
43440 14.6 92715
43450 13.9 92854
43460 14.2 92996
43470 16.1 93157
43480 15.5 93312
43490 13.8 93450
43500 13.3 93583
43510 15.4 93737
43520 14.8 93885
43530 14.1 94026
43540 12.5 94151
43550 12.8 94279
43560 12.9 94408
43570 14.7 94555
43580 13.6 94691
43590 13.5 94826
43600 12.8 94954
43610 14.4 95098
43620 12.9 95227
43630 13.7 95364
43640 13.8 95502
43650 14.6 95648
43660 13.9 95787
43670 12.9 95916
43680 14.9 96065
43690 15.1 96216
43700 15.6 96372
43710 13.8 96510
43720 11.8 96628
43730 14.3 96771
43740 16.2 96933
43750 13 97063
43760 14.9 97212
43770 13.4 97346
43780 14.7 97493
43790 15.3 97646
43800 15.6 97802
43810 13.8 97940
43820 15.2 98092
43830 17.3 98265
43840 14.5 98410
43850 17.6 98586
43860 15.1 98737
43870 14 98877
43880 14.5 99022
43890 15.7 99179
43900 14.3 99322
43910 14.9 99471
43920 13.8 99609
43930 14.1 99750
43940 16 99910
43950 14.5 100055
43960 16.1 100216
43970 15.7 100373
43980 14.9 100522
43990 16 100682
44000 14.4 100826
44010 15.5 100981
44020 16.4 101145
44030 15.3 101298
44040 12.5 101423
44050 15.1 101574
44060 13.4 101708
44070 14.1 101849
44080 15.1 102000
44090 15.2 102152
44100 12.8 102280
44110 12.8 102408
44120 15.8 102566
44130 15 102716
44140 15.6 102872
44150 16.1 103033
44160 14.3 103176
44170 14.1 103317
44180 15 103467
44190 14.4 103611
44200 14.5 103756
44210 12.8 103884
44220 14.6 104030
44230 14.9 104179
44240 14.8 104327
44250 14.6 104473
44260 14.8 104621
44270 16.8 104789
44280 16.8 104957
44290 13.5 105092
44300 15.5 105247
44310 15.1 105398
44320 16.5 105563
44330 15.5 105718
44340 15.9 105877
44350 15.5 106032
44360 15.5 106187
44370 14.2 106329
44380 14.3 106472
44390 14.1 106613
44400 14.7 106760
44410 18.2 106942
44420 14.5 107087
44430 16.4 107251
44440 16.4 107415
44450 16.9 107584
44460 14.8 107732
44470 15.5 107887
44480 16.5 108052
44490 14.1 108193
44500 13.4 108327
44510 15.8 108485
44520 17 108655
44530 15 108805
44540 14.6 108951
44550 15.4 109105
44560 14.8 109253
44570 17.5 109428
44580 14.9 109577
44590 17.1 109748
44600 15.8 109906
44610 15.9 110065
44620 13.9 110204
44630 14.5 110349
44640 14.7 110496
44650 16.4 110660
44660 15.4 110814
44670 18.1 110995
44680 17.2 111167
44690 16.7 111334
44700 15.8 111492
44710 15.7 111649
44720 14.4 111793
44730 14.3 111936
44740 17 112106
44750 16.5 112271
44760 17.1 112442
44770 15.8 112600
44780 15.6 112756
44790 16.1 112917
44800 18.7 113104
44810 16.5 113269
44820 18 113449
44830 16.7 113616
44840 14.7 113763
44850 15.8 113921
44860 17.3 114094
44870 13.8 114232
44880 18.6 114418
44890 15.2 114570
44900 16.1 114731
44910 13.3 114864
44920 15.8 115022
44930 16.2 115184
44940 15.9 115343
44950 16.9 115512
44960 15.6 115668
44970 15.1 115819
44980 15.1 115970
44990 18 116150
45000 17.1 116321
45010 15.6 116477
45020 18.6 116663
45030 17.9 116842
45040 16.4 117006
45050 14.5 117151
45060 16.8 117319
45070 18.2 117501
45080 16.2 117663
45090 16.6 117829
45100 17.3 118002
45110 17.3 118175
45120 17.6 118351
45130 14.6 118497
45140 14.3 118640
45150 16.3 118803
45160 18.4 118987
45170 16.7 119154
45180 16.8 119322
45190 19.4 119516
45200 14.5 119661
45210 17 119831
45220 17 120001
45230 16.6 120167
45240 20.3 120370
45250 15.7 120527
45260 18.6 120713
45270 19.6 120909
45280 19 121099
45290 15.2 121251
45300 19.2 121443
45310 16.4 121607
45320 14 121747
45330 15.6 121903
45340 16.2 122065
45350 17.3 122238
45360 19.3 122431
45370 17.8 122609
45380 15 122759
45390 17.3 122932
45400 16.3 123095
45410 18.6 123281
45420 16.4 123445
45430 15.4 123599
45440 16.6 123765
45450 15.5 123920
45460 17.6 124096
45470 17.3 124269
45480 16.9 124438
45490 18 124618
45500 19.6 124814
45510 16.9 124983
45520 16.1 125144
45530 15.4 125298
45540 17.9 125477
45550 16.6 125643
45560 20.3 125846
45570 15.6 126002
45580 18.7 126189
45590 13.4 126323
45600 16.6 126489
45610 15.7 126646
45620 19.7 126843
45630 19.3 127036
45640 18.8 127224
45650 15.1 127375
45660 18.8 127563
45670 17.9 127742
45680 16.7 127909
45690 16.9 128078
45700 18.5 128263
45710 18.2 128445
45720 16.7 128612
45730 19.2 128804
45740 18.9 128993
45750 16.3 129156
45760 16.9 129325
45770 17.1 129496
45780 15.4 129650
45790 18.4 129834
45800 17.5 130009
45810 17.5 130184
45820 19.2 130376
45830 20.3 130579
45840 18.3 130762
45850 20.2 130964
45860 17.3 131137
45870 17.5 131312
45880 18.3 131495
45890 17.9 131674
45900 18 131854
45910 15.2 132006
45920 16.8 132174
45930 15.1 132325
45940 19.7 132522
45950 19.9 132721
45960 18.2 132903
45970 17.7 133080
45980 19.8 133278
45990 17 133448
46000 18.9 133637
46010 13.8 133775
46020 18.6 133961
46030 17.4 134135
46040 19 134325
46050 18.9 134514
46060 19.6 134710
46070 15.7 134867
46080 19.6 135063
46090 15.4 135217
46100 15.5 135372
46110 18.7 135559
46120 15.2 135711
46130 17.9 135890
46140 17 136060
46150 17.8 136238
46160 18.6 136424
46170 16.8 136592
46180 20.1 136793
46190 19.7 136990
46200 17.6 137166
46210 16.7 137333
46220 18.7 137520
46230 19.9 137719
46240 17.4 137893
46250 19.4 138087
46260 17.9 138266
46270 18 138446
46280 19.9 138645
46290 18.7 138832
46300 20.9 139041
46310 17.4 139215
46320 19.3 139408
46330 18.6 139594
46340 17.8 139772
46350 17.6 139948
46360 18.5 140133
46370 18.3 140316
46380 20.1 140517
46390 18.1 140698
46400 18.7 140885
46410 18.5 141070
46420 18 141250
46430 19.3 141443
46440 18.6 141629
46450 18.7 141816
46460 20.5 142021
46470 15.8 142179
46480 17.5 142354
46490 19.8 142552
46500 19.2 142744
46510 20.3 142947
46520 19.9 143146
46530 18.6 143332
46540 18.9 143521
46550 20.8 143729
46560 19.1 143920
46570 18.5 144105
46580 19.9 144304
46590 21 144514
46600 18.3 144697
46610 21.6 144913
46620 19.9 145112
46630 17.5 145287
46640 17.7 145464
46650 19.5 145659
46660 20.6 145865
46670 19.5 146060
46680 19.6 146256
46690 19 146446
46700 18.8 146634
46710 17 146804
46720 18.8 146992
46730 17.2 147164
46740 21.2 147376
46750 21.4 147590
46760 20.9 147799
46770 18 147979
46780 18.5 148164
46790 20 148364
46800 18.1 148545
46810 19.8 148743
46820 19.8 148941
46830 21.1 149152
46840 17.6 149328
46850 18.5 149513
46860 22.1 149734
46870 18.9 149923
46880 18.2 150105
46890 22.4 150329
46900 18.9 150518
46910 18.1 150699
46920 18.9 150888
46930 22.4 151112
46940 19.3 151305
46950 20.2 151507
46960 21.9 151726
46970 19.8 151924
46980 18.6 152110
46990 19.8 152308
47000 17.9 152487
47010 18.8 152675
47020 19.3 152868
47030 18.6 153054
47040 21.4 153268
47050 21.8 153486
47060 19.3 153679
47070 22.9 153908
47080 16.9 154077
47090 21.1 154288
47100 18.8 154476
47110 16.1 154637
47120 19.7 154834
47130 19.5 155029
47140 21 155239
47150 21.7 155456
47160 20.8 155664
47170 17.2 155836
47180 18.5 156021
47190 21.9 156240
47200 20.9 156449
47210 20.4 156653
47220 19.1 156844
47230 17.5 157019
47240 19.2 157211
47250 19.1 157402
47260 19 157592
47270 22.1 157813
47280 20.6 158019
47290 21.3 158232
47300 20.4 158436
47310 18.9 158625
47320 20.9 158834
47330 17 159004
47340 17.7 159181
47350 20.1 159382
47360 19.1 159573
47370 20.2 159775
47380 19.7 159972
47390 18.5 160157
47400 15.3 160310
47410 15.5 160465
47420 15.5 160620
47430 13.2 160752
47440 14.8 160900
47450 13.4 161034
47460 13.2 161166
47470 16.1 161327
47480 13.2 161459
47490 12.7 161586
47500 13.3 161719
47510 15 161869
47520 11.6 161985
47530 15.7 162142
47540 12.5 162267
47550 14.4 162411
47560 15.4 162565
47570 14.5 162710
47580 14.2 162852
47590 16 163012
47600 13.8 163150
47610 14.9 163299
47620 14.8 163447
47630 15.2 163599
47640 14.8 163747
47650 13.2 163879
47660 12.2 164001
47670 13 164131
47680 15.5 164286
47690 15 164436
47700 13.5 164571
47710 13.4 164705
47720 13.5 164840
47730 16 165000
47740 12.5 165125
47750 16 165285
47760 13.2 165417
47770 11.4 165531
47780 13.1 165662
47790 15.4 165816
47800 11.4 165930
47810 13 166060
47820 13.6 166196
47830 13.5 166331
47840 15.7 166488
47850 9.2 166580
47860 13.1 166711
47870 13.2 166843
47880 14 166983
47890 14.1 167124
47900 12.3 167247
47910 12.9 167376
47920 13.2 167508
47930 14.4 167652
47940 13.7 167789
47950 15.4 167943
47960 12.3 168066
47970 15.4 168220
47980 11.7 168337
47990 12.9 168466
48000 20.2 168668
48010 21.1 168879
48020 20.9 169088
48030 23.3 169321
48040 18.8 169509
48050 22.2 169731
48060 20.2 169933
48070 19.6 170129
48080 20.2 170331
48090 21.6 170547
48100 19.9 170746
48110 18.3 170929
48120 19.9 171128
48130 21.7 171345
48140 23.1 171576
48150 20.9 171785
48160 17.8 171963
48170 22.4 172187
48180 23.6 172423
48190 20.4 172627
48200 21.8 172845
48210 23.6 173081
48220 20.9 173290
48230 19.7 173487
48240 21.5 173702
48250 22.6 173928
48260 20.8 174136
48270 19.3 174329
48280 20.8 174537
48290 23.5 174772
48300 19.7 174969
48310 22 175189
48320 21.5 175404
48330 20.8 175612
48340 22.6 175838
48350 23.4 176072
48360 19.9 176271
48370 22.1 176492
48380 19.6 176688
48390 22.2 176910
48400 21.5 177125
48410 19.9 177324
48420 22.3 177547
48430 23 177777
48440 20.6 177983
48450 22 178203
48460 22.9 178432
48470 21.1 178643
48480 21.2 178855
48490 22.2 179077
48500 21.9 179296
48510 22.2 179518
48520 23.1 179749
48530 21 179959
48540 20.8 180167
48550 22.4 180391
48560 21.7 180608
48570 21.3 180821
48580 21 181031
48590 24.3 181274
48600 23.4 181508
48610 23.2 181740
48620 21.9 181959
48630 21.6 182175
48640 23.2 182407
48650 20.4 182611
48660 24.1 182852
48670 24 183092
48680 20.7 183299
48690 22.8 183527
48700 22.7 183754
48710 23.2 183986
48720 23.1 184217
48730 19.4 184411
48740 22.8 184639
48750 24.6 184885
48760 21 185095
48770 23.1 185326
48780 21.7 185543
48790 23 185773
48800 22.7 186000
48810 23.5 186235
48820 23.5 186470
48830 21.2 186682
48840 21.5 186897
48850 21.2 187109
48860 19.1 187300
48870 24.9 187549
48880 25.3 187802
48890 23.4 188036
48900 22.4 188260
48910 22.7 188487
48920 21.5 188702
48930 23.4 188936
48940 21.5 189151
48950 23.1 189382
48960 20.6 189588
48970 21.5 189803
48980 20.4 190007
48990 23.3 190240
49000 21.7 190457
49010 22.4 190681
49020 23.8 190919
49030 20.4 191123
49040 22.1 191344
49050 20.9 191553
49060 22.3 191776
49070 21.1 191987
49080 24.3 192230
49090 22.3 192453
49100 24 192693
49110 23.9 192932
49120 23.1 193163
49130 23.3 193396
49140 25.5 193651
49150 24.2 193893
49160 19.3 194086
49170 22.9 194315
49180 23.1 194546
49190 22.9 194775
49200 20.5 194980
49210 24.2 195222
49220 25 195472
49230 23.6 195708
49240 22.6 195934
49250 21.6 196150
49260 23.8 196388
49270 24.2 196630
49280 22.6 196856
49290 23.8 197094
49300 26.6 197360
49310 24.8 197608
49320 23.5 197843
49330 24.7 198090
49340 23.1 198321
49350 25.8 198579
49360 22.1 198800
49370 23.5 199035
49380 26 199295
49390 24.2 199537
49400 24.5 199782
49410 22.8 200010
49420 23.3 200243
49430 22.8 200471
49440 23 200701
49450 24.3 200944
49460 23.6 201180
49470 22.8 201408
49480 23.6 201644
49490 23 201874
49500 26.7 202141
49510 22.3 202364
49520 24.8 202612
49530 24.2 202854
49540 21.9 203073
49550 22.5 203298
49560 21.1 203509
49570 24.6 203755
49580 26.5 204020
49590 26.2 204282
49600 22.8 204510
49610 22.2 204732
49620 22.3 204955
49630 23.5 205190
49640 26.5 205455
49650 22.2 205677
49660 22.6 205903
49670 22.3 206126
49680 25.6 206382
49690 22.2 206604
49700 26.1 206865
49710 24.4 207109
49720 23.5 207344
49730 23 207574
49740 22.3 207797
49750 21.5 208012
49760 22.9 208241
49770 21.7 208458
49780 22.8 208686
49790 23.3 208919
49800 23.1 209150
49810 25.4 209404
49820 24.3 209647
49830 26.4 209911
49840 24.1 210152
49850 23 210382
49860 24 210622
49870 22.4 210846
49880 25.9 211105
49890 25.8 211363
49900 23.8 211601
49910 25.1 211852
49920 25.5 212107
49930 24.4 212351
49940 24.3 212594
49950 25 212844
49960 22.3 213067
49970 23.2 213299
49980 21.1 213510
49990 24.2 213752
50000 27.1 214023
50010 22.9 214252
50020 24 214492
50030 24.5 214737
50040 24 214977
50050 26.5 215242
50060 22.6 215468
50070 25.3 215721
50080 22.5 215946
50090 22.6 216172
50100 23.8 216410
50110 23.6 216646
50120 21.3 216859
50130 25.2 217111
50140 24.3 217354
50150 24.3 217597
50160 23.6 217833
50170 23.8 218071
50180 26.6 218337
50190 26.1 218598
50200 22.7 218825
50210 23.1 219056
50220 22.7 219283
50230 26.1 219544
50240 27.3 219817
50250 24.8 220065
50260 26 220325
50270 25 220575
50280 22 220795
50290 23.4 221029
50300 23.2 221261
50310 22.2 221483
50320 26 221743
50330 23.4 221977
50340 26.5 222242
50350 24.9 222491
50360 26.3 222754
50370 23.2 222986
50380 23.6 223222
50390 22.5 223447
50400 25.5 223702
50410 27.4 223976
50420 26.5 224241
50430 26.5 224506
50440 23.1 224737
50450 23.8 224975
50460 25.7 225232
50470 24.4 225476
50480 24.4 225720
50490 23.8 225958
50500 24.2 226200
50510 27.1 226471
50520 26.5 226736
50530 25.1 226987
50540 25.5 227242
50550 26.8 227510
50560 24.2 227752
50570 26.9 228021
50580 23.6 228257
50590 24.9 228506
50600 26.7 228773
50610 24.1 229014
50620 24.3 229257
50630 26 229517
50640 25.6 229773
50650 23.5 230008
50660 21.9 230227
50670 26.6 230493
50680 24.4 230737
50690 26.2 230999
50700 26.8 231267
50710 23.9 231506
50720 27.3 231779
50730 23.8 232017
50740 23 232247
50750 25.3 232500
50760 23.5 232735
50770 28.2 233017
50780 26.6 233283
50790 24.3 233526
50800 25.9 233785
50810 24.4 234029
50820 27.9 234308
50830 27.1 234579
50840 26.2 234841
50850 25.1 235092
50860 24.4 235336
50870 26.1 235597
50880 24.6 235843
50890 26.5 236108
50900 26.3 236371
50910 24.3 236614
50920 23 236844
50930 26.5 237109
50940 26.9 237378
50950 24 237618
50960 24.9 237867
50970 26.9 238136
50980 24.1 238377
50990 26.8 238645
51000 27.3 238918
51010 27.8 239196
51020 26 239456
51030 26.9 239725
51040 25.4 239979
51050 23.7 240216
51060 23.6 240452
51070 26.3 240715
51080 27 240985
51090 28.1 241266
51100 27.1 241537
51110 24.2 241779
51120 27.9 242058
51130 26.4 242322
51140 25.6 242578
51150 23.5 242813
51160 26.6 243079
51170 25.8 243337
51180 29.6 243633
51190 26.2 243895
51200 25 244145
51210 26 244405
51220 27.2 244677
51230 27.6 244953
51240 26 245213
51250 28.5 245498
51260 26 245758
51270 27.7 246035
51280 25.5 246290
51290 24.9 246539
51300 24.3 246782
51310 25.2 247034
51320 27.7 247311
51330 28.9 247600
51340 26.6 247866
51350 26 248126
51360 26 248386
51370 26.1 248647
51380 23.3 248880
51390 26 249140
51400 29 249430
51410 25.6 249686
51420 27.8 249964
51430 26.1 250225
51440 27.3 250498
51450 28.6 250784
51460 27 251054
51470 24.8 251302
51480 25.6 251558
51490 25.8 251816
51500 28 252096
51510 29.3 252389
51520 25.6 252645
51530 27.6 252921
51540 26.3 253184
51550 27.9 253463
51560 26.1 253724
51570 28.7 254011
51580 23.4 254245
51590 27.8 254523
51600 28 254803
51610 30.1 255104
51620 27.4 255378
51630 25 255628
51640 27.2 255900
51650 29 256190
51660 26.1 256451
51670 28.4 256735
51680 27.1 257006
51690 27.1 257277
51700 25 257527
51710 29.4 257821
51720 28.7 258108
51730 26.5 258373
51740 28 258653
51750 29.8 258951
51760 28.5 259236
51770 27.5 259511
51780 30.5 259816
51790 27.5 260091
51800 31 260401
51810 27.1 260672
51820 30.2 260974
51830 29 261264
51840 27.5 261539
51850 27.2 261811
51860 26.5 262076
51870 25.9 262335
51880 29.4 262629
51890 27.1 262900
51900 27.3 263173
51910 27.3 263446
51920 28.5 263731
51930 24 263971
51940 24.5 264216
51950 26.8 264484
51960 28.8 264772
51970 27 265042
51980 24.4 265286
51990 24.4 265530
52000 25.9 265789
52010 27.1 266060
52020 30.4 266364
52030 27.2 266636
52040 29.3 266929
52050 28.1 267210
52060 30.1 267511
52070 27.4 267785
52080 28.1 268066
52090 26.4 268330
52100 28.6 268616
52110 25.7 268873
52120 26.6 269139
52130 29.6 269435
52140 27.4 269709
52150 27.7 269986
52160 25.8 270244
52170 28 270524
52180 28.6 270810
52190 27.7 271087
52200 27.9 271366
52210 27.1 271637
52220 29.9 271936
52230 30.4 272240
52240 29.9 272539
52250 25.4 272793
52260 26.9 273062
52270 32.7 273389
52280 30.7 273696
52290 32.9 274025
52300 31.8 274343
52310 28.1 274624
52320 32.6 274950
52330 29.9 275249
52340 26.8 275517
52350 25.7 275774
52360 29.4 276068
52370 27.6 276344
52380 29 276634
52390 28.8 276922
52400 28.8 277210
52410 29.7 277507
52420 26.1 277768
52430 28.6 278054
52440 25.9 278313
52450 24.7 278560
52460 28.7 278847
52470 28.8 279135
52480 26.8 279403
52490 26 279663
52500 28.6 279949
52510 26.9 280218
52520 30 280518
52530 28.7 280805
52540 28.1 281086
52550 27.9 281365
52560 30.3 281668
52570 27.6 281944
52580 29.4 282238
52590 29.1 282529
52600 29.8 282827
52610 26.9 283096
52620 28.4 283380
52630 27.5 283655
52640 29.3 283948
52650 30.3 284251
52660 31.8 284569
52670 29.3 284862
52680 29.2 285154
52690 31.5 285469
52700 25.5 285724
52710 27.8 286002
52720 30.4 286306
52730 27.6 286582
52740 30.6 286888
52750 30.3 287191
52760 27.5 287466
52770 29.5 287761
52780 31.2 288073
52790 29.5 288368
52800 14.4 288512
52810 0 288512
52820 0 288512
52830 0 288512
52840 0 288512
52850 0 288512
52860 0 288512
52870 0 288512
52880 0 288512
52890 0 288512
52900 0 288512
52910 0 288512
52920 0 288512
52930 0 288512
52940 0 288512
