0 6 7
10 9 10
20 9 11
30 14 14
40 20 20
50 26 28
60 27 28
70 32 32
80 33 34
90 32 34
100 30 34
110 31 35
120 30 35
130 30 35
140 31 35
150 37 37
160 47 47
170 46 52
180 46 52
190 44 52
200 43 52
210 46 52
220 49 52
230 49 52
240 48 52
250 53 55
260 53 58
270 49 58
280 48 58
290 56 58
300 51 58
310 45 58
320 50 58
330 56 60
340 54 60
350 56 60
360 56 60
370 60 61
380 60 63
390 63 65
400 69 69
410 68 72
420 69 72
430 61 72
440 67 72
450 61 72
460 65 72
470 58 72
480 55 72
490 59 72
500 56 72
510 61 72
520 61 72
530 64 72
540 64 72
550 66 72
560 61 72
570 65 72
580 64 72
590 66 72
600 69 72
610 65 72
620 62 72
630 65 72
640 67 72
650 68 72
660 72 72
670 71 73
680 73 75
690 75 75
700 72 77
710 77 77
720 72 79
730 72 79
740 73 79
750 69 79
760 68 79
770 74 79
780 73 79
790 74 79
800 70 79
810 72 79
820 74 79
830 78 79
840 79 80
850 81 82
860 79 83
870 78 83
880 86 86
890 84 86
900 89 93
910 91 93
920 93 93
930 92 94
940 93 96
950 95 96
960 97 97
970 99 99
980 99 103
990 103 103
1000 95 105
1010 98 105
1020 97 105
1030 102 105
1040 98 105
1050 100 105
1060 105 105
1070 102 105
1080 103 108
1090 108 108
1100 102 108
1110 102 108
1120 111 112
1130 109 112
1140 111 113
1150 109 113
1160 111 113
1170 114 116
1180 110 116
1190 114 117
1200 113 117
1210 113 117
1220 111 117
1230 109 117
1240 113 117
1250 116 117
1260 115 119
1270 123 123
1280 118 124
1290 121 125
1300 128 129
1310 121 129
1320 119 129
1330 116 129
1340 121 129
1350 122 129
1360 119 129
1370 125 129
1380 132 132
1390 135 137
1400 133 137
1410 136 138
1420 141 141
1430 145 146
1440 136 146
1450 143 146
1460 136 146
1470 142 147
1480 134 147
1490 130 147
1500 133 147
1510 132 147
1520 134 147
1530 140 147
1540 138 147
1550 136 147
1560 136 147
1570 124 147
1580 131 147
1590 123 147
1600 123 147
1610 123 147
1620 128 147
1630 130 147
1640 131 147
1650 136 147
1660 138 147
1670 132 147
1680 120 147
1690 121 147
1700 123 147
1710 126 147
1720 129 147
1730 126 147
1740 132 147
1750 128 147
1760 127 147
1770 127 147
1780 117 147
1790 110 147
1800 108 147
1810 111 147
1820 111 147
1830 109 147
1840 114 147
1850 118 147
1860 120 147
1870 121 147
1880 118 147
1890 122 147
1900 122 147
1910 124 147
1920 125 147
1930 129 147
1940 134 147
1950 134 147
1960 133 147
1970 129 147
1980 130 147
1990 123 147
2000 122 147
2010 122 147
2020 119 147
2030 124 147
2040 126 147
2050 129 147
2060 133 147
2070 133 147
2080 139 147
2090 143 147
2100 142 147
2110 148 149
2120 144 149
2130 151 152
2140 154 156
2150 158 158
2160 157 161
2170 163 163
2180 158 164
2190 166 166
2200 156 166
2210 156 166
2220 151 166
2230 156 166
2240 160 166
2250 157 166
2260 154 166
2270 155 166
2280 153 166
2290 153 166
2300 155 166
2310 158 166
2320 162 166
2330 164 166
2340 168 168
2350 175 177
2360 172 177
2370 177 178
2380 177 179
2390 185 186
2400 189 191
2410 196 196
2420 191 197
2430 196 197
2440 192 198
2450 183 198
2460 185 198
2470 193 198
2480 190 198
2490 193 198
2500 199 204
2510 185 204
2520 187 204
2530 190 204
2540 193 204
2550 189 204
2560 186 204
2570 181 204
2580 185 204
2590 186 204
2600 189 204
2610 187 204
2620 190 204
2630 185 204
2640 188 204
2650 189 204
2660 193 204
2670 199 204
2680 192 204
2690 198 204
2700 202 204
2710 203 204
2720 198 204
2730 201 204
2740 200 204
2750 193 204
2760 195 204
2770 191 204
2780 182 204
2790 186 204
2800 183 204
2810 180 204
2820 174 204
2830 177 204
2840 181 204
2850 179 204
2860 179 204
2870 183 204
2880 177 204
2890 176 204
2900 180 204
2910 185 204
2920 182 204
2930 187 204
2940 193 204
2950 189 204
2960 191 204
2970 190 204
2980 179 204
2990 180 204
3000 181 204
3010 181 204
3020 172 204
3030 173 204
3040 170 204
3050 168 204
3060 168 204
3070 167 204
3080 166 204
3090 169 204
3100 167 204
3110 167 204
3120 167 204
3130 167 204
3140 173 204
3150 172 204
3160 180 204
3170 180 204
3180 184 204
3190 179 204
3200 178 204
3210 174 204
3220 176 204
3230 181 204
3240 179 204
3250 180 204
3260 177 204
3270 179 204
3280 174 204
3290 175 204
3300 180 204
3310 178 204
3320 184 204
3330 180 204
3340 188 204
3350 189 204
3360 188 204
3370 192 204
3380 196 204
3390 195 204
3400 196 204
3410 199 204
3420 197 204
3430 198 204
3440 190 204
3450 185 204
3460 186 204
3470 192 204
3480 191 204
3490 198 204
3500 188 204
3510 178 204
3520 182 204
3530 184 204
3540 186 204
3550 190 204
3560 194 204
3570 200 204
3580 197 204
3590 195 204
3600 187 204
3610 189 204
3620 188 204
3630 192 204
3640 191 204
3650 189 204
3660 199 204
3670 194 204
3680 193 204
3690 191 204
3700 192 204
3710 198 204
3720 194 204
3730 193 204
3740 197 204
3750 195 204
3760 196 204
3770 192 204
3780 190 204
3790 192 204
3800 195 204
3810 198 204
3820 197 204
3830 196 204
3840 193 204
3850 191 204
3860 191 204
3870 191 204
3880 192 204
3890 188 204
3900 186 204
3910 189 204
3920 181 204
3930 186 204
3940 179 204
3950 185 204
3960 182 204
3970 192 204
3980 183 204
3990 177 204
4000 176 204
4010 180 204
4020 177 204
4030 180 204
4040 177 204
4050 184 204
4060 187 204
4070 190 204
4080 192 204
4090 188 204
4100 188 204
4110 186 204
4120 185 204
4130 190 204
4140 189 204
4150 182 204
4160 186 204
4170 190 204
4180 186 204
4190 186 204
4200 183 204
4210 187 204
4220 181 204
4230 183 204
4240 184 204
4250 182 204
4260 181 204
4270 186 204
4280 183 204
4290 178 204
4300 185 204
4310 184 204
4320 177 204
4330 175 204
4340 178 204
4350 179 204
4360 175 204
4370 175 204
4380 175 204
4390 172 204
4400 176 204
4410 183 204
4420 185 204
4430 178 204
4440 190 204
4450 183 204
4460 180 204
4470 180 204
4480 182 204
4490 180 204
4500 184 204
4510 181 204
4520 181 204
4530 180 204
4540 176 204
4550 180 204
4560 195 204
4570 189 204
4580 178 204
4590 188 204
4600 183 204
4610 190 204
4620 186 204
4630 189 204
4640 189 204
4650 195 204
4660 198 204
4670 198 205
4680 190 205
4690 193 205
4700 203 205
4710 197 205
4720 193 205
4730 197 205
4740 192 205
4750 192 205
4760 194 205
4770 192 205
4780 188 205
4790 190 205
4800 201 205
4810 196 205
4820 189 205
4830 189 205
4840 188 205
4850 188 205
4860 192 205
4870 193 205
4880 188 205
4890 184 205
4900 179 205
4910 178 205
4920 181 205
4930 181 205
4940 174 205
4950 173 205
4960 178 205
4970 179 205
4980 183 205
4990 180 205
5000 184 205
5010 189 205
5020 188 205
5030 183 205
5040 180 205
5050 175 205
5060 177 205
5070 164 205
5080 162 205
5090 169 205
5100 163 205
5110 157 205
5120 161 205
5130 157 205
5140 163 205
5150 169 205
5160 176 205
5170 173 205
5180 172 205
5190 178 205
5200 184 205
5210 173 205
5220 174 205
5230 186 205
5240 180 205
5250 183 205
5260 187 205
5270 200 205
5280 191 205
5290 189 205
5300 186 205
5310 187 205
5320 189 205
5330 189 205
5340 192 205
5350 186 205
5360 173 205
5370 183 205
5380 188 205
5390 182 205
5400 177 205
5410 175 205
5420 182 205
5430 177 205
5440 175 205
5450 172 205
5460 175 205
5470 172 205
5480 175 205
5490 180 205
5500 181 205
5510 180 205
5520 177 205
5530 179 205
5540 183 205
5550 181 205
5560 176 205
5570 177 205
5580 181 205
5590 178 205
5600 177 205
5610 182 205
5620 175 205
5630 179 205
5640 174 205
5650 175 205
5660 170 205
5670 176 205
5680 179 205
5690 188 205
5700 198 205
5710 193 205
5720 194 205
5730 194 205
5740 196 205
5750 194 205
5760 196 205
5770 198 205
5780 196 205
5790 189 205
5800 186 205
5810 185 205
5820 194 205
5830 196 205
5840 187 205
5850 184 205
5860 185 205
5870 185 205
5880 188 205
5890 187 205
5900 193 205
5910 189 205
5920 183 205
5930 189 205
5940 193 205
5950 190 205
5960 189 205
5970 191 205
5980 190 205
5990 188 205
6000 191 205
6010 189 205
6020 194 205
6030 195 205
6040 183 205
6050 186 205
6060 183 205
6070 184 205
6080 183 205
6090 187 205
6100 185 205
6110 187 205
6120 184 205
6130 183 205
6140 181 205
6150 177 205
6160 180 205
6170 184 205
6180 187 205
6190 180 205
6200 178 205
6210 182 205
6220 187 205
6230 193 205
6240 191 205
6250 190 205
6260 191 205
6270 191 205
6280 194 205
6290 194 205
6300 197 205
6310 191 205
6320 190 205
6330 192 205
6340 195 205
6350 193 205
6360 192 205
6370 197 205
6380 195 205
6390 199 205
6400 200 205
6410 189 205
6420 194 205
6430 202 205
6440 190 205
6450 190 205
6460 190 205
6470 192 205
6480 187 205
6490 193 205
6500 197 205
6510 192 205
6520 195 205
6530 197 205
6540 189 205
6550 190 205
6560 198 205
6570 193 205
6580 191 205
6590 184 205
6600 188 205
6610 191 205
6620 192 205
6630 187 205
6640 190 205
6650 196 205
6660 194 205
6670 200 205
6680 202 205
6690 200 207
6700 190 207
6710 198 207
6720 193 207
6730 192 207
6740 188 207
6750 190 207
6760 188 207
6770 191 207
6780 193 207
6790 190 207
6800 191 207
6810 187 207
6820 188 207
6830 188 207
6840 193 207
6850 197 207
6860 192 207
6870 185 207
6880 185 207
6890 187 207
6900 191 207
6910 190 207
6920 185 207
6930 180 207
6940 188 207
6950 190 207
6960 197 207
6970 202 207
6980 197 207
6990 197 207
7000 204 207
7010 197 207
7020 190 207
7030 188 207
7040 191 207
7050 188 207
7060 187 207
7070 185 207
7080 189 207
7090 186 207
7100 191 207
7110 185 207
7120 189 207
7130 187 207
7140 184 207
7150 183 207
7160 194 207
7170 191 207
7180 190 207
7190 194 207
7200 191 207
7210 191 207
7220 206 207
7230 210 211
7240 197 211
7250 199 211
7260 197 211
7270 195 211
7280 190 211
7290 194 211
7300 192 211
7310 189 211
7320 191 211
7330 191 211
7340 190 211
7350 189 211
7360 184 211
7370 182 211
7380 182 211
7390 183 211
7400 179 211
7410 175 211
7420 180 211
7430 180 211
7440 173 211
7450 183 211
7460 180 211
7470 182 211
7480 185 211
7490 179 211
7500 178 211
7510 182 211
7520 186 211
7530 190 211
7540 190 211
7550 191 211
7560 190 211
7570 188 211
7580 192 211
7590 187 211
7600 184 211
7610 189 211
7620 195 211
7630 190 211
7640 190 211
7650 197 211
7660 195 211
7670 188 211
7680 183 211
7690 186 211
7700 191 211
7710 189 211
7720 189 211
7730 186 211
7740 185 211
7750 187 211
7760 192 211
7770 197 211
7780 188 211
7790 196 211
7800 195 211
7810 197 211
7820 197 211
7830 198 211
7840 192 211
7850 189 211
7860 191 211
7870 187 211
7880 188 211
7890 192 211
7900 198 211
7910 185 211
7920 186 211
7930 184 211
7940 180 211
7950 188 211
7960 183 211
7970 182 211
7980 188 211
7990 188 211
8000 191 211
8010 193 211
8020 188 211
8030 186 211
8040 184 211
8050 189 211
8060 188 211
8070 180 211
8080 179 211
8090 185 211
8100 179 211
8110 176 211
8120 183 211
8130 183 211
8140 185 211
8150 185 211
8160 183 211
8170 180 211
8180 180 211
8190 181 211
8200 181 211
8210 177 211
8220 180 211
8230 182 211
8240 184 211
8250 188 211
8260 183 211
8270 186 211
8280 191 211
8290 187 211
8300 190 211
8310 187 211
8320 191 211
8330 193 211
8340 185 211
8350 183 211
8360 186 211
8370 190 211
8380 189 211
8390 186 211
8400 188 211
8410 184 211
8420 183 211
8430 185 211
8440 182 211
8450 191 211
8460 182 211
8470 185 211
8480 178 211
8490 180 211
8500 180 211
8510 180 211
8520 183 211
8530 176 211
8540 182 211
8550 179 211
8560 178 211
8570 178 211
8580 178 211
8590 181 211
8600 182 211
8610 177 211
8620 183 211
8630 179 211
8640 177 211
8650 171 211
8660 175 211
8670 173 211
8680 181 211
8690 175 211
8700 178 211
8710 182 211
8720 178 211
8730 184 211
8740 184 211
8750 184 211
8760 183 211
8770 177 211
8780 178 211
8790 184 211
8800 186 211
8810 183 211
8820 191 211
8830 187 211
8840 193 211
8850 190 211
8860 189 211
8870 192 211
8880 189 211
8890 188 211
8900 187 211
8910 192 211
8920 193 211
8930 186 211
8940 190 211
8950 189 211
8960 188 211
8970 186 211
8980 186 211
8990 185 211
9000 184 211
9010 188 211
9020 183 211
9030 181 211
9040 179 211
9050 172 211
9060 171 211
9070 177 211
9080 176 211
9090 172 211
9100 178 211
9110 176 211
9120 176 211
9130 175 211
9140 181 211
9150 181 211
9160 185 211
9170 197 211
9180 192 211
9190 188 211
9200 195 211
9210 197 211
9220 198 211
9230 193 211
9240 186 211
9250 181 211
9260 190 211
9270 180 211
9280 169 211
9290 170 211
9300 167 211
9310 164 211
9320 165 211
9330 166 211
9340 169 211
9350 173 211
9360 179 211
9370 180 211
9380 182 211
9390 188 211
9400 188 211
9410 191 211
9420 191 211
9430 188 211
9440 193 211
9450 197 211
9460 198 211
9470 200 211
9480 200 211
9490 197 211
9500 202 211
9510 199 211
9520 191 211
9530 189 211
9540 196 211
9550 195 211
9560 201 211
9570 195 211
9580 183 211
9590 185 211
9600 182 211
9610 180 211
9620 177 211
9630 177 211
9640 173 211
9650 174 211
9660 172 211
9670 177 211
9680 181 211
9690 184 211
9700 186 211
9710 183 211
9720 192 211
9730 182 211
9740 181 211
9750 186 211
9760 192 211
9770 194 211
9780 192 211
9790 198 211
9800 196 211
9810 191 211
9820 191 211
9830 194 211
9840 194 211
9850 191 211
9860 183 211
9870 186 211
9880 189 211
9890 190 211
9900 192 211
9910 200 211
9920 202 211
9930 198 211
9940 193 211
9950 198 211
9960 194 211
9970 190 211
9980 193 211
9990 190 211
10000 195 211
10010 184 211
10020 187 211
10030 185 211
10040 190 211
10050 199 211
10060 183 211
10070 180 211
10080 190 211
10090 190 211
10100 188 211
10110 191 211
10120 191 211
10130 190 211
10140 187 211
10150 184 211
10160 180 211
10170 186 211
10180 187 211
10190 178 211
10200 176 211
10210 188 211
10220 182 211
10230 183 211
10240 190 211
10250 190 211
10260 181 211
10270 178 211
10280 180 211
10290 183 211
10300 180 211
10310 187 211
10320 196 211
10330 201 211
10340 194 211
10350 192 211
10360 191 211
10370 186 211
10380 187 211
10390 179 211
10400 186 211
10410 191 211
10420 178 211
10430 176 211
10440 185 211
10450 191 211
10460 189 211
10470 188 211
10480 187 211
10490 187 211
10500 186 211
10510 181 211
10520 183 211
10530 177 211
10540 175 211
10550 176 211
10560 172 211
10570 171 211
10580 163 211
10590 164 211
10600 166 211
10610 167 211
10620 165 211
10630 170 211
10640 170 211
10650 172 211
10660 171 211
10670 179 211
10680 184 211
10690 178 211
10700 180 211
10710 180 211
10720 177 211
10730 177 211
10740 179 211
10750 181 211
10760 178 211
10770 182 211
10780 181 211
10790 180 211
10800 186 211
10810 182 211
10820 191 211
10830 194 211
10840 197 211
10850 195 211
10860 194 211
10870 196 211
10880 201 211
10890 205 211
10900 203 211
10910 198 211
10920 195 211
10930 184 211
10940 191 211
10950 186 211
10960 189 211
10970 187 211
10980 187 211
10990 189 211
11000 188 211
11010 192 211
11020 190 211
11030 183 211
11040 176 211
11050 168 211
11060 170 211
11070 178 211
11080 174 211
11090 179 211
11100 172 211
11110 167 211
11120 174 211
11130 176 211
11140 181 211
11150 178 211
11160 180 211
11170 179 211
11180 181 211
11190 180 211
11200 193 211
11210 189 211
11220 189 211
11230 185 211
11240 188 211
11250 188 211
11260 188 211
11270 195 211
11280 201 211
11290 199 211
11300 195 211
11310 194 211
11320 203 211
11330 192 211
11340 190 211
11350 183 211
11360 190 211
11370 192 211
11380 191 211
11390 193 211
11400 201 211
11410 201 211
11420 186 211
11430 192 211
11440 189 211
11450 191 211
11460 189 211
11470 183 211
11480 178 211
11490 176 211
11500 177 211
11510 181 211
11520 179 211
11530 185 211
11540 192 211
11550 190 211
11560 189 211
11570 196 211
11580 196 211
11590 191 211
11600 195 211
11610 193 211
11620 189 211
11630 186 211
11640 187 211
11650 187 211
11660 183 211
11670 178 211
11680 175 211
11690 176 211
11700 180 211
11710 177 211
11720 178 211
11730 176 211
11740 181 211
11750 179 211
11760 172 211
11770 175 211
11780 169 211
11790 168 211
11800 177 211
11810 170 211
11820 169 211
11830 172 211
11840 167 211
11850 166 211
11860 168 211
11870 173 211
11880 175 211
11890 173 211
11900 176 211
11910 177 211
11920 173 211
11930 172 211
11940 170 211
11950 170 211
11960 175 211
11970 171 211
11980 175 211
11990 170 211
12000 177 211
12010 181 211
12020 187 211
12030 183 211
12040 176 211
12050 179 211
12060 178 211
12070 179 211
12080 180 211
12090 176 211
12100 179 211
12110 171 211
12120 170 211
12130 172 211
12140 170 211
12150 175 211
12160 175 211
12170 176 211
12180 178 211
12190 173 211
12200 185 211
12210 194 211
12220 186 211
12230 190 211
12240 196 211
12250 201 211
12260 183 211
12270 185 211
12280 188 211
12290 196 211
12300 188 211
12310 188 211
12320 187 211
12330 188 211
12340 192 211
12350 193 211
12360 192 211
12370 188 211
12380 198 211
12390 192 211
12400 200 211
12410 204 211
12420 195 211
12430 195 211
12440 203 211
12450 195 211
12460 200 211
12470 201 211
12480 193 211
12490 188 211
12500 199 211
12510 195 211
12520 193 211
12530 192 211
12540 199 211
12550 201 211
12560 194 211
12570 195 211
12580 196 211
12590 200 211
12600 203 211
12610 198 211
12620 205 211
12630 202 211
12640 205 211
12650 206 211
12660 206 211
12670 198 211
12680 191 211
12690 196 211
12700 194 211
12710 203 211
12720 200 211
12730 200 211
12740 205 211
12750 197 211
12760 200 211
12770 201 211
12780 201 211
12790 198 211
12800 188 211
12810 189 211
12820 187 211
12830 200 211
12840 202 211
12850 208 211
12860 205 211
12870 200 211
12880 191 211
12890 197 211
12900 186 211
12910 180 211
12920 183 211
12930 187 211
12940 183 211
12950 180 211
12960 181 211
12970 180 211
12980 183 211
12990 184 211
13000 185 211
13010 191 211
13020 189 211
13030 190 211
13040 199 211
13050 199 211
13060 199 211
13070 198 211
13080 197 211
13090 199 211
13100 191 211
13110 188 211
13120 185 211
13130 188 211
13140 184 211
13150 180 211
13160 181 211
13170 180 211
13180 193 211
13190 194 211
13200 192 211
13210 194 211
13220 202 211
13230 203 211
13240 194 211
13250 193 211
13260 193 211
13270 184 211
13280 187 211
13290 182 211
13300 193 211
13310 197 211
13320 186 211
13330 191 211
13340 194 211
13350 196 211
13360 194 211
13370 198 211
13380 193 211
13390 192 211
13400 188 211
13410 195 211
13420 191 211
13430 190 211
13440 198 211
13450 193 211
13460 200 211
13470 193 211
13480 195 211
13490 194 211
13500 191 211
13510 190 211
13520 186 211
13530 195 211
13540 191 211
13550 196 211
13560 196 211
13570 200 211
13580 202 211
13590 199 211
13600 194 211
13610 200 211
13620 187 211
13630 181 211
13640 182 211
13650 185 211
13660 186 211
13670 178 211
13680 183 211
13690 190 211
13700 191 211
13710 184 211
13720 182 211
13730 183 211
13740 175 211
13750 182 211
13760 183 211
13770 189 211
13780 189 211
13790 193 211
13800 185 211
13810 186 211
13820 183 211
13830 192 211
13840 191 211
13850 197 211
13860 193 211
13870 197 211
13880 191 211
13890 191 211
13900 190 211
13910 188 211
13920 191 211
13930 192 211
13940 198 211
13950 195 211
13960 199 211
13970 197 211
13980 201 211
13990 204 211
14000 194 211
14010 190 211
14020 183 211
14030 190 211
14040 179 211
14050 178 211
14060 178 211
14070 180 211
14080 178 211
14090 181 211
14100 176 211
14110 185 211
14120 181 211
14130 189 211
14140 193 211
14150 194 211
14160 192 211
14170 193 211
14180 190 211
14190 191 211
14200 190 211
14210 192 211
14220 193 211
14230 191 211
14240 193 211
14250 190 211
14260 188 211
14270 194 211
14280 193 211
14290 191 211
14300 194 211
14310 194 211
14320 187 211
14330 189 211
14340 184 211
14350 191 211
14360 188 211
14370 192 211
14380 189 211
14390 187 211
14400 193 211
14410 199 211
14420 199 211
14430 190 211
14440 195 211
14450 188 211
14460 185 211
14470 189 211
14480 190 211
14490 189 211
14500 188 211
14510 184 211
14520 185 211
14530 185 211
14540 189 211
14550 193 211
14560 193 211
14570 196 211
14580 203 211
14590 201 211
14600 197 211
14610 187 211
14620 190 211
14630 189 211
14640 188 211
14650 182 211
14660 177 211
14670 176 211
14680 179 211
14690 181 211
14700 184 211
14710 187 211
14720 187 211
14730 189 211
14740 196 211
14750 185 211
14760 188 211
14770 187 211
14780 180 211
14790 187 211
14800 184 211
14810 186 211
14820 191 211
14830 194 211
14840 200 211
14850 200 211
14860 200 211
14870 202 211
14880 204 211
14890 193 211
14900 194 211
14910 194 211
14920 194 211
14930 204 211
14940 196 211
14950 193 211
14960 193 211
14970 192 211
14980 199 211
14990 201 211
15000 196 211
15010 199 211
15020 200 211
15030 189 211
15040 189 211
15050 188 211
15060 194 211
15070 200 211
15080 194 211
15090 190 211
15100 196 211
15110 195 211
15120 195 211
15130 192 211
15140 190 211
15150 188 211
15160 194 211
15170 181 211
15180 182 211
15190 190 211
15200 177 211
15210 182 211
15220 176 211
15230 180 211
15240 179 211
15250 178 211
15260 176 211
15270 180 211
15280 179 211
15290 180 211
15300 187 211
15310 187 211
15320 197 211
15330 200 211
15340 192 211
15350 195 211
15360 196 211
15370 194 211
15380 191 211
15390 184 211
15400 181 211
15410 186 211
15420 190 211
15430 185 211
15440 188 211
15450 188 211
15460 182 211
15470 183 211
15480 189 211
15490 189 211
15500 192 211
15510 183 211
15520 184 211
15530 185 211
15540 184 211
15550 184 211
15560 186 211
15570 190 211
15580 190 211
15590 184 211
15600 188 211
15610 190 211
15620 188 211
15630 191 211
15640 194 211
15650 193 211
15660 188 211
15670 190 211
15680 191 211
15690 185 211
15700 189 211
15710 193 211
15720 194 211
15730 187 211
15740 186 211
15750 192 211
15760 189 211
15770 192 211
15780 193 211
15790 186 211
15800 190 211
15810 186 211
15820 190 211
15830 184 211
15840 189 211
15850 187 211
15860 182 211
15870 177 211
15880 181 211
15890 181 211
15900 184 211
15910 186 211
15920 184 211
15930 185 211
15940 189 211
15950 185 211
15960 180 211
15970 188 211
15980 191 211
15990 193 211
16000 195 211
16010 191 211
16020 187 211
16030 183 211
16040 186 211
16050 189 211
16060 186 211
16070 183 211
16080 185 211
16090 194 211
16100 197 211
16110 195 211
16120 191 211
16130 189 211
16140 193 211
16150 193 211
16160 190 211
16170 187 211
16180 185 211
16190 177 211
16200 175 211
16210 176 211
16220 183 211
16230 178 211
16240 173 211
16250 173 211
16260 177 211
16270 180 211
16280 180 211
16290 183 211
16300 185 211
16310 184 211
16320 190 211
16330 190 211
16340 190 211
16350 186 211
16360 185 211
16370 197 211
16380 198 211
16390 182 211
16400 182 211
16410 181 211
16420 181 211
16430 179 211
16440 181 211
16450 184 211
16460 192 211
16470 194 211
16480 197 211
16490 198 211
16500 200 211
16510 197 211
16520 195 211
16530 192 211
16540 189 211
16550 189 211
16560 184 211
16570 184 211
16580 193 211
16590 188 211
16600 192 211
16610 188 211
16620 188 211
16630 180 211
16640 186 211
16650 186 211
16660 182 211
16670 177 211
16680 180 211
16690 179 211
16700 181 211
16710 182 211
16720 185 211
16730 189 211
16740 189 211
16750 190 211
16760 192 211
16770 188 211
16780 190 211
16790 193 211
16800 190 211
16810 195 211
16820 194 211
16830 192 211
16840 187 211
16850 190 211
16860 188 211
16870 188 211
16880 183 211
16890 178 211
16900 179 211
16910 184 211
16920 180 211
16930 185 211
16940 187 211
16950 185 211
16960 185 211
16970 185 211
16980 188 211
16990 191 211
17000 197 211
17010 187 211
17020 185 211
17030 190 211
17040 188 211
17050 180 211
17060 180 211
17070 181 211
17080 180 211
17090 181 211
17100 178 211
17110 179 211
17120 178 211
17130 181 211
17140 180 211
17150 182 211
17160 180 211
17170 175 211
17180 176 211
17190 172 211
17200 178 211
17210 183 211
17220 185 211
17230 188 211
17240 186 211
17250 182 211
17260 186 211
17270 190 211
17280 191 211
17290 193 211
17300 194 211
17310 186 211
17320 188 211
17330 205 211
17340 196 211
17350 194 211
17360 188 211
17370 172 211
17380 172 211
17390 178 211
17400 178 211
17410 173 211
17420 168 211
17430 173 211
17440 177 211
17450 177 211
17460 175 211
17470 178 211
17480 168 211
17490 169 211
17500 165 211
17510 172 211
17520 178 211
17530 182 211
17540 176 211
17550 181 211
17560 179 211
17570 178 211
17580 188 211
17590 182 211
17600 180 211
17610 180 211
17620 181 211
17630 184 211
17640 188 211
17650 184 211
17660 189 211
17670 186 211
17680 185 211
17690 189 211
17700 191 211
17710 189 211
17720 196 211
17730 200 211
17740 200 211
17750 198 211
17760 192 211
17770 185 211
17780 181 211
17790 185 211
17800 197 211
17810 187 211
17820 190 211
17830 180 211
17840 184 211
17850 187 211
17860 183 211
17870 184 211
17880 180 211
17890 181 211
17900 178 211
17910 179 211
17920 181 211
17930 182 211
17940 183 211
17950 188 211
17960 186 211
17970 188 211
17980 186 211
17990 184 211
18000 186 211
18010 187 211
18020 197 211
18030 196 211
18040 191 211
18050 192 211
18060 193 211
18070 198 211
18080 200 211
18090 195 211
18100 195 211
18110 199 211
18120 197 211
18130 202 211
18140 191 211
18150 182 211
18160 183 211
18170 181 211
18180 178 211
18190 181 211
18200 187 211
18210 189 211
18220 188 211
18230 191 211
18240 196 211
18250 195 211
18260 188 211
18270 197 211
18280 196 211
18290 200 211
18300 195 211
18310 198 211
18320 197 211
18330 195 211
18340 197 211
18350 195 211
18360 190 211
18370 196 211
18380 191 211
18390 191 211
18400 188 211
18410 192 211
18420 193 211
18430 193 211
18440 193 211
18450 195 211
18460 199 211
18470 194 211
18480 197 211
18490 194 211
18500 198 211
18510 201 211
18520 200 211
18530 195 211
18540 199 211
18550 195 211
18560 192 211
18570 201 211
18580 201 211
18590 200 211
18600 198 211
18610 193 211
18620 193 211
18630 191 211
18640 191 211
18650 197 211
18660 199 211
18670 200 211
18680 192 211
18690 189 211
18700 185 211
18710 193 211
18720 190 211
18730 186 211
18740 181 211
18750 183 211
18760 194 211
18770 188 211
18780 189 211
18790 198 211
18800 196 211
18810 201 211
18820 196 211
18830 194 211
18840 193 211
18850 194 211
18860 194 211
18870 200 211
18880 207 211
18890 202 211
18900 193 211
18910 193 211
18920 189 211
18930 187 211
18940 193 211
18950 196 211
18960 190 211
18970 192 211
18980 192 211
18990 193 211
19000 194 211
19010 194 211
19020 191 211
19030 190 211
19040 194 211
19050 195 211
19060 194 211
19070 191 211
19080 192 211
19090 189 211
19100 190 211
19110 182 211
19120 179 211
19130 181 211
19140 188 211
19150 186 211
19160 184 211
19170 186 211
19180 193 211
19190 190 211
19200 192 211
19210 188 211
19220 193 211
19230 199 211
19240 185 211
19250 189 211
19260 186 211
19270 187 211
19280 184 211
19290 177 211
19300 176 211
19310 185 211
19320 189 211
19330 183 211
19340 187 211
19350 191 211
19360 199 211
19370 195 211
19380 196 211
19390 194 211
19400 189 211
19410 187 211
19420 184 211
19430 190 211
19440 192 211
19450 189 211
19460 185 211
19470 187 211
19480 186 211
19490 184 211
19500 190 211
19510 185 211
19520 187 211
19530 186 211
19540 188 211
19550 191 211
19560 192 211
19570 182 211
19580 192 211
19590 191 211
19600 193 211
19610 195 211
19620 188 211
19630 191 211
19640 198 211
19650 195 211
19660 200 211
19670 204 211
19680 191 211
19690 193 211
19700 196 211
19710 195 211
19720 193 211
19730 179 211
19740 180 211
19750 180 211
19760 182 211
19770 178 211
19780 181 211
19790 184 211
19800 189 211
19810 185 211
19820 188 211
19830 188 211
19840 183 211
19850 185 211
19860 192 211
19870 186 211
19880 183 211
19890 188 211
19900 185 211
19910 185 211
19920 182 211
19930 183 211
19940 179 211
19950 180 211
19960 184 211
19970 193 211
19980 191 211
19990 182 211
20000 178 211
20010 183 211
20020 185 211
20030 180 211
20040 184 211
20050 184 211
20060 185 211
20070 188 211
20080 189 211
20090 191 211
20100 187 211
20110 191 211
20120 181 211
20130 188 211
20140 183 211
20150 186 211
20160 188 211
20170 187 211
20180 179 211
20190 188 211
20200 191 211
20210 186 211
20220 190 211
20230 189 211
20240 187 211
20250 190 211
20260 185 211
20270 186 211
20280 192 211
20290 190 211
20300 185 211
20310 188 211
20320 186 211
20330 192 211
20340 197 211
20350 183 211
20360 187 211
20370 187 211
20380 183 211
20390 190 211
20400 186 211
20410 175 211
20420 174 211
20430 181 211
20440 176 211
20450 182 211
20460 182 211
20470 178 211
20480 185 211
20490 185 211
20500 194 211
20510 198 211
20520 199 211
20530 199 211
20540 196 211
20550 198 211
20560 187 211
20570 185 211
20580 182 211
20590 189 211
20600 190 211
20610 185 211
20620 187 211
20630 187 211
20640 191 211
20650 194 211
20660 198 211
20670 195 211
20680 193 211
20690 199 211
20700 200 211
20710 197 211
20720 183 211
20730 184 211
20740 183 211
20750 188 211
20760 188 211
20770 181 211
20780 186 211
20790 186 211
20800 185 211
20810 182 211
20820 186 211
20830 181 211
20840 181 211
20850 184 211
20860 181 211
20870 185 211
20880 190 211
20890 190 211
20900 185 211
20910 193 211
20920 198 211
20930 200 211
20940 194 211
20950 196 211
20960 204 211
20970 193 211
20980 194 211
20990 194 211
21000 199 211
21010 188 211
21020 191 211
21030 195 211
21040 192 211
21050 193 211
21060 196 211
21070 198 211
21080 192 211
21090 194 211
21100 191 211
21110 189 211
21120 185 211
21130 186 211
21140 188 211
21150 190 211
21160 192 211
21170 193 211
21180 201 211
21190 196 211
21200 195 211
21210 197 211
21220 196 211
21230 198 211
21240 196 211
21250 193 211
21260 180 211
21270 179 211
21280 181 211
21290 181 211
21300 181 211
21310 177 211
21320 178 211
21330 175 211
21340 175 211
21350 166 211
21360 167 211
21370 171 211
21380 171 211
21390 163 211
21400 158 211
21410 163 211
21420 167 211
21430 172 211
21440 173 211
21450 163 211
21460 163 211
21470 164 211
21480 170 211
21490 171 211
21500 164 211
21510 170 211
21520 173 211
21530 171 211
21540 173 211
21550 182 211
21560 184 211
21570 191 211
21580 190 211
21590 188 211
21600 194 211
21610 196 211
21620 193 211
21630 183 211
21640 185 211
21650 189 211
21660 195 211
21670 190 211
21680 196 211
21690 193 211
21700 195 211
21710 194 211
21720 202 211
21730 186 211
21740 182 211
21750 186 211
21760 188 211
21770 188 211
21780 184 211
21790 188 211
21800 195 211
21810 196 211
21820 195 211
21830 196 211
21840 197 211
21850 195 211
21860 189 211
21870 190 211
21880 183 211
21890 195 211
21900 190 211
21910 191 211
21920 182 211
21930 183 211
21940 187 211
21950 185 211
21960 184 211
21970 188 211
21980 184 211
21990 188 211
22000 183 211
22010 187 211
22020 186 211
22030 186 211
22040 189 211
22050 186 211
22060 200 211
22070 198 211
22080 194 211
22090 189 211
22100 191 211
22110 189 211
22120 189 211
22130 184 211
22140 180 211
22150 185 211
22160 190 211
22170 187 211
22180 191 211
22190 191 211
22200 184 211
22210 190 211
22220 191 211
22230 192 211
22240 191 211
22250 197 211
22260 197 211
22270 194 211
22280 193 211
22290 203 211
22300 197 211
22310 202 211
22320 200 211
22330 198 211
22340 191 211
22350 191 211
22360 195 211
22370 193 211
22380 196 211
22390 195 211
22400 190 211
22410 190 211
22420 188 211
22430 188 211
22440 187 211
22450 190 211
22460 193 211
22470 187 211
22480 190 211
22490 202 211
22500 176 211
22510 172 211
22520 168 211
22530 170 211
22540 178 211
22550 177 211
22560 178 211
22570 176 211
22580 175 211
22590 174 211
22600 181 211
22610 176 211
22620 182 211
22630 182 211
22640 183 211
22650 178 211
22660 178 211
22670 179 211
22680 178 211
22690 183 211
22700 184 211
22710 189 211
22720 187 211
22730 193 211
22740 189 211
22750 193 211
22760 193 211
22770 194 211
22780 188 211
22790 191 211
22800 192 211
22810 184 211
22820 183 211
22830 186 211
22840 188 211
22850 185 211
22860 191 211
22870 185 211
22880 190 211
22890 183 211
22900 186 211
22910 193 211
22920 185 211
22930 191 211
22940 194 211
22950 194 211
22960 196 211
22970 200 211
22980 202 211
22990 193 211
23000 195 211
23010 199 211
23020 197 211
23030 192 211
23040 191 211
23050 190 211
23060 191 211
23070 185 211
23080 187 211
23090 190 211
23100 184 211
23110 185 211
23120 189 211
23130 189 211
23140 192 211
23150 190 211
23160 189 211
23170 198 211
23180 195 211
23190 184 211
23200 181 211
23210 187 211
23220 189 211
23230 195 211
23240 188 211
23250 194 211
23260 198 211
23270 199 211
23280 195 211
23290 197 211
23300 184 211
23310 185 211
23320 186 211
23330 184 211
23340 176 211
23350 169 211
23360 177 211
23370 179 211
23380 178 211
23390 177 211
23400 180 211
23410 175 211
23420 177 211
23430 177 211
23440 172 211
23450 169 211
23460 169 211
23470 173 211
23480 179 211
23490 171 211
23500 173 211
23510 177 211
23520 178 211
23530 182 211
23540 174 211
23550 178 211
23560 176 211
23570 177 211
23580 174 211
23590 174 211
23600 184 211
23610 182 211
23620 180 211
23630 182 211
23640 191 211
23650 187 211
23660 192 211
23670 193 211
23680 186 211
23690 189 211
23700 193 211
23710 198 211
23720 199 211
23730 195 211
23740 190 211
23750 191 211
23760 195 211
23770 196 211
23780 195 211
23790 197 211
23800 201 211
23810 188 211
23820 195 211
23830 199 211
23840 202 211
23850 193 211
23860 201 211
23870 194 211
23880 195 211
23890 191 211
23900 194 211
23910 188 211
23920 189 211
23930 184 211
23940 192 211
23950 191 211
23960 186 211
23970 187 211
23980 185 211
23990 184 211
24000 185 211
24010 184 211
24020 183 211
24030 188 211
24040 196 211
24050 199 211
24060 198 211
24070 183 211
24080 188 211
24090 197 211
24100 197 211
24110 204 211
24120 201 211
24130 192 211
24140 198 211
24150 188 211
24160 189 211
24170 189 211
24180 185 211
24190 174 211
24200 176 211
24210 181 211
24220 184 211
24230 180 211
24240 181 211
24250 181 211
24260 189 211
24270 185 211
24280 193 211
24290 197 211
24300 197 211
24310 191 211
24320 193 211
24330 195 211
24340 189 211
24350 185 211
24360 184 211
24370 179 211
24380 186 211
24390 188 211
24400 184 211
24410 190 211
24420 189 211
24430 194 211
24440 187 211
24450 186 211
24460 187 211
24470 195 211
24480 199 211
24490 187 211
24500 179 211
24510 181 211
24520 185 211
24530 191 211
24540 189 211
24550 183 211
24560 185 211
24570 187 211
24580 189 211
24590 192 211
24600 186 211
24610 195 211
24620 194 211
24630 196 211
24640 193 211
24650 183 211
24660 183 211
24670 184 211
24680 188 211
24690 179 211
24700 174 211
24710 172 211
24720 172 211
24730 177 211
24740 175 211
24750 176 211
24760 167 211
24770 174 211
24780 177 211
24790 173 211
24800 178 211
24810 182 211
24820 191 211
24830 189 211
24840 187 211
24850 192 211
24860 195 211
24870 190 211
24880 194 211
24890 194 211
24900 190 211
24910 199 211
24920 199 211
24930 195 211
24940 190 211
24950 192 211
24960 195 211
24970 199 211
24980 205 211
24990 197 211
25000 197 211
25010 201 211
25020 204 211
25030 200 211
25040 191 211
25050 195 211
25060 197 211
25070 188 211
25080 183 211
25090 182 211
25100 183 211
25110 192 211
25120 189 211
25130 187 211
25140 188 211
25150 190 211
25160 192 211
25170 184 211
25180 186 211
25190 188 211
25200 190 211
25210 190 211
25220 188 211
25230 190 211
25240 197 211
25250 195 211
25260 194 211
25270 197 211
25280 191 211
25290 188 211
25300 188 211
25310 196 211
25320 196 211
25330 190 211
25340 185 211
25350 180 211
25360 182 211
25370 181 211
25380 182 211
25390 183 211
25400 180 211
25410 186 211
25420 189 211
25430 191 211
25440 193 211
25450 192 211
25460 193 211
25470 197 211
25480 198 211
25490 200 211
25500 206 211
25510 201 211
25520 192 211
25530 189 211
25540 191 211
25550 190 211
25560 195 211
25570 200 211
25580 200 211
25590 204 211
25600 197 211
25610 199 211
25620 196 211
25630 196 211
25640 200 211
25650 195 211
25660 201 211
25670 192 211
25680 191 211
25690 199 211
25700 190 211
25710 184 211
25720 186 211
25730 190 211
25740 193 211
25750 195 211
25760 196 211
25770 193 211
25780 193 211
25790 191 211
25800 191 211
25810 194 211
25820 196 211
25830 200 211
25840 202 211
25850 202 211
25860 193 211
25870 189 211
25880 186 211
25890 188 211
25900 189 211
25910 189 211
25920 187 211
25930 183 211
25940 186 211
25950 180 211
25960 188 211
25970 188 211
25980 190 211
25990 195 211
26000 202 211
26010 196 211
26020 191 211
26030 188 211
26040 189 211
26050 194 211
26060 185 211
26070 191 211
26080 192 211
26090 194 211
26100 192 211
26110 198 211
26120 194 211
26130 189 211
26140 187 211
26150 185 211
26160 189 211
26170 192 211
26180 189 211
26190 187 211
26200 185 211
26210 180 211
26220 184 211
26230 190 211
26240 196 211
26250 190 211
26260 189 211
26270 195 211
26280 197 211
26290 196 211
26300 198 211
26310 190 211
26320 190 211
26330 205 211
26340 201 211
26350 195 211
26360 202 211
26370 195 211
26380 194 211
26390 195 211
26400 190 211
26410 192 211
26420 197 211
26430 195 211
26440 192 211
26450 186 211
26460 198 211
26470 192 211
26480 191 211
26490 188 211
26500 175 211
26510 176 211
26520 177 211
26530 182 211
26540 181 211
26550 181 211
26560 181 211
26570 182 211
26580 190 211
26590 185 211
26600 190 211
26610 193 211
26620 193 211
26630 184 211
26640 179 211
26650 184 211
26660 190 211
26670 193 211
26680 188 211
26690 177 211
26700 172 211
26710 170 211
26720 174 211
26730 171 211
26740 177 211
26750 181 211
26760 177 211
26770 177 211
26780 186 211
26790 190 211
26800 190 211
26810 192 211
26820 198 211
26830 196 211
26840 205 211
26850 204 211
26860 195 211
26870 202 211
26880 198 211
26890 185 211
26900 184 211
26910 184 211
26920 185 211
26930 182 211
26940 181 211
26950 180 211
26960 181 211
26970 182 211
26980 180 211
26990 184 211
27000 190 211
27010 189 211
27020 187 211
27030 187 211
27040 182 211
27050 186 211
27060 187 211
27070 192 211
27080 185 211
27090 193 211
27100 197 211
27110 197 211
27120 199 211
27130 196 211
27140 189 211
27150 190 211
27160 189 211
27170 182 211
27180 185 211
27190 178 211
27200 184 211
27210 184 211
27220 185 211
27230 187 211
27240 192 211
27250 190 211
27260 188 211
27270 198 211
27280 202 211
27290 203 211
27300 198 211
27310 200 211
27320 197 211
27330 188 211
27340 191 211
27350 194 211
27360 197 211
27370 198 211
27380 193 211
27390 197 211
27400 196 211
27410 200 211
27420 198 211
27430 195 211
27440 194 211
27450 195 211
27460 205 211
27470 203 211
27480 199 211
27490 204 211
27500 195 211
27510 200 211
27520 199 211
27530 189 211
27540 190 211
27550 194 211
27560 194 211
27570 188 211
27580 183 211
27590 194 211
27600 185 211
27610 182 211
27620 185 211
27630 186 211
27640 188 211
27650 192 211
27660 194 211
27670 201 211
27680 190 211
27690 192 211
27700 197 211
27710 198 211
27720 194 211
27730 192 211
27740 195 211
27750 193 211
27760 194 211
27770 197 211
27780 199 211
27790 190 211
27800 182 211
27810 176 211
27820 177 211
27830 189 211
27840 185 211
27850 183 211
27860 195 211
27870 199 211
27880 199 211
27890 200 211
27900 194 211
27910 198 211
27920 196 211
27930 192 211
27940 194 211
27950 191 211
27960 187 211
27970 191 211
27980 188 211
27990 189 211
28000 189 211
28010 198 211
28020 202 211
28030 197 211
28040 190 211
28050 191 211
28060 189 211
28070 190 211
28080 196 211
28090 191 211
28100 191 211
28110 185 211
28120 195 211
28130 188 211
28140 180 211
28150 174 211
28160 169 211
28170 173 211
28180 172 211
28190 185 211
28200 187 211
28210 189 211
28220 189 211
28230 190 211
28240 187 211
28250 187 211
28260 189 211
28270 190 211
28280 191 211
28290 189 211
28300 184 211
28310 185 211
28320 191 211
28330 191 211
28340 189 211
28350 193 211
28360 198 211
28370 201 211
28380 206 211
28390 190 211
28400 191 211
28410 197 211
28420 204 211
28430 193 211
28440 198 211
28450 196 211
28460 191 211
28470 188 211
28480 189 211
28490 186 211
28500 188 211
28510 186 211
28520 189 211
28530 196 211
28540 195 211
28550 197 211
28560 193 211
28570 185 211
28580 191 211
28590 196 211
28600 190 211
28610 192 211
28620 191 211
28630 193 211
28640 196 211
28650 193 211
28660 194 211
28670 198 211
28680 202 211
28690 195 211
28700 188 211
28710 187 211
28720 191 211
28730 194 211
28740 184 211
28750 185 211
28760 187 211
28770 191 211
28780 198 211
28790 191 211
28800 195 211
28810 196 211
28820 188 211
28830 189 211
28840 190 211
28850 185 211
28860 182 211
28870 179 211
28880 182 211
28890 179 211
28900 177 211
28910 178 211
28920 175 211
28930 174 211
28940 177 211
28950 183 211
28960 184 211
28970 189 211
28980 194 211
28990 194 211
29000 185 211
29010 182 211
29020 190 211
29030 192 211
29040 195 211
29050 194 211
29060 192 211
29070 192 211
29080 200 211
29090 200 211
29100 193 211
29110 187 211
29120 191 211
29130 194 211
29140 187 211
29150 179 211
29160 179 211
29170 181 211
29180 186 211
29190 183 211
29200 183 211
29210 187 211
29220 184 211
29230 183 211
29240 196 211
29250 189 211
29260 191 211
29270 194 211
29280 194 211
29290 186 211
29300 185 211
29310 180 211
29320 181 211
29330 182 211
29340 194 211
29350 196 211
29360 190 211
29370 191 211
29380 192 211
29390 198 211
29400 200 211
29410 201 211
29420 204 211
29430 199 211
29440 190 211
29450 182 211
29460 182 211
29470 193 211
29480 193 211
29490 195 211
29500 190 211
29510 186 211
29520 185 211
29530 185 211
29540 184 211
29550 182 211
29560 185 211
29570 190 211
29580 189 211
29590 188 211
29600 186 211
29610 189 211
29620 190 211
29630 186 211
29640 189 211
29650 190 211
29660 193 211
29670 190 211
29680 193 211
29690 197 211
29700 194 211
29710 194 211
29720 199 211
29730 199 211
29740 192 211
29750 189 211
29760 188 211
29770 189 211
29780 186 211
29790 188 211
29800 189 211
29810 195 211
29820 191 211
29830 198 211
29840 194 211
29850 199 211
29860 201 211
29870 197 211
29880 195 211
29890 190 211
29900 194 211
29910 196 211
29920 199 211
29930 197 211
29940 199 211
29950 204 211
29960 199 211
29970 199 211
29980 208 211
29990 206 211
30000 214 214
30010 201 215
30020 194 215
30030 198 215
30040 190 215
30050 193 215
30060 189 215
30070 188 215
30080 195 215
30090 191 215
30100 183 215
30110 178 215
30120 180 215
30130 176 215
30140 184 215
30150 186 215
30160 180 215
30170 184 215
30180 186 215
30190 194 215
30200 198 215
30210 190 215
30220 194 215
30230 194 215
30240 201 215
30250 198 215
30260 192 215
30270 195 215
30280 196 215
30290 194 215
30300 200 215
30310 197 215
30320 193 215
30330 200 215
30340 193 215
30350 201 215
30360 200 215
30370 199 215
30380 197 215
30390 193 215
30400 195 215
30410 189 215
30420 189 215
30430 196 215
30440 193 215
30450 192 215
30460 192 215
30470 188 215
30480 197 215
30490 199 215
30500 196 215
30510 195 215
30520 200 215
30530 192 215
30540 198 215
30550 196 215
30560 202 215
30570 192 215
30580 192 215
30590 188 215
30600 192 215
30610 192 215
30620 195 215
30630 195 215
30640 203 215
30650 200 215
30660 204 215
30670 192 215
30680 182 215
30690 184 215
30700 186 215
30710 183 215
30720 185 215
30730 191 215
30740 184 215
30750 184 215
30760 175 215
30770 177 215
30780 177 215
30790 181 215
30800 184 215
30810 185 215
30820 187 215
30830 189 215
30840 182 215
30850 182 215
30860 182 215
30870 186 215
30880 188 215
30890 184 215
30900 188 215
30910 195 215
30920 199 215
30930 200 215
30940 204 215
30950 193 215
30960 196 215
30970 194 215
30980 197 215
30990 193 215
31000 200 215
31010 193 215
31020 189 215
31030 192 215
31040 194 215
31050 192 215
31060 190 215
31070 190 215
31080 200 215
31090 202 215
31100 189 215
31110 188 215
31120 189 215
31130 189 215
31140 191 215
31150 186 215
31160 184 215
31170 187 215
31180 184 215
31190 188 215
31200 192 215
31210 182 215
31220 188 215
31230 187 215
31240 183 215
31250 181 215
31260 183 215
31270 189 215
31280 187 215
31290 190 215
31300 185 215
31310 186 215
31320 188 215
31330 184 215
31340 184 215
31350 189 215
31360 187 215
31370 190 215
31380 194 215
31390 189 215
31400 191 215
31410 184 215
31420 188 215
31430 183 215
31440 184 215
31450 184 215
31460 181 215
31470 188 215
31480 187 215
31490 196 215
31500 194 215
31510 196 215
31520 194 215
31530 197 215
31540 192 215
31550 192 215
31560 191 215
31570 193 215
31580 190 215
31590 199 215
31600 181 215
31610 186 215
31620 198 215
31630 198 215
31640 205 215
31650 199 215
31660 189 215
31670 185 215
31680 187 215
31690 187 215
31700 185 215
31710 178 215
31720 184 215
31730 181 215
31740 182 215
31750 184 215
31760 197 215
31770 193 215
31780 192 215
31790 191 215
31800 187 215
31810 186 215
31820 192 215
31830 191 215
31840 197 215
31850 187 215
31860 192 215
31870 189 215
31880 191 215
31890 189 215
31900 188 215
31910 200 215
31920 207 215
31930 198 215
31940 199 215
31950 197 215
31960 197 215
31970 199 215
31980 199 215
31990 184 215
32000 180 215
32010 180 215
32020 178 215
32030 183 215
32040 180 215
32050 178 215
32060 184 215
32070 185 215
32080 188 215
32090 194 215
32100 194 215
32110 197 215
32120 197 215
32130 193 215
32140 194 215
32150 191 215
32160 193 215
32170 198 215
32180 194 215
32190 183 215
32200 183 215
32210 180 215
32220 180 215
32230 179 215
32240 178 215
32250 184 215
32260 181 215
32270 186 215
32280 191 215
32290 185 215
32300 190 215
32310 186 215
32320 190 215
32330 192 215
32340 197 215
32350 192 215
32360 196 215
32370 193 215
32380 205 215
32390 207 215
32400 201 215
32410 196 215
32420 202 215
32430 194 215
32440 191 215
32450 192 215
32460 196 215
32470 194 215
32480 178 215
32490 177 215
32500 177 215
32510 180 215
32520 180 215
32530 184 215
32540 180 215
32550 181 215
32560 176 215
32570 184 215
32580 191 215
32590 188 215
32600 187 215
32610 192 215
32620 190 215
32630 188 215
32640 194 215
32650 195 215
32660 202 215
32670 202 215
32680 193 215
32690 197 215
32700 193 215
32710 197 215
32720 196 215
32730 193 215
32740 186 215
32750 185 215
32760 182 215
32770 190 215
32780 191 215
32790 183 215
32800 181 215
32810 194 215
32820 188 215
32830 181 215
32840 184 215
32850 195 215
32860 194 215
32870 196 215
32880 197 215
32890 197 215
32900 185 215
32910 186 215
32920 187 215
32930 193 215
32940 189 215
32950 181 215
32960 192 215
32970 192 215
32980 192 215
32990 190 215
33000 202 215
33010 196 215
33020 195 215
33030 189 215
33040 186 215
33050 192 215
33060 188 215
33070 191 215
33080 195 215
33090 196 215
33100 193 215
33110 192 215
33120 197 215
33130 197 215
33140 193 215
33150 197 215
33160 190 215
33170 192 215
33180 189 215
33190 185 215
33200 182 215
33210 187 215
33220 192 215
33230 188 215
33240 186 215
33250 194 215
33260 195 215
33270 190 215
33280 192 215
33290 187 215
33300 185 215
33310 185 215
33320 191 215
33330 189 215
33340 188 215
33350 186 215
33360 183 215
33370 179 215
33380 179 215
33390 182 215
33400 182 215
33410 183 215
33420 184 215
33430 189 215
33440 184 215
33450 190 215
33460 191 215
33470 191 215
33480 191 215
33490 189 215
33500 190 215
33510 188 215
33520 191 215
33530 183 215
33540 183 215
33550 186 215
33560 183 215
33570 184 215
33580 188 215
33590 193 215
33600 192 215
33610 197 215
33620 198 215
33630 194 215
33640 195 215
33650 191 215
33660 193 215
33670 189 215
33680 194 215
33690 199 215
33700 201 215
33710 198 215
33720 203 215
33730 196 215
33740 189 215
33750 195 215
33760 194 215
33770 191 215
33780 194 215
33790 179 215
33800 176 215
33810 177 215
33820 181 215
33830 178 215
33840 171 215
33850 165 215
33860 173 215
33870 179 215
33880 171 215
33890 173 215
33900 166 215
33910 168 215
33920 177 215
33930 180 215
33940 175 215
33950 183 215
33960 187 215
33970 185 215
33980 189 215
33990 183 215
34000 188 215
34010 187 215
34020 182 215
34030 178 215
34040 176 215
34050 177 215
34060 171 215
34070 178 215
34080 172 215
34090 178 215
34100 181 215
34110 191 215
34120 188 215
34130 187 215
34140 190 215
34150 190 215
34160 192 215
34170 186 215
34180 195 215
34190 198 215
34200 201 215
34210 192 215
34220 183 215
34230 186 215
34240 185 215
34250 191 215
34260 182 215
34270 189 215
34280 192 215
34290 187 215
34300 194 215
34310 192 215
34320 198 215
34330 201 215
34340 196 215
34350 195 215
34360 196 215
34370 199 215
34380 199 215
34390 190 215
34400 188 215
34410 183 215
34420 191 215
34430 189 215
34440 187 215
34450 187 215
34460 195 215
34470 194 215
34480 193 215
34490 192 215
34500 188 215
34510 185 215
34520 195 215
34530 191 215
34540 194 215
34550 190 215
34560 187 215
34570 186 215
34580 190 215
34590 182 215
34600 179 215
34610 180 215
34620 184 215
34630 181 215
34640 178 215
34650 182 215
34660 185 215
34670 179 215
34680 183 215
34690 184 215
34700 189 215
34710 185 215
34720 185 215
34730 188 215
34740 194 215
34750 187 215
34760 192 215
34770 193 215
34780 199 215
34790 200 215
34800 199 215
34810 193 215
34820 190 215
34830 198 215
34840 190 215
34850 193 215
34860 190 215
34870 192 215
34880 192 215
34890 188 215
34900 189 215
34910 191 215
34920 182 215
34930 179 215
34940 182 215
34950 178 215
34960 170 215
34970 174 215
34980 178 215
34990 181 215
35000 183 215
35010 177 215
35020 175 215
35030 176 215
35040 169 215
35050 164 215
35060 171 215
35070 170 215
35080 177 215
35090 186 215
35100 186 215
35110 186 215
35120 186 215
35130 183 215
35140 189 215
35150 174 215
35160 175 215
35170 176 215
35180 182 215
35190 189 215
35200 192 215
35210 188 215
35220 188 215
35230 188 215
35240 199 215
35250 194 215
35260 195 215
35270 195 215
35280 188 215
35290 190 215
35300 194 215
35310 194 215
35320 187 215
35330 178 215
35340 177 215
35350 172 215
35360 170 215
35370 177 215
35380 175 215
35390 174 215
35400 170 215
35410 171 215
35420 168 215
35430 170 215
35440 170 215
35450 173 215
35460 172 215
35470 171 215
35480 172 215
35490 169 215
35500 168 215
35510 166 215
35520 168 215
35530 168 215
35540 168 215
35550 166 215
35560 169 215
35570 169 215
35580 172 215
35590 174 215
35600 172 215
35610 174 215
35620 179 215
35630 171 215
35640 175 215
35650 178 215
35660 174 215
35670 172 215
35680 173 215
35690 176 215
35700 178 215
35710 184 215
35720 190 215
35730 189 215
35740 182 215
35750 196 215
35760 194 215
35770 192 215
35780 195 215
35790 196 215
35800 192 215
35810 191 215
35820 192 215
35830 196 215
35840 192 215
35850 184 215
35860 182 215
35870 189 215
35880 197 215
35890 190 215
35900 191 215
35910 188 215
35920 191 215
35930 197 215
35940 195 215
35950 188 215
35960 182 215
35970 177 215
35980 169 215
35990 164 215
36000 175 215
36010 185 215
36020 186 215
36030 189 215
36040 194 215
36050 203 215
36060 201 215
36070 207 215
36080 208 215
36090 216 224
36100 206 224
36110 194 224
36120 189 224
36130 209 224
36140 201 224
36150 194 224
36160 205 224
36170 202 224
36180 209 224
36190 206 224
36200 208 224
36210 206 224
36220 219 224
36230 210 224
36240 208 224
36250 207 224
36260 208 224
36270 205 224
36280 201 224
36290 217 224
36300 210 224
36310 208 224
36320 198 224
36330 203 224
36340 206 224
36350 206 224
36360 215 224
36370 214 224
36380 199 224
36390 199 224
36400 200 224
36410 196 224
36420 201 224
36430 198 224
36440 209 224
36450 201 224
36460 206 224
36470 210 224
36480 211 224
36490 212 224
36500 213 224
36510 209 224
36520 201 224
36530 200 224
36540 199 224
36550 200 224
36560 204 224
36570 202 224
36580 209 224
36590 196 224
36600 202 224
36610 214 224
36620 213 224
36630 228 228
36640 233 234
36650 223 235
36660 212 235
36670 211 235
36680 214 235
36690 220 235
36700 225 235
36710 208 235
36720 214 235
36730 218 235
36740 219 235
36750 212 235
36760 213 235
36770 209 235
36780 214 235
36790 220 235
36800 215 235
36810 211 235
36820 225 235
36830 219 235
36840 221 235
36850 217 235
36860 223 235
36870 234 239
36880 230 239
36890 217 239
36900 219 239
36910 217 239
36920 228 239
36930 226 239
36940 219 239
36950 208 239
36960 221 239
36970 218 239
36980 222 239
36990 225 239
37000 229 239
37010 220 239
37020 209 239
37030 214 239
37040 224 239
37050 206 239
37060 223 239
37070 227 239
37080 218 239
37090 215 239
37100 223 239
37110 222 239
37120 214 239
37130 212 239
37140 214 239
37150 221 239
37160 222 239
37170 212 239
37180 216 239
37190 229 239
37200 232 239
37210 236 239
37220 222 239
37230 225 239
37240 218 239
37250 213 239
37260 213 239
37270 220 239
37280 227 239
37290 229 245
37300 241 245
37310 234 247
37320 223 247
37330 225 247
37340 215 247
37350 227 247
37360 228 247
37370 235 247
37380 237 247
37390 228 247
37400 222 247
37410 229 247
37420 237 247
37430 228 247
37440 224 247
37450 234 247
37460 200 247
37470 215 247
37480 224 247
37490 230 247
37500 226 247
37510 230 247
37520 218 247
37530 225 247
37540 215 247
37550 220 247
37560 222 247
37570 219 247
37580 225 247
37590 215 247
37600 241 247
37610 237 247
37620 238 247
37630 219 247
37640 222 247
37650 222 247
37660 228 247
37670 217 247
37680 226 247
37690 222 247
37700 216 247
37710 218 247
37720 213 247
37730 246 247
37740 235 252
37750 217 252
37760 213 252
37770 222 252
37780 201 252
37790 180 252
37800 195 252
37810 227 252
37820 225 252
37830 238 252
37840 239 252
37850 232 252
37860 239 252
37870 255 263
37880 245 263
37890 224 263
37900 235 263
37910 231 263
37920 241 263
37930 231 263
37940 223 263
37950 223 263
37960 232 263
37970 235 263
37980 254 263
37990 225 263
38000 239 263
38010 253 263
38020 238 263
38030 251 263
38040 229 263
38050 220 263
38060 223 263
38070 225 263
38080 232 263
38090 228 263
38100 228 263
38110 223 263
38120 230 263
38130 240 263
38140 231 263
38150 235 263
38160 236 263
38170 220 263
38180 209 263
38190 230 263
38200 243 263
38210 229 263
38220 245 263
38230 234 263
38240 222 263
38250 221 263
38260 246 263
38270 226 263
38280 222 263
38290 212 263
38300 224 263
38310 229 263
38320 228 263
38330 230 263
38340 245 263
38350 240 263
38360 213 263
38370 227 263
38380 244 263
38390 216 263
38400 223 263
38410 221 263
38420 242 263
38430 247 263
38440 251 263
38450 235 263
38460 238 263
38470 235 263
38480 241 263
38490 257 263
38500 244 263
38510 246 268
38520 237 268
38530 249 268
38540 246 268
38550 245 268
38560 228 268
38570 220 268
38580 222 268
38590 234 268
38600 231 268
38610 239 268
38620 243 268
38630 247 268
38640 239 268
38650 238 268
38660 249 268
38670 247 268
38680 225 268
38690 236 268
38700 227 268
38710 234 268
38720 232 268
38730 231 268
38740 252 268
38750 244 268
38760 225 268
38770 246 268
38780 233 268
38790 244 268
38800 241 268
38810 254 268
38820 220 268
38830 230 268
38840 227 268
38850 238 268
38860 251 268
38870 216 268
38880 219 268
38890 242 268
38900 231 268
38910 218 268
38920 236 268
38930 234 268
38940 239 268
38950 230 268
38960 220 268
38970 215 268
38980 232 268
38990 249 268
39000 221 268
39010 233 268
39020 240 268
39030 231 268
39040 228 268
39050 238 268
39060 249 268
39070 246 268
39080 239 268
39090 258 268
39100 238 269
39110 240 269
39120 243 269
39130 249 269
39140 233 269
39150 257 269
39160 243 269
39170 229 269
39180 240 269
39190 238 269
39200 226 269
39210 250 269
39220 247 269
39230 235 269
39240 236 269
39250 238 269
39260 233 269
39270 222 269
39280 228 269
39290 229 269
39300 222 269
39310 228 269
39320 250 269
39330 230 269
39340 217 269
39350 239 269
39360 245 269
39370 240 269
39380 229 269
39390 237 269
39400 235 269
39410 250 269
39420 234 269
39430 231 269
39440 258 269
39450 222 269
39460 223 269
39470 240 269
39480 222 269
39490 226 269
39500 260 269
39510 219 269
39520 227 269
39530 240 269
39540 261 269
39550 230 269
39560 240 269
39570 242 269
39580 230 269
39590 238 269
39600 235 269
39610 243 269
39620 244 269
39630 222 269
39640 255 269
39650 228 269
39660 244 269
39670 235 269
39680 221 269
39690 243 269
39700 236 269
39710 236 269
39720 232 269
39730 229 269
39740 217 269
39750 228 269
39760 255 269
39770 242 269
39780 221 269
39790 225 269
39800 218 269
39810 242 269
39820 255 269
39830 225 269
39840 236 269
39850 226 269
39860 225 269
39870 225 269
39880 235 269
39890 238 269
39900 245 269
39910 222 269
39920 213 269
39930 242 269
39940 247 269
39950 268 270
39960 248 270
39970 242 270
39980 223 270
39990 232 270
40000 243 270
40010 249 270
40020 225 270
40030 247 270
40040 243 270
40050 237 270
40060 263 270
40070 248 270
40080 218 270
40090 233 270
40100 239 270
40110 232 270
40120 235 270
40130 229 270
40140 241 270
40150 230 270
40160 244 270
40170 235 270
40180 232 270
40190 239 270
40200 246 270
40210 253 270
40220 243 270
40230 253 270
40240 238 270
40250 228 270
40260 247 270
40270 239 270
40280 246 270
40290 241 270
40300 252 270
40310 260 275
40320 241 275
40330 259 275
40340 251 275
40350 233 275
40360 242 275
40370 240 275
40380 248 275
40390 247 275
40400 251 275
40410 237 275
40420 244 275
40430 258 275
40440 249 275
40450 243 275
40460 240 275
40470 228 275
40480 228 275
40490 249 275
40500 246 275
40510 243 275
40520 267 275
40530 253 275
40540 249 275
40550 242 275
40560 242 275
40570 236 275
40580 236 275
40590 236 275
40600 231 275
40610 220 275
40620 241 275
40630 259 275
40640 233 275
40650 251 275
40660 253 275
40670 228 275
40680 265 275
40690 240 277
40700 252 277
40710 237 277
40720 236 277
40730 252 277
40740 240 277
40750 243 277
40760 253 277
40770 248 277
40780 253 277
40790 243 277
40800 249 277
40810 251 277
40820 256 277
40830 261 277
40840 254 277
40850 254 277
40860 270 298
40870 256 298
40880 242 298
40890 255 298
40900 244 298
40910 247 298
40920 262 298
40930 269 298
40940 246 298
40950 261 298
40960 256 298
40970 265 298
40980 264 298
40990 234 298
41000 258 298
41010 247 298
41020 246 298
41030 245 298
41040 247 298
41050 249 298
41060 248 298
41070 256 298
41080 249 298
41090 244 298
41100 243 298
41110 240 298
41120 244 298
41130 269 298
41140 241 298
41150 237 298
41160 243 298
41170 244 298
41180 237 298
41190 260 298
41200 268 298
41210 252 298
41220 260 298
41230 244 298
41240 255 298
41250 235 298
41260 257 298
41270 267 298
41280 268 298
41290 241 298
41300 240 298
41310 258 298
41320 242 298
41330 249 298
41340 276 298
41350 298 306
41360 294 307
41370 280 313
41380 263 313
41390 269 313
41400 255 313
41410 253 313
41420 268 313
41430 243 313
41440 270 313
41450 250 313
41460 290 313
41470 280 313
41480 279 313
41490 278 313
41500 291 313
41510 311 313
41520 342 346
41530 354 364
41540 360 364
41550 373 390
41560 376 403
41570 383 403
41580 375 403
41590 361 403
41600 368 403
41610 378 403
41620 420 420
41630 407 423
41640 401 423
41650 437 449
41660 449 453
41670 495 497
41680 466 504
41690 469 504
41700 478 504
41710 489 504
41720 504 507
41730 510 537
41740 539 542
41750 566 590
41760 546 590
41770 546 590
41780 568 590
41790 571 590
41800 571 590
41810 568 591
41820 570 593
41830 551 593
41840 555 593
41850 570 593
41860 579 593
41870 546 593
41880 558 593
41890 551 593
41900 568 593
41910 607 610
41920 570 616
41930 577 616
41940 530 616
41950 532 616
41960 510 616
41970 524 616
41980 525 616
41990 517 616
42000 527 616
42010 541 616
42020 557 616
42030 568 616
42040 617 626
42050 646 651
42060 665 667
42070 684 686
42080 699 711
42090 739 741
42100 765 774
42110 818 820
42120 827 836
42130 828 844
42140 855 862
42150 914 917
42160 936 936
42170 967 971
42180 963 971
42190 965 984
42200 972 984
42210 1004 1005
42220 1031 1032
42230 1055 1056
42240 1062 1063
42250 1056 1066
42260 1069 1075
42270 1084 1093
42280 1108 1110
42290 1115 1117
42300 1145 1146
42310 1155 1163
42320 1175 1178
42330 1205 1206
42340 1215 1218
42350 1249 1251
42360 1269 1276
42370 1296 1298
42380 1307 1310
42390 1316 1322
42400 1316 1322
42410 1336 1340
42420 1325 1340
42430 1313 1340
42440 1334 1340
42450 1351 1358
42460 1369 1370
42470 1367 1380
42480 1367 1380
42490 1374 1380
42500 1372 1380
42510 1372 1380
42520 1357 1380
42530 1348 1380
42540 1349 1380
42550 1319 1380
42560 1304 1380
42570 1261 1380
42580 1248 1380
42590 1214 1380
42600 1201 1380
42610 1206 1380
42620 1220 1380
42630 1229 1380
42640 1244 1380
42650 1269 1380
42660 1271 1380
42670 1275 1380
42680 1270 1380
42690 1278 1380
42700 1283 1380
42710 1290 1380
42720 1311 1380
42730 1332 1380
42740 1343 1380
42750 1338 1380
42760 1344 1380
42770 1350 1380
42780 1347 1380
42790 1344 1380
42800 1335 1380
42810 1338 1380
42820 1332 1380
42830 1307 1380
42840 1304 1380
42850 1293 1380
42860 1283 1380
42870 1261 1380
42880 1267 1380
42890 1270 1380
42900 1244 1380
42910 1240 1380
42920 1240 1380
42930 1255 1380
42940 1252 1380
42950 1248 1380
42960 1270 1380
42970 1277 1380
42980 1284 1380
42990 1286 1380
43000 1282 1380
43010 1265 1380
43020 1261 1380
43030 1259 1380
43040 1235 1380
43050 1240 1380
43060 1249 1380
43070 1254 1380
43080 1252 1380
43090 1262 1380
43100 1268 1380
43110 1255 1380
43120 1263 1380
43130 1259 1380
43140 1257 1380
43150 1259 1380
43160 1262 1380
43170 1235 1380
43180 1227 1380
43190 1256 1380
43200 1252 1380
43210 1262 1380
43220 1254 1380
43230 1250 1380
43240 1254 1380
43250 1267 1380
43260 1265 1380
43270 1284 1380
43280 1321 1380
43290 1333 1380
43300 1361 1380
43310 1376 1380
43320 1378 1386
43330 1392 1399
43340 1403 1408
43350 1424 1425
43360 1439 1441
43370 1429 1444
43380 1459 1459
43390 1463 1474
43400 1458 1474
43410 1460 1474
43420 1487 1487
43430 1493 1506
43440 1499 1513
43450 1497 1513
43460 1491 1513
43470 1521 1525
43480 1535 1540
43490 1522 1540
43500 1515 1540
43510 1532 1540
43520 1537 1542
43530 1528 1544
43540 1509 1544
43550 1485 1544
43560 1483 1544
43570 1479 1544
43580 1486 1544
43590 1468 1544
43600 1463 1544
43610 1464 1544
43620 1460 1544
43630 1463 1544
43640 1446 1544
43650 1463 1544
43660 1456 1544
43670 1461 1544
43680 1476 1544
43690 1500 1544
43700 1516 1544
43710 1513 1544
43720 1499 1544
43730 1497 1544
43740 1509 1544
43750 1490 1544
43760 1495 1544
43770 1499 1544
43780 1514 1544
43790 1523 1544
43800 1531 1544
43810 1514 1544
43820 1517 1544
43830 1552 1553
43840 1549 1562
43850 1594 1598
43860 1592 1606
43870 1580 1606
43880 1588 1606
43890 1570 1606
43900 1555 1606
43910 1564 1606
43920 1528 1606
43930 1525 1606
43940 1537 1606
43950 1527 1606
43960 1540 1606
43970 1551 1606
43980 1565 1606
43990 1574 1606
44000 1575 1606
44010 1571 1606
44020 1576 1606
44030 1576 1606
44040 1551 1606
44050 1552 1606
44060 1545 1606
44070 1527 1606
44080 1526 1606
44090 1523 1606
44100 1509 1606
44110 1481 1606
44120 1504 1606
44130 1512 1606
44140 1521 1606
44150 1533 1606
44160 1523 1606
44170 1528 1606
44180 1526 1606
44190 1530 1606
44200 1526 1606
44210 1501 1606
44220 1500 1606
44230 1506 1606
44240 1504 1606
44250 1495 1606
44260 1505 1606
44270 1527 1606
44280 1558 1606
44290 1558 1606
44300 1570 1606
44310 1563 1606
44320 1588 1606
44330 1585 1606
44340 1577 1606
44350 1590 1606
44360 1592 1606
44370 1581 1606
44380 1578 1606
44390 1555 1606
44400 1548 1606
44410 1578 1606
44420 1559 1606
44430 1584 1606
44440 1595 1606
44450 1613 1630
44460 1607 1630
44470 1594 1630
44480 1593 1630
44490 1578 1630
44500 1557 1630
44510 1562 1630
44520 1577 1630
44530 1574 1630
44540 1553 1630
44550 1578 1630
44560 1580 1630
44570 1598 1630
44580 1587 1630
44590 1608 1630
44600 1611 1630
44610 1610 1630
44620 1598 1630
44630 1564 1630
44640 1561 1630
44650 1573 1630
44660 1570 1630
44670 1588 1630
44680 1608 1630
44690 1626 1630
44700 1625 1638
44710 1614 1638
44720 1605 1638
44730 1592 1638
44740 1592 1638
44750 1600 1638
44760 1614 1638
44770 1619 1638
44780 1622 1638
44790 1625 1638
44800 1650 1651
44810 1631 1662
44820 1656 1662
44830 1664 1671
44840 1658 1671
44850 1653 1671
44860 1662 1671
44870 1635 1671
44880 1673 1673
44890 1631 1674
44900 1631 1674
44910 1603 1674
44920 1591 1674
44930 1601 1674
44940 1590 1674
44950 1597 1674
44960 1590 1674
44970 1580 1674
44980 1577 1674
44990 1607 1674
45000 1626 1674
45010 1636 1674
45020 1662 1674
45030 1684 1692
45040 1688 1698
45050 1658 1698
45060 1663 1698
45070 1672 1698
45080 1646 1698
45090 1611 1698
45100 1590 1698
45110 1594 1698
45120 1599 1698
45130 1560 1698
45140 1547 1698
45150 1537 1698
45160 1538 1698
45170 1521 1698
45180 1525 1698
45190 1552 1698
45200 1535 1698
45210 1532 1698
45220 1541 1698
45230 1530 1698
45240 1574 1698
45250 1567 1698
45260 1589 1698
45270 1619 1698
45280 1630 1698
45290 1622 1698
45300 1624 1698
45310 1606 1698
45320 1572 1698
45330 1537 1698
45340 1519 1698
45350 1527 1698
45360 1546 1698
45370 1552 1698
45380 1549 1698
45390 1552 1698
45400 1554 1698
45410 1576 1698
45420 1570 1698
45430 1553 1698
45440 1551 1698
45450 1529 1698
45460 1539 1698
45470 1528 1698
45480 1532 1698
45490 1537 1698
45500 1575 1698
45510 1575 1698
45520 1566 1698
45530 1558 1698
45540 1563 1698
45550 1568 1698
45560 1611 1698
45570 1606 1698
45580 1650 1698
45590 1632 1698
45600 1634 1698
45610 1636 1698
45620 1659 1698
45630 1690 1698
45640 1707 1712
45650 1689 1712
45660 1708 1719
45670 1727 1727
45680 1708 1739
45690 1688 1739
45700 1678 1739
45710 1686 1739
45720 1689 1739
45730 1712 1739
45740 1729 1739
45750 1726 1743
45760 1725 1743
45770 1712 1743
45780 1686 1743
45790 1698 1743
45800 1673 1743
45810 1682 1743
45820 1697 1743
45830 1734 1743
45840 1744 1750
45850 1767 1779
45860 1762 1779
45870 1770 1779
45880 1770 1781
45890 1760 1785
45900 1744 1785
45910 1708 1785
45920 1695 1785
45930 1669 1785
45940 1696 1785
45950 1708 1785
45960 1703 1785
45970 1706 1785
45980 1726 1785
45990 1721 1785
46000 1732 1785
46010 1694 1785
46020 1702 1785
46030 1700 1785
46040 1712 1785
46050 1711 1785
46060 1725 1785
46070 1714 1785
46080 1730 1785
46090 1713 1785
46100 1686 1785
46110 1680 1785
46120 1656 1785
46130 1663 1785
46140 1649 1785
46150 1658 1785
46160 1670 1785
46170 1654 1785
46180 1672 1785
46190 1718 1785
46200 1715 1785
46210 1716 1785
46220 1731 1785
46230 1752 1785
46240 1731 1785
46250 1739 1785
46260 1736 1785
46270 1732 1785
46280 1726 1785
46290 1690 1785
46300 1688 1785
46310 1666 1785
46320 1655 1785
46330 1653 1785
46340 1628 1785
46350 1611 1785
46360 1603 1785
46370 1596 1785
46380 1610 1785
46390 1595 1785
46400 1598 1785
46410 1602 1785
46420 1597 1785
46430 1610 1785
46440 1603 1785
46450 1592 1785
46460 1610 1785
46470 1579 1785
46480 1567 1785
46490 1579 1785
46500 1583 1785
46510 1624 1785
46520 1654 1785
46530 1682 1785
46540 1707 1785
46550 1740 1785
46560 1762 1785
46570 1748 1785
46580 1754 1785
46590 1796 1797
46600 1772 1807
46610 1796 1807
46620 1812 1824
46630 1792 1824
46640 1770 1824
46650 1763 1824
46660 1764 1824
46670 1752 1824
46680 1756 1824
46690 1754 1824
46700 1764 1824
46710 1741 1824
46720 1736 1824
46730 1698 1824
46740 1715 1824
46750 1726 1824
46760 1738 1824
46770 1729 1824
46780 1715 1824
46790 1740 1824
46800 1740 1824
46810 1743 1824
46820 1734 1824
46830 1755 1824
46840 1746 1824
46850 1733 1824
46860 1749 1824
46870 1753 1824
46880 1727 1824
46890 1741 1824
46900 1744 1824
46910 1732 1824
46920 1734 1824
46930 1757 1824
46940 1746 1824
46950 1744 1824
46960 1774 1824
46970 1771 1824
46980 1769 1824
46990 1766 1824
47000 1756 1824
47010 1757 1824
47020 1736 1824
47030 1729 1824
47040 1735 1824
47050 1757 1824
47060 1746 1824
47070 1784 1824
47080 1761 1824
47090 1759 1824
47100 1758 1824
47110 1718 1824
47120 1721 1824
47130 1711 1824
47140 1727 1824
47150 1748 1824
47160 1750 1824
47170 1751 1824
47180 1740 1824
47190 1768 1824
47200 1765 1824
47210 1778 1824
47220 1770 1824
47230 1747 1824
47240 1748 1824
47250 1730 1824
47260 1702 1824
47270 1708 1824
47280 1721 1824
47290 1732 1824
47300 1752 1824
47310 1747 1824
47320 1755 1824
47330 1707 1824
47340 1670 1824
47350 1670 1824
47360 1657 1824
47370 1653 1824
47380 1652 1824
47390 1652 1824
47400 1634 1824
47410 1596 1824
47420 1560 1824
47430 1502 1824
47440 1455 1824
47450 1407 1824
47460 1376 1824
47470 1362 1824
47480 1305 1824
47490 1252 1824
47500 1213 1824
47510 1183 1824
47520 1141 1824
47530 1132 1824
47540 1095 1824
47550 1075 1824
47560 1059 1824
47570 1045 1824
47580 1031 1824
47590 1033 1824
47600 1014 1824
47610 1001 1824
47620 982 1824
47630 969 1824
47640 971 1824
47650 1021 1824
47660 1011 1824
47670 1012 1824
47680 1042 1824
47690 1037 1824
47700 1034 1824
47710 1033 1824
47720 999 1824
47730 1003 1824
47740 971 1824
47750 964 1824
47760 936 1824
47770 900 1824
47780 884 1824
47790 885 1824
47800 828 1824
47810 809 1824
47820 811 1824
47830 762 1824
47840 751 1824
47850 711 1824
47860 640 1824
47870 605 1824
47880 555 1824
47890 553 1824
47900 526 1824
47910 507 1824
47920 455 1824
47930 461 1824
47940 441 1824
47950 457 1824
47960 429 1824
47970 434 1824
47980 415 1824
47990 372 1824
48000 442 1824
48010 502 1824
48020 548 1824
48030 654 1824
48040 702 1824
48050 772 1824
48060 822 1824
48070 900 1824
48080 964 1824
48090 1043 1824
48100 1101 1824
48110 1140 1824
48120 1210 1824
48130 1274 1824
48140 1370 1824
48150 1452 1824
48160 1495 1824
48170 1558 1824
48180 1623 1824
48190 1673 1824
48200 1713 1824
48210 1748 1824
48220 1771 1824
48230 1751 1824
48240 1773 1824
48250 1793 1824
48260 1807 1824
48270 1775 1824
48280 1793 1824
48290 1813 1824
48300 1805 1827
48310 1806 1827
48320 1807 1827
48330 1800 1827
48340 1808 1829
48350 1811 1829
48360 1786 1829
48370 1779 1829
48380 1739 1829
48390 1719 1829
48400 1694 1829
48410 1685 1829
48420 1695 1829
48430 1701 1829
48440 1691 1829
48450 1697 1829
48460 1742 1829
48470 1763 1829
48480 1785 1829
48490 1794 1829
48500 1787 1829
48510 1794 1829
48520 1789 1829
48530 1800 1829
48540 1802 1829
48550 1816 1829
48560 1845 1848
48570 1864 1867
48580 1866 1891
48590 1901 1910
48600 1911 1920
48610 1941 1951
48620 1942 1958
48630 1937 1959
48640 1957 1961
48650 1939 1966
48660 1967 1974
48670 1978 1994
48680 1936 1994
48690 1936 1994
48700 1958 1994
48710 1966 1994
48720 1977 1994
48730 1936 1994
48740 1916 1994
48750 1891 1994
48760 1863 1994
48770 1881 1994
48780 1877 1994
48790 1909 1994
48800 1918 1994
48810 1917 1994
48820 1933 1994
48830 1932 1994
48840 1926 1994
48850 1931 1994
48860 1920 1994
48870 1932 1994
48880 1973 1994
48890 1976 1994
48900 1980 1994
48910 1975 1994
48920 1976 1994
48930 1984 2003
48940 1968 2003
48950 1971 2003
48960 1937 2003
48970 1916 2003
48980 1889 2003
48990 1879 2003
49000 1849 2003
49010 1824 2003
49020 1827 2003
49030 1821 2003
49040 1824 2003
49050 1809 2003
49060 1810 2003
49070 1798 2003
49080 1811 2003
49090 1803 2003
49100 1815 2003
49110 1841 2003
49120 1831 2003
49130 1859 2003
49140 1891 2003
49150 1898 2003
49160 1877 2003
49170 1886 2003
49180 1887 2003
49190 1921 2003
49200 1925 2003
49210 1966 2003
49220 2013 2013
49230 2055 2061
49240 2081 2090
49250 2074 2090
49260 2063 2090
49270 2032 2090
49280 1964 2090
49290 1920 2090
49300 1918 2090
49310 1907 2090
49320 1886 2090
49330 1885 2090
49340 1866 2090
49350 1870 2090
49360 1838 2090
49370 1812 2090
49380 1847 2090
49390 1871 2090
49400 1913 2090
49410 1910 2090
49420 1906 2090
49430 1927 2090
49440 1882 2090
49450 1864 2090
49460 1863 2090
49470 1899 2090
49480 1893 2090
49490 1889 2090
49500 1908 2090
49510 1893 2090
49520 1867 2090
49530 1891 2090
49540 1888 2090
49550 1897 2090
49560 1892 2090
49570 1888 2090
49580 1924 2090
49590 1923 2090
49600 1924 2090
49610 1918 2090
49620 1915 2090
49630 1933 2090
49640 1966 2090
49650 1949 2090
49660 1947 2090
49670 1933 2090
49680 1932 2090
49690 1940 2090
49700 1955 2090
49710 1970 2090
49720 1978 2090
49730 1998 2090
49740 1986 2090
49750 1969 2090
49760 1942 2090
49770 1909 2090
49780 1906 2090
49790 1917 2090
49800 1918 2090
49810 1935 2090
49820 1952 2090
49830 2003 2090
49840 2012 2090
49850 1996 2090
49860 2008 2090
49870 1999 2090
49880 2014 2090
49890 2009 2090
49900 2027 2090
49910 2022 2090
49920 2048 2090
49930 2059 2090
49940 2082 2090
49950 2083 2095
49960 2062 2096
49970 2039 2096
49980 1984 2096
49990 1975 2096
50000 2006 2096
50010 1973 2096
50020 1989 2096
50030 2002 2096
50040 2022 2096
50050 2076 2096
50060 2060 2096
50070 2036 2096
50080 2021 2096
50090 1996 2096
50100 1987 2096
50110 1968 2096
50120 1968 2096
50130 1970 2096
50140 1991 2096
50150 1997 2096
50160 1996 2096
50170 2011 2096
50180 2046 2096
50190 2062 2096
50200 2049 2096
50210 2040 2096
50220 2010 2096
50230 2033 2096
50240 2054 2096
50250 2027 2096
50260 2031 2096
50270 2070 2096
50280 2071 2096
50290 2068 2096
50300 2036 2096
50310 2031 2096
50320 2040 2096
50330 2007 2096
50340 2040 2096
50350 2038 2096
50360 2079 2096
50370 2065 2096
50380 2075 2096
50390 2041 2096
50400 2047 2096
50410 2068 2096
50420 2094 2096
50430 2096 2111
50440 2107 2113
50450 2117 2126
50460 2130 2139
50470 2121 2139
50480 2108 2139
50490 2062 2139
50500 2064 2139
50510 2079 2139
50520 2069 2139
50530 2068 2139
50540 2074 2139
50550 2110 2139
50560 2097 2139
50570 2104 2139
50580 2057 2139
50590 2039 2139
50600 2037 2139
50610 2031 2139
50620 2026 2139
50630 2033 2139
50640 2026 2139
50650 1986 2139
50660 1951 2139
50670 2000 2139
50680 2002 2139
50690 2001 2139
50700 2022 2139
50710 2021 2139
50720 2034 2139
50730 1998 2139
50740 1964 2139
50750 1980 2139
50760 1945 2139
50770 1990 2139
50780 2011 2139
50790 2000 2139
50800 2003 2139
50810 2028 2139
50820 2066 2139
50830 2102 2139
50840 2079 2139
50850 2098 2139
50860 2114 2139
50870 2123 2139
50880 2072 2139
50890 2072 2139
50900 2044 2139
50910 2059 2139
50920 2008 2139
50930 2020 2139
50940 2035 2139
50950 2006 2139
50960 1999 2139
50970 2006 2139
50980 2046 2139
50990 2077 2139
51000 2110 2139
51010 2141 2154
51020 2155 2175
51030 2184 2196
51040 2186 2202
51050 2161 2202
51060 2149 2202
51070 2149 2202
51080 2126 2202
51090 2158 2202
51100 2188 2202
51110 2146 2202
51120 2210 2211
51130 2230 2231
51140 2191 2240
51150 2153 2240
51160 2166 2240
51170 2152 2240
51180 2175 2240
51190 2157 2240
51200 2127 2240
51210 2121 2240
51220 2160 2240
51230 2155 2240
51240 2142 2240
51250 2150 2240
51260 2164 2240
51270 2202 2240
51280 2193 2240
51290 2168 2240
51300 2159 2240
51310 2161 2240
51320 2193 2240
51330 2205 2240
51340 2191 2240
51350 2202 2240
51360 2221 2240
51370 2209 2240
51380 2171 2240
51390 2164 2240
51400 2194 2240
51410 2205 2240
51420 2209 2240
51430 2201 2240
51440 2215 2240
51450 2244 2247
51460 2248 2255
51470 2223 2255
51480 2225 2255
51490 2216 2255
51500 2224 2255
51510 2248 2257
51520 2243 2262
51530 2262 2268
51540 2259 2268
51550 2279 2286
51560 2270 2295
51570 2263 2295
51580 2236 2295
51590 2256 2295
51600 2263 2295
51610 2296 2301
51620 2314 2319
51630 2285 2319
51640 2289 2319
51650 2319 2328
51660 2288 2329
51670 2277 2329
51680 2270 2329
51690 2272 2329
51700 2258 2329
51710 2278 2329
51720 2294 2329
51730 2281 2329
51740 2276 2329
51750 2302 2329
51760 2329 2329
51770 2306 2335
51780 2338 2348
51790 2341 2357
51800 2377 2378
51810 2362 2397
51820 2377 2397
51830 2372 2397
51840 2353 2397
51850 2331 2397
51860 2312 2397
51870 2297 2397
51880 2311 2397
51890 2299 2397
51900 2276 2397
51910 2291 2397
51920 2307 2397
51930 2260 2397
51940 2220 2397
51950 2220 2397
51960 2254 2397
51970 2243 2397
51980 2188 2397
51990 2197 2397
52000 2206 2397
52010 2233 2397
52020 2252 2397
52030 2250 2397
52040 2273 2397
52050 2291 2397
52060 2327 2397
52070 2335 2397
52080 2345 2397
52090 2331 2397
52100 2340 2397
52110 2313 2397
52120 2286 2397
52130 2292 2397
52140 2276 2397
52150 2294 2397
52160 2261 2397
52170 2264 2397
52180 2286 2397
52190 2280 2397
52200 2288 2397
52210 2297 2397
52220 2316 2397
52230 2370 2397
52240 2382 2397
52250 2358 2397
52260 2338 2397
52270 2400 2404
52280 2410 2426
52290 2420 2439
52300 2455 2460
52310 2462 2486
52320 2516 2516
52330 2537 2543
52340 2483 2543
52350 2417 2543
52360 2390 2543
52370 2364 2543
52380 2343 2543
52390 2353 2543
52400 2354 2543
52410 2390 2543
52420 2375 2543
52430 2388 2543
52440 2334 2543
52450 2286 2543
52460 2289 2543
52470 2295 2543
52480 2281 2543
52490 2253 2543
52500 2274 2543
52510 2281 2543
52520 2299 2543
52530 2299 2543
52540 2302 2543
52550 2331 2543
52560 2369 2543
52570 2364 2543
52580 2354 2543
52590 2343 2543
52600 2382 2543
52610 2380 2543
52620 2354 2543
52630 2350 2543
52640 2352 2543
52650 2365 2543
52660 2402 2543
52670 2411 2543
52680 2404 2543
52690 2452 2543
52700 2411 2543
52710 2388 2543
52720 2406 2543
52730 2351 2543
52740 2364 2543
52750 2349 2543
52760 2367 2543
52770 2393 2543
52780 2408 2543
52790 2431 2543
52800 2288 2543
52810 1988 2543
52820 1732 2543
52830 1474 2543
52840 1289 2543
52850 1119 2543
52860 982 2543
52870 855 2543
52880 724 2543
52890 597 2543
52900 472 2543
52910 351 2543
52920 228 2543
52930 105 2543
52940 0 2543
