0 1 10
10 3.2 42
20 4.7 89
30 5.6 145
40 8.5 230
50 7 300
60 6.8 368
70 8.1 449
80 9.9 548
90 12.1 669
100 8.5 754
110 12.5 879
120 11.1 990
130 14.6 1136
140 10.2 1238
150 13 1368
160 11.7 1485
170 13 1615
180 13.7 1752
190 12.9 1881
200 11.7 1998
210 10.2 2100
220 12.3 2223
230 10.8 2331
240 12.7 2458
250 10.6 2564
260 11.8 2682
270 9.5 2777
280 14.8 2925
290 9.8 3023
300 14.8 3171
310 11.4 3285
320 14 3425
330 12.5 3550
340 18.1 3731
350 13.8 3869
360 12.6 3995
370 15.1 4146
380 10.6 4252
390 15.4 4406
400 13 4536
410 14 4676
420 11.9 4795
430 13.9 4934
440 13 5064
450 12.2 5186
460 11.7 5303
470 12 5423
480 11.7 5540
490 8.2 5622
500 17.6 5798
510 11.5 5913
520 9.8 6011
530 12.5 6136
540 12.3 6259
550 10.8 6367
560 10.1 6468
570 9.3 6561
580 13.8 6699
590 11.1 6810
600 7.5 6885
610 10.3 6988
620 16.6 7154
630 12.6 7280
640 9.4 7374
650 16.1 7535
660 19.2 7727
670 14.5 7872
680 8.8 7960
690 14.7 8107
700 15.3 8260
710 13.9 8399
720 11.4 8513
730 12 8633
740 12.8 8761
750 12.4 8885
760 14.1 9026
770 11.9 9145
780 12.6 9271
790 10.8 9379
800 19.4 9573
810 10.8 9681
820 12 9801
830 12.1 9922
840 12.6 10048
850 14.7 10195
860 11.2 10307
870 7.3 10380
880 13.1 10511
890 18.8 10699
900 8.8 10787
910 8 10867
920 6.8 10935
930 6.7 11002
940 7.4 11076
950 8.4 11160
960 2.7 11187
970 3.2 11219
980 5.1 11270
990 6.4 11334
1000 9.8 11432
1010 5.5 11487
1020 7.4 11561
1030 8.6 11647
1040 10.1 11748
1050 4.7 11795
1060 7.4 11869
1070 8.2 11951
1080 7.6 12027
1090 7 12097
1100 7.3 12170
1110 11.2 12282
1120 6.3 12345
1130 6.9 12414
1140 2.8 12442
1150 2.9 12471
1160 2.6 12497
1170 3.5 12532
1180 4.8 12580
1190 6.4 12644
1200 4.9 12693
1210 8.7 12780
1220 1.6 12796
1230 2.8 12824
1240 2.8 12852
1250 5.3 12905
1260 4.7 12952
1270 4.8 13000
1280 1.9 13019
1290 4.7 13066
1300 6.9 13135
1310 7.7 13212
1320 7.7 13289
1330 6.6 13355
1340 7.9 13434
1350 4.8 13482
1360 3.9 13521
1370 5.3 13574
1380 4.3 13617
1390 4.5 13662
1400 3.5 13697
1410 3.9 13736
1420 3.2 13768
1430 3.1 13799
1440 3.3 13832
1450 2 13852
1460 2.3 13875
1470 1 13885
1480 0.6 13891
1490 1.3 13904
1500 1.4 13918
1510 2.4 13942
1520 2.5 13967
1530 0.8 13975
1540 1 13985
1550 1.3 13998
1560 1.6 14014
1570 0.1 14015
1580 0 14015
1590 0 14015
1595 0 14015
