10 0.1 1
20 0.5 6
30 0.3 9
40 1.2 21
50 1.8 39
60 1.7 56
70 1.8 74
80 1.9 93
90 2.2 115
100 1.9 134
110 3.1 165
120 3.6 201
130 2.4 225
140 3.3 258
150 2.6 284
160 3.3 317
170 2.1 338
180 2.6 364
190 2.9 393
200 3.1 424
210 2.3 447
220 3.4 481
230 2.1 502
240 2.3 525
250 2.6 551
260 2.5 576
270 2.8 604
280 2.8 632
290 2.6 658
300 2.3 681
310 3.4 715
320 2.1 736
330 2.8 764
340 2.4 788
350 1.8 806
360 2.1 827
370 3 857
380 1.7 874
390 3.2 906
400 1.8 924
410 2.2 946
420 2 966
430 2.9 995
440 1.9 1014
450 2.6 1040
460 2.3 1063
470 2.4 1087
480 1.9 1106
490 2 1126
500 2.3 1149
510 1.7 1166
520 2.3 1189
530 1.8 1207
540 2.1 1228
550 2.4 1252
560 2.1 1273
570 2.8 1301
580 1.6 1317
590 2.1 1338
600 1.9 1357
610 2.2 1379
620 1.6 1395
630 3.2 1427
640 2 1447
650 1.5 1462
660 2.3 1485
670 1.7 1502
680 1.5 1517
690 0.9 1526
700 1.4 1540
710 2 1560
720 1.2 1572
730 1.2 1584
740 1.5 1599
750 1.9 1618
760 1.3 1631
770 1.6 1647
780 2 1667
790 1.3 1680
800 2.1 1701
810 1.5 1716
820 1.6 1732
830 1.6 1748
840 1.6 1764
850 1.6 1780
860 1.5 1795
870 1.2 1807
880 1.4 1821
890 2.1 1842
900 1.2 1854
910 1 1864
920 1.1 1875
930 1.9 1894
940 1.5 1909
950 2.8 1937
960 2.5 1962
970 2.5 1987
980 2.4 2011
990 3.2 2043
1000 4.4 2087
1010 2.6 2113
1020 2.9 2142
1030 2.5 2167
1040 1.8 2185
1050 2.4 2209
1060 2.2 2231
1070 2.2 2253
1080 2.5 2278
1090 2.4 2302
1100 2.3 2325
1110 1.9 2344
1120 2.1 2365
1130 2.2 2387
1140 1.8 2405
1150 0.9 2414
1160 0.6 2420
1170 0.4 2424
1180 0.6 2430
1190 1.2 2442
1200 1.5 2457
1210 2.7 2484
1220 0.4 2488
1230 0.8 2496
1240 0.7 2503
1250 1.2 2515
1260 0.9 2524
1270 2.1 2545
1280 0.5 2550
1290 0.8 2558
1300 2 2578
1310 2.5 2603
1320 2.7 2630
1330 1.9 2649
1340 1.9 2668
1350 2.9 2697
1360 3.2 2729
1370 2.2 2751
1380 2 2771
1390 1.9 2790
1400 1.9 2809
1410 2.3 2832
1420 1.9 2851
1430 2.2 2873
1440 3.4 2907
1450 2.5 2932
1460 2.7 2959
1470 1.2 2971
1480 1 2981
1490 1.4 2995
1500 2 3015
1510 6.3 3078
1520 4.5 3123
1530 2.3 3146
1540 2.6 3172
1550 3.5 3207
1560 4 3247
1570 3.7 3284
1580 1.6 3300
1590 0.6 3306
1595 0.1 3307
