0 3 3
10 9 6
20 17 8
30 23 6
40 29 6
50 28 -1
60 30 2
70 38 8
80 47 9
90 49 2
100 57 8
110 62 5
120 69 7
130 72 3
140 76 4
150 82 6
160 83 1
170 86 3
180 91 5
190 98 7
200 104 6
210 109 5
220 111 2
230 109 -2
240 113 4
250 116 3
260 119 3
270 136 17
280 138 2
290 146 8
300 151 5
310 172 21
320 190 18
330 202 12
340 222 20
350 203 -19
360 203 0
370 195 -8
380 201 6
390 199 -2
400 187 -12
410 188 1
420 194 6
430 189 -5
440 196 7
450 189 -7
460 201 12
470 201 0
480 195 -6
490 192 -3
500 181 -11
510 201 20
520 184 -17
530 191 7
540 188 -3
550 200 12
560 182 -18
570 189 7
580 190 1
590 176 -14
600 201 25
610 195 -6
620 201 6
630 186 -15
640 191 5
650 184 -7
660 201 17
670 203 2
680 191 -12
690 200 9
700 209 9
710 195 -14
720 192 -3
730 185 -7
740 183 -2
750 191 8
760 193 2
770 197 4
780 191 -6
790 190 -1
800 184 -6
810 187 3
820 195 8
830 183 -12
840 198 15
850 202 4
860 195 -7
870 193 -2
880 199 6
890 200 1
900 183 -17
910 178 -5
920 174 -4
930 169 -5
940 165 -4
950 157 -8
960 151 -6
970 148 -3
980 133 -15
990 112 -21
1000 91 -21
1010 89 -2
1020 89 0
1030 89 0
1040 89 0
1050 89 0
1060 89 0
1070 89 0
1080 89 0
1090 89 0
1100 89 0
1110 89 0
1120 89 0
1130 89 0
1140 89 0
1150 89 0
1160 89 0
1170 89 0
1180 89 0
1190 89 0
1200 89 0
1210 89 0
1220 89 0
1230 89 0
1240 89 0
1250 88 -1
1260 87 -1
1270 87 0
1280 86 -1
1290 85 -1
1300 84 -1
1310 84 0
1320 83 -1
1330 82 -1
1340 82 0
1350 82 0
1360 80 -2
1370 78 -2
1380 78 0
1390 77 -1
1400 76 -1
1410 75 -1
1420 75 0
1430 73 -2
1440 72 -1
1450 70 -2
1460 69 -1
1470 68 -1
1480 66 -2
1490 66 0
1500 66 0
1510 55 -11
1520 46 -9
1530 39 -7
1540 35 -4
1550 30 -5
1560 21 -9
1570 12 -9
1580 3 -9
1590 1 -2
1595 0 -1
