0 0.9 134.63156467013889 12.593246845075576 169.203125 125.956787109375 0 0
10 1.8 129.68215603298611 3.0727787880098973 169.203125 121.5458984375 134.63156467013889 9
20 2.1 130.64585658482142 3.4765965929570597 169.203125 121.5458984375 131.33195891203704 27
30 1.7 128.6459242876838 3.6173693047118904 169.203125 121.5458984375 131.03178914388022 48
40 2.5 129.32439453125005 3.31152588503946 169.203125 121.5458984375 130.4077937199519 65
50 1.4 130.17356654575892 4.628799536087642 169.203125 121.5458984375 130.10684950086807 90
60 1.6 130.74017333984375 3.8759342896762585 169.203125 121.5458984375 130.11583064152643 104
70 2.2 131.21983753551137 4.392561396815044 169.203125 121.5458984375 130.1990763346354 120
80 2.3 130.0166652513587 3.268943749465709 169.203125 121.5458984375 130.35722243617957 142
90 2.2 130.25757945667613 3.798512237086666 169.203125 121.5458984375 130.30975082859848 165
100 2 129.68129882812497 3.8245900655934433 169.203125 121.5458984375 130.30361302013702 187
110 1.4 129.35712541852678 4.182361667303449 169.203125 121.5458984375 130.24348604506338 207
120 2.5 128.556640625 3.8732466564120926 169.203125 121.5458984375 130.18733650311083 221
130 1.6 133.4486541748047 5.290821859557261 169.203125 121.5458984375 130.02161537728657 246
140 2.1 130.78438895089283 3.5427472028607125 169.203125 121.5458984375 130.23090018934877 262
150 2.4 132.00016276041669 6.502876976089674 169.203125 121.5458984375 130.27197179356227 283
160 2.1 140.10165550595238 22.310240750927253 203.909912109375 121.5458984375 130.40707467044993 307
170 1.7 131.43082203584558 6.021785337458489 203.909912109375 121.5458984375 131.02776429711318 328
180 2 132.12150878906246 9.68335298408934 203.909912109375 121.5458984375 131.04762511322463 345
190 2.9 133.62499999999997 10.352964563866813 203.909912109375 121.5458984375 131.10646805436642 365
200 1.9 134.87223735608552 21.21889900316836 223.71484375 121.5458984375 131.29184223310594 394
210 1.4 136.74243164062503 17.56170130529513 223.71484375 121.5458984375 131.45655774723818 413
220 1.4 132.24356515066964 7.711362747018892 223.71484375 121.5458984375 131.62986508800495 427
230 1.5 130.50146484375 5.074389900060039 223.71484375 121.5458984375 131.64934762967684 441
240 1.8 142.31778971354166 29.33854805609766 242.698974609375 121.5458984375 131.6115883275082 456
250 1.4 129.31678989955358 5.547700226273322 242.698974609375 121.5458984375 132.01815293710442 474
260 1.7 133.71011891084558 8.173696894689312 242.698974609375 121.5458984375 131.94065481717467 488
270 2.6 133.48388671875 14.557659223497314 242.698974609375 121.5458984375 132.00022093517944 505
280 2.3 129.5255710767663 3.8430362139913403 242.698974609375 121.5458984375 132.07286747072152 531
290 2.3 135.31953761888587 18.043334303382036 242.698974609375 121.5458984375 131.967113288301 554
300 3 132.88511555989584 6.673618514288642 242.698974609375 121.5458984375 132.10074545399155 577
310 4 133.1600463867188 13.577810555664719 242.698974609375 121.5458984375 132.13951168657331 607
320 4.6 137.29253885020378 20.46068299845984 242.698974609375 121.5458984375 132.20260502197644 647
330 4.1 130.7996915491616 5.563302046856753 242.698974609375 121.5458984375 132.54046498748647 693
340 4.9 139.9073162468113 24.987536812711536 280.8740234375 121.5458984375 132.44322832403782 734
350 4.6 144.76240340523094 29.63547523174627 280.8740234375 121.5458984375 132.91032961166988 783
360 3.6 132.12825520833334 7.0437374738062655 280.8740234375 121.5458984375 133.56798388730778 829
370 4.9 131.3243233816964 4.459815005277756 280.8740234375 121.5458984375 133.50806454344294 865
380 3.7 134.8221402554898 8.867009688473267 280.8740234375 121.5458984375 133.3909930807235 914
390 5 131.14777832031245 4.108116814872006 280.8740234375 121.5458984375 133.44667388563028 951
400 4.3 131.7469567587209 6.9867298294580795 280.8740234375 121.5458984375 133.3318439373127 1001
410 4.2 138.24322219122024 21.769729437199572 280.8740234375 121.5458984375 133.26656601712165 1044
420 5 138.68846191406254 18.078591408637628 280.8740234375 121.5458984375 133.45903338297077 1086
430 4.1 131.52082936356706 3.9986998744418325 280.8740234375 121.5458984375 133.68920189226176 1136
440 4.2 134.96753510974702 11.055583601281928 280.8740234375 121.5458984375 133.61366809984335 1177
450 3.4 133.00779813878677 4.146500401513579 280.8740234375 121.5458984375 133.66031487130846 1219
460 4.3 132.16398301235466 7.45088243201701 280.8740234375 121.5458984375 133.64260891048983 1253
470 3.8 131.48681640624994 4.597063480875171 280.8740234375 121.5458984375 133.59354956356097 1296
480 4 134.27042846679683 16.55205671149926 280.8740234375 121.5458984375 133.53353767452214 1334
490 4.7 135.9410530252659 12.286911609776327 280.8740234375 121.5458984375 133.55499009933362 1374
500 4.3 131.6058150890261 3.799747411951957 280.8740234375 121.5458984375 133.63390984424484 1421
510 3.8 135.01944772820724 11.832879218945338 280.8740234375 121.5458984375 133.5743414873634 1464
520 4.1 132.37101038490854 4.621793194276084 280.8740234375 121.5458984375 133.61090209798397 1502
530 3.8 131.9302850020559 5.7275211563333315 280.8740234375 121.5458984375 133.57795617430534 1543
540 4 134.87356567382813 12.851513637946967 280.8740234375 121.5458984375 133.5383537046371 1581
550 4.1 132.749481945503 5.558591454811478 280.8740234375 121.5458984375 133.57130156322293 1621
560 4.2 132.63663736979169 4.178723549017834 280.8740234375 121.5458984375 133.5510280347473 1662
570 4.7 133.9374428607048 10.432550708722525 280.8740234375 121.5458984375 133.5284902366674 1704
580 3.3 133.4665009469697 8.15034926193169 280.8740234375 121.5458984375 133.53946726312645 1751
590 0.2 133.3284912109375 5.4234619140625 280.8740234375 121.5458984375 133.53811754987916 1784
600 3.3 133.54338304924244 13.102647729565465 280.8740234375 121.5458984375 133.53788280593858 1786
610 6.2 130.62974892893143 4.049697819535181 280.8740234375 121.5458984375 133.53798259045152 1819
620 5 132.72744628906258 5.267885308426425 280.8740234375 121.5458984375 133.44212374568053 1881
630 6.3 131.91222950768855 3.576324742667011 280.8740234375 121.5458984375 133.42361837394003 1931
640 6.6 131.97470925071022 3.99037511622077 280.8740234375 121.5458984375 133.37586636863722 1994
650 6.6 134.47985839843756 9.729181299029344 280.8740234375 121.5458984375 133.3309749269949 2060
660 7.2 131.68210856119796 4.42801343997283 280.8740234375 121.5458984375 133.36664111190328 2126
670 5.4 131.93844491464117 3.771381432901414 280.8740234375 121.5458984375 133.31146079177097 2198
680 5.1 132.44666724111516 4.0198445619171315 280.8740234375 121.5458984375 133.27853767571193 2252
690 7.9 131.52443878560123 3.400489536289856 280.8740234375 121.5458984375 133.26011588145903 2303
700 6.2 132.3089796496976 4.215667817980217 280.8740234375 121.5458984375 133.20255144377103 2382
710 5.3 133.25683133107313 4.776821105588362 280.8740234375 121.5458984375 133.17988309220289 2444
720 7.5 133.20499674479169 4.268250577452829 280.8740234375 121.5458984375 133.18151635478205 2497
730 5 164.83888671874996 223.79318690594343 1731.065185546875 121.5458984375 133.18220104733678 2572
740 5.9 161.24824549788136 206.77968430000655 1735.695068359375 121.5458984375 133.78587544991902 2622
750 6.3 149.1290108816964 123.93437668879133 1735.695068359375 121.5458984375 134.39023197092976 2681
760 5.3 132.53262271521228 4.085894630286342 1735.695068359375 121.5458984375 134.7286223030647 2744
770 6.3 132.92420014880958 6.132232093803564 1735.695068359375 121.5458984375 134.68701058402425 2797
780 6.4 132.98363494873044 4.430293877827951 1735.695068359375 121.5458984375 134.64817944506672 2860
790 7.4 132.66043008340375 4.248318505175164 1735.695068359375 121.5458984375 134.61174618659697 2924
800 6.2 134.53164377520162 4.37437220924458 1735.695068359375 121.5458984375 134.56358161300247 2998
810 6 133.13978678385413 4.234878206879052 1735.695068359375 121.5458984375 134.56293450648494 3060
820 4.6 134.0144998301631 5.242955842930174 1735.695068359375 121.5458984375 134.53556628104974 3120
830 7.2 135.17161051432288 7.353513256673231 1735.695068359375 121.5458984375 134.5279955113906 3166
840 5 153.7118896484375 139.69278965979777 1735.695068359375 121.5458984375 134.54230690120255 3238
850 5.8 152.39929620150863 129.09189722203072 1735.695068359375 121.5458984375 134.83381515465808 3288
860 4.6 133.47388756793475 4.1141761670214585 1735.695068359375 121.5458984375 135.1382974919914 3346
870 7.2 133.8338860405816 4.5852746075815025 1735.695068359375 121.5458984375 135.11572589514395 3392
880 6.9 134.046337182971 3.862682806845979 1735.695068359375 121.5458984375 135.0890825725318 3464
890 4.6 135.8979651409647 5.189527073432914 1735.695068359375 121.5458984375 135.06871760455 3533
900 0.6 301.2052408854167 375.51764547656234 1735.695068359375 121.5458984375 135.0793757176193 3579
910 0.1 130.81201171875 0.0 1735.695068359375 121.5458984375 135.35741063840226 3585
920 0 0 0 1735.695068359375 121.5458984375 135.35614309826852 3586
930 0 0 0 1735.695068359375 121.5458984375 135.35614309826852 3586
940 0 0 0 1735.695068359375 121.5458984375 135.35614309826852 3586
950 0 0 0 1735.695068359375 121.5458984375 135.35614309826852 3586
960 0 0 0 1735.695068359375 121.5458984375 135.35614309826852 3586
970 0 0 0 1735.695068359375 121.5458984375 135.35614309826852 3586
980 0 0 0 1735.695068359375 121.5458984375 135.35614309826852 3586
990 0 0 0 1735.695068359375 121.5458984375 135.35614309826852 3586
1000 0 0 0 1735.695068359375 121.5458984375 135.35614309826852 3586
1010 0 0 0 1735.695068359375 121.5458984375 135.35614309826852 3586
1020 0 0 0 1735.695068359375 121.5458984375 135.35614309826852 3586
1030 0 0 0 1735.695068359375 121.5458984375 135.35614309826852 3586
1040 0 0 0 1735.695068359375 121.5458984375 135.35614309826852 3586
1050 0 0 0 1735.695068359375 121.5458984375 135.35614309826852 3586
1060 0 0 0 1735.695068359375 121.5458984375 135.35614309826852 3586
1070 0 0 0 1735.695068359375 121.5458984375 135.35614309826852 3586
1080 0 0 0 1735.695068359375 121.5458984375 135.35614309826852 3586
1090 0 0 0 1735.695068359375 121.5458984375 135.35614309826852 3586
1100 0 0 0 1735.695068359375 121.5458984375 135.35614309826852 3586
1110 0 0 0 1735.695068359375 121.5458984375 135.35614309826852 3586
1120 0 0 0 1735.695068359375 121.5458984375 135.35614309826852 3586
1130 0 0 0 1735.695068359375 121.5458984375 135.35614309826852 3586
1140 0 0 0 1735.695068359375 121.5458984375 135.35614309826852 3586
1150 0 0 0 1735.695068359375 121.5458984375 135.35614309826852 3586
1160 0 0 0 1735.695068359375 121.5458984375 135.35614309826852 3586
1170 0 0 0 1735.695068359375 121.5458984375 135.35614309826852 3586
1180 0 0 0 1735.695068359375 121.5458984375 135.35614309826852 3586
1190 0 0 0 1735.695068359375 121.5458984375 135.35614309826852 3586
1200 0 0 0 1735.695068359375 121.5458984375 135.35614309826852 3586
1210 0 0 0 1735.695068359375 121.5458984375 135.35614309826852 3586
1220 0 0 0 1735.695068359375 121.5458984375 135.35614309826852 3586
1230 0 0 0 1735.695068359375 121.5458984375 135.35614309826852 3586
1240 0 0 0 1735.695068359375 121.5458984375 135.35614309826852 3586
1250 0 0 0 1735.695068359375 121.5458984375 135.35614309826852 3586
1260 0 0 0 1735.695068359375 121.5458984375 135.35614309826852 3586
1270 0 0 0 1735.695068359375 121.5458984375 135.35614309826852 3586
1280 0 0 0 1735.695068359375 121.5458984375 135.35614309826852 3586
1290 0 0 0 1735.695068359375 121.5458984375 135.35614309826852 3586
1300 0 0 0 1735.695068359375 121.5458984375 135.35614309826852 3586
1310 0 0 0 1735.695068359375 121.5458984375 135.35614309826852 3586
1320 0 0 0 1735.695068359375 121.5458984375 135.35614309826852 3586
1330 0 0 0 1735.695068359375 121.5458984375 135.35614309826852 3586
1340 0 0 0 1735.695068359375 121.5458984375 135.35614309826852 3586
1350 0 0 0 1735.695068359375 121.5458984375 135.35614309826852 3586
1360 0 0 0 1735.695068359375 121.5458984375 135.35614309826852 3586
1370 0 0 0 1735.695068359375 121.5458984375 135.35614309826852 3586
1380 0 0 0 1735.695068359375 121.5458984375 135.35614309826852 3586
1390 0 0 0 1735.695068359375 121.5458984375 135.35614309826852 3586
1400 0 0 0 1735.695068359375 121.5458984375 135.35614309826852 3586
1410 0 0 0 1735.695068359375 121.5458984375 135.35614309826852 3586
1420 0 0 0 1735.695068359375 121.5458984375 135.35614309826852 3586
1430 0 0 0 1735.695068359375 121.5458984375 135.35614309826852 3586
1440 0 0 0 1735.695068359375 121.5458984375 135.35614309826852 3586
1450 0 0 0 1735.695068359375 121.5458984375 135.35614309826852 3586
1460 0 0 0 1735.695068359375 121.5458984375 135.35614309826852 3586
1470 0 0 0 1735.695068359375 121.5458984375 135.35614309826852 3586
1480 0 0 0 1735.695068359375 121.5458984375 135.35614309826852 3586
1490 0 0 0 1735.695068359375 121.5458984375 135.35614309826852 3586
1500 0 0 0 1735.695068359375 121.5458984375 135.35614309826852 3586
1510 0 0 0 1735.695068359375 121.5458984375 135.35614309826852 3586
1520 0 0 0 1735.695068359375 121.5458984375 135.35614309826852 3586
1530 0 0 0 1735.695068359375 121.5458984375 135.35614309826852 3586
1540 0 0 0 1735.695068359375 121.5458984375 135.35614309826852 3586
1550 0 0 0 1735.695068359375 121.5458984375 135.35614309826852 3586
1560 0 0 0 1735.695068359375 121.5458984375 135.35614309826852 3586
1570 0 0 0 1735.695068359375 121.5458984375 135.35614309826852 3586
1580 0 0 0 1735.695068359375 121.5458984375 135.35614309826852 3586
1590 0 0 0 1735.695068359375 121.5458984375 135.35614309826852 3586
1595 0 0 0 1735.695068359375 121.5458984375 135.35614309826852 3586
