0 0.7 7
10 1.2 19
20 1.5 34
30 0.8 42
40 2 62
50 1.4 76
60 1.4 90
70 1.4 104
80 1.4 118
90 2 138
100 1.3 151
110 0.8 159
120 1.8 177
130 1.3 190
140 1.7 207
150 1.9 226
160 1.9 245
170 1.4 259
180 1.5 274
190 2.2 296
200 1.3 309
210 1 319
220 1.1 330
230 1.7 347
240 1.4 361
250 1.1 372
260 1.5 387
270 1 397
280 2.1 418
290 1.5 433
300 2.3 456
310 1.9 475
320 2.8 503
330 2.9 532
340 2.9 561
350 6.7 628
360 3.4 662
370 5.7 719
380 3.1 750
390 5.2 802
400 5.5 857
410 4.2 899
420 4.4 943
430 4.5 988
440 3.6 1024
450 4 1064
460 3.3 1097
470 3.6 1133
480 4.6 1179
490 5.5 1234
500 5 1284
510 1.7 1301
520 6.2 1363
530 2.7 1390
540 4.3 1433
550 3 1463
560 5.9 1522
570 4.1 1563
580 3.1 1594
590 1.6 1610
600 0.9 1619
610 6.8 1687
620 4.3 1730
630 7.9 1809
640 6.4 1873
650 6.9 1942
660 5.7 1999
670 5.1 2050
680 6.3 2113
690 6.9 2182
700 5.3 2235
710 6.7 2302
720 7.8 2380
730 6 2440
740 5.8 2498
750 5.8 2556
760 5.3 2609
770 5.8 2667
780 6.7 2734
790 8 2814
800 6.3 2877
810 5.6 2933
820 4.2 2975
830 8.7 3062
840 3.5 3097
850 4.7 3144
860 5.3 3197
870 7.4 3271
880 6.3 3334
890 4.5 3379
900 2.3 3402
910 0.6 3408
920 0.4 3412
930 0.5 3417
940 0.4 3421
950 0.8 3429
960 0.6 3435
970 0.3 3438
980 1.5 3453
990 2.2 3475
1000 2 3495
1010 0.2 3497
1020 0 3497
1030 0 3497
1040 0 3497
1050 0 3497
1060 0 3497
1070 0 3497
1080 0 3497
1090 0 3497
1100 0 3497
1110 0 3497
1120 0 3497
1130 0 3497
1140 0 3497
1150 0 3497
1160 0 3497
1170 0 3497
1180 0 3497
1190 0 3497
1200 0 3497
1210 0 3497
1220 0 3497
1230 0 3497
1240 0 3497
1250 0.1 3498
1260 0.1 3499
1270 0 3499
1280 0.1 3500
1290 0.1 3501
1300 0.1 3502
1310 0 3502
1320 0.1 3503
1330 0.1 3504
1340 0 3504
1350 0 3504
1360 0.2 3506
1370 0.2 3508
1380 0 3508
1390 0.1 3509
1400 0.1 3510
1410 0.1 3511
1420 0 3511
1430 0.2 3513
1440 0.1 3514
1450 0.2 3516
1460 0.1 3517
1470 0.1 3518
1480 0.2 3520
1490 0 3520
1500 0 3520
1510 1.1 3531
1520 0.9 3540
1530 0.7 3547
1540 0.4 3551
1550 0.6 3557
1560 0.8 3565
1570 0.9 3574
1580 0.9 3583
1590 0.2 3585
1595 0.1 3586
