330 0.8 8
340 0.3 11
350 4.4 55
360 1.6 71
370 3 101
380 1.2 113
390 2 133
400 2.6 159
410 1.9 178
420 2 198
430 2.1 219
440 1.5 234
450 1.3 247
460 1 257
470 0.9 266
480 2.6 292
490 3.8 330
500 1.6 346
510 0.5 351
520 3.6 387
530 0.8 395
540 1.6 411
550 1.4 425
560 3.9 464
570 2 484
580 0.3 487
590 0 487
600 0.2 489
610 4.6 535
620 0.8 543
630 4.6 589
640 4.1 630
650 2.5 655
660 1.4 669
670 2.8 697
680 4.9 746
690 5.3 799
700 2.1 820
710 4.5 865
720 5.6 921
730 2.1 942
740 2.6 968
750 2.7 995
760 1.4 1009
770 3.9 1048
780 3.8 1086
790 4.7 1133
800 1.4 1147
810 4 1187
820 1.2 1199
830 5.2 1251
840 0.6 1257
850 3.1 1288
860 3.4 1322
870 6 1382
880 3.9 1421
890 0.5 1426
900 1 1436
910 0 1436
920 0 1436
930 0 1436
940 0 1436
950 0 1436
960 0 1436
970 0 1436
980 0 1436
990 0 1436
1000 0 1436
1010 0 1436
1020 0 1436
1030 0 1436
1040 0 1436
1050 0 1436
1060 0 1436
1070 0 1436
1080 0 1436
1090 0 1436
1100 0 1436
1110 0 1436
1120 0 1436
1130 0 1436
1140 0 1436
1150 0 1436
1160 0 1436
1170 0 1436
1180 0 1436
1190 0 1436
1200 0 1436
1210 0 1436
1220 0 1436
1230 0 1436
1240 0 1436
1250 0 1436
1260 0 1436
1270 0 1436
1280 0.1 1437
1290 0.1 1438
1300 0 1438
1310 0 1438
1320 0 1438
1330 0 1438
1340 0 1438
1350 0 1438
1360 0 1438
1370 0 1438
1380 0 1438
1390 0 1438
1400 0 1438
1410 0 1438
1420 0 1438
1430 0 1438
1440 0 1438
1450 0 1438
1460 0 1438
1470 0 1438
1480 0 1438
1490 0 1438
1500 0 1438
1510 0 1438
1520 0 1438
1530 0.2 1440
1540 0 1440
1550 0 1440
1560 0 1440
1570 0 1440
1580 0 1440
1590 0 1440
1595 0 1440
