0 1 10
10 3.3 43
20 5.2 95
30 5.9 154
40 9.7 251
50 8.8 339
60 8.5 424
70 9.9 523
80 11.8 641
90 14.3 784
100 10.4 888
110 15.5 1043
120 14.8 1191
130 17 1361
140 13.5 1496
150 15.6 1652
160 15 1802
170 15.1 1953
180 16.2 2115
190 15.9 2274
200 14.8 2422
210 12.5 2547
220 15.7 2704
230 12.9 2833
240 14.9 2982
250 13.3 3115
260 14.3 3258
270 12.2 3380
280 17.6 3556
290 12.4 3680
300 17 3850
310 15 4000
320 16.1 4161
330 15.3 4314
340 20.5 4519
350 15.6 4675
360 14.7 4822
370 18.1 5003
380 12.3 5126
390 18.6 5312
400 14.8 5460
410 16.2 5622
420 13.9 5761
430 16.8 5929
440 14.8 6077
450 14.9 6226
460 14 6366
470 14.4 6510
480 13.6 6646
490 10.2 6748
500 19.9 6947
510 13.2 7079
520 12.1 7200
530 14.3 7343
540 14.4 7487
550 13.2 7619
560 12.2 7741
570 12.1 7862
580 15.4 8016
590 13.2 8148
600 9.4 8242
610 12.5 8367
620 18.2 8549
630 15.8 8707
640 11.3 8820
650 17.7 8997
660 21.5 9212
670 16.2 9374
680 10.3 9477
690 15.6 9633
700 16.7 9800
710 15.9 9959
720 12.6 10085
730 13.2 10217
740 14.3 10360
750 14.3 10503
760 15.4 10657
770 13.5 10792
780 14.6 10938
790 12.1 11059
800 21.5 11274
810 12.3 11397
820 13.6 11533
830 13.7 11670
840 14.2 11812
850 16.3 11975
860 12.7 12102
870 8.5 12187
880 14.5 12332
890 20.9 12541
900 10 12641
910 9 12731
920 7.9 12810
930 8.6 12896
940 8.9 12985
950 11.2 13097
960 5.2 13149
970 5.7 13206
980 7.5 13281
990 9.6 13377
1000 14.2 13519
1010 8.1 13600
1020 10.3 13703
1030 11.1 13814
1040 11.9 13933
1050 7.1 14004
1060 9.6 14100
1070 10.4 14204
1080 10.1 14305
1090 9.4 14399
1100 9.6 14495
1110 13.1 14626
1120 8.4 14710
1130 9.1 14801
1140 4.6 14847
1150 3.8 14885
1160 3.2 14917
1170 3.8 14955
1180 5.5 15010
1190 7.6 15086
1200 6.4 15150
1210 11.4 15264
1220 2 15284
1230 3.6 15320
1240 3.5 15355
1250 6.5 15420
1260 5.6 15476
1270 6.9 15545
1280 2.4 15569
1290 5.5 15624
1300 8.9 15713
1310 10.1 15814
1320 10.4 15918
1330 8.6 16004
1340 9.8 16102
1350 7.7 16179
1360 7 16249
1370 7.6 16325
1380 6.3 16388
1390 6.4 16452
1400 5.4 16506
1410 6.1 16567
1420 5.1 16618
1430 5.4 16672
1440 6.7 16739
1450 4.5 16784
1460 4.9 16833
1470 2.3 16856
1480 1.6 16872
1490 2.7 16899
1500 3.4 16933
1510 8.7 17020
1520 7 17090
1530 3.1 17121
1540 3.6 17157
1550 4.7 17204
1560 5.7 17261
1570 3.8 17299
1580 1.6 17315
1590 0.6 17321
1595 0.1 17322
