0 1 176.7465087890625 46.37654806404638 230.3759765625 43.99609375 0 0
10 3.3 210.87725645123106 165.32835325491436 736.0380859375 40.136962890625 176.7465087890625 10
20 5.2 201.2442720853365 162.752231587654 736.0380859375 36.994140625 202.93987327398256 43
30 5.9 200.8104558395127 185.4662181518347 874.0859375 36.153076171875 202.01175472861843 95
40 9.7 245.81944164787376 280.8283447790617 1228.132080078125 36.092041015625 201.55151684253246 154
50 8.8 373.112676447088 425.3630953439298 1478.557861328125 35.641845703125 218.6590415681026 251
60 8.5 239.00483685661766 276.4343471039993 1478.557861328125 35.641845703125 258.7532004747419 339
70 9.9 262.236054391572 268.1871459695719 1478.557861328125 35.641845703125 254.79421248525944 424
80 11.8 300.31687797934325 309.75896220513965 1478.557861328125 35.641845703125 256.2028976644658 523
90 14.3 242.87684556654284 245.26692612782006 1478.557861328125 35.641845703125 264.32372399388163 641
100 10.4 1090.7111816406255 1269.2029459669343 5238.970947265625 35.641845703125 260.4118571378747 784
110 15.5 1160.2157856602828 1438.2077336278023 6675.725830078125 35.641845703125 357.65412036792657 888
120 14.8 805.8852819494301 858.8830828253415 6675.725830078125 35.641845703125 476.9226324679411 1043
130 17 613.5208022173714 600.6130580985888 6675.725830078125 35.25 517.8012824454897 1191
140 13.5 1576.933619068287 1664.7238648419059 7552.81103515625 35.25 529.7574311311766 1361
150 15.6 1607.216314853766 1718.368323582904 7552.81103515625 35.25 624.255282315341 1496
160 15 3143.83623046875 2358.82505854906 9594.5859375 35.25 717.0772684388241 1652
170 15.1 1782.123764745447 1826.6194025047907 10285.060791015625 35.25 919.0827314268868 1802
180 16.2 2129.3444130979947 1960.2459502946508 10285.060791015625 35.25 985.8104303675435 1953
190 15.9 2587.3934149592183 2280.234437821386 10285.060791015625 35.199951171875 1073.4002673426419 2115
200 14.8 3511.6935606260554 2219.29179888883 10285.060791015625 35.199951171875 1179.2599465295527 2274
210 12.5 3986.45596484375 1927.8515707083511 10285.060791015625 35.199951171875 1321.7868560614613 2422
220 15.7 4459.592672360171 2335.9095609638944 11407.75 35.199951171875 1452.5617436145772 2547
230 12.9 3430.464132146318 2213.826451703429 11407.75 35.199951171875 1627.156364847217 2704
240 14.9 4486.123749803377 2536.6059360264703 11407.75 35.199951171875 1709.269567099806 2833
250 13.3 3863.7975670377114 1981.4181960206538 11407.75 35.199951171875 1848.0191557057187 2982
260 14.3 5336.5478840007645 2576.1779403482174 17292.422119140625 35.199951171875 1934.0860991109048 3115
270 12.2 5681.6253161821205 2463.915457411499 17292.422119140625 35.199951171875 2083.4268097429645 3258
280 17.6 5064.51733121005 2442.8865423395478 17292.422119140625 35.199951171875 2213.3026138215378 3380
290 12.4 6266.4684605752245 2384.122210698499 17402.489990234375 35.199951171875 2354.420102646166 3556
300 17 6002.990238683364 2420.845679640651 17402.489990234375 35.199951171875 2486.2391234024713 3680
310 15 6736.958347981771 2196.287962387877 17402.489990234375 35.199951171875 2641.524237583705 3850
320 16.1 7649.618114021254 2065.526726449488 17402.489990234375 35.199951171875 2795.1030167236327 4000
330 16.1 8284.818304784552 2908.6175393187364 19137.79296875 23.3740234375 2982.936934210996 4161
340 20.8 8618.144629845237 2904.892702530965 22290.27197265625 23.3740234375 3180.438762221718 4322
350 20 5785.381911621095 3833.701538341016 22290.27197265625 22.85986328125 3430.1170890353364 4530
360 16.3 9837.033029380747 3657.676079201267 22290.27197265625 22.679931640625 3529.7054536267005 4730
370 21.1 8373.121903695197 4465.921067663443 25555.984130859375 22.679931640625 3739.820801030729 4893
380 13.5 9137.154177517361 3430.581494423832 25555.984130859375 22.679931640625 3931.3620495930727 5104
390 20.6 8485.14556825508 3916.414976049667 25555.984130859375 22.583984375 4065.5063399671476 5239
400 17.4 7453.582045281069 3708.810358757262 25555.984130859375 22.366943359375 4232.713994884928 5445
410 18.1 10075.463206254313 4531.742850475256 25902.407958984375 22.366943359375 4332.4525677215415 5619
420 15.9 7453.923238502359 3979.6948528894814 25902.407958984375 22.366943359375 4511.674106613685 5800
430 18.9 8949.22047965237 4044.8122953723 27387.171875 22.366943359375 4590.180166685895 5959
440 16.3 8311.484792884878 3816.5660675700447 27387.171875 22.366943359375 4724.184496411116 6148
450 16.2 9409.51002031491 3948.9480118790248 27387.171875 22.366943359375 4816.836999710945 6311
460 15 10295.201233723956 3706.911953000052 27387.171875 22.366943359375 4931.777989875914 6473
470 15.3 8579.2605427262 3959.343148530252 28477.68603515625 22.366943359375 5053.2506588442375 6623
480 16.2 8539.289538724926 4487.205765263764 28477.68603515625 22.366943359375 5132.866879657983 6776
490 14 9169.482012067516 6251.882408436044 28477.68603515625 22.366943359375 5212.405719492062 6938
500 21.5 10481.053969840108 4868.748380153732 28477.68603515625 22.366943359375 5290.675100808899 7078
510 13.7 7808.050914903627 3217.774350390012 28477.68603515625 22.366943359375 5443.689149464008 7293
520 15.7 8093.802134131164 5228.272474015969 34305.3828125 22.366943359375 5487.285052810606 7430
530 15.1 11783.166405279906 3448.848177334088 34305.3828125 22.366943359375 5541.222469677264 7587
540 16 9562.155723571774 4265.961659540352 34305.3828125 22.366943359375 5663.028302486258 7738
550 14.6 10024.708312152186 4470.127625833323 34305.3828125 22.366943359375 5742.017969158033 7898
560 16.1 7507.529518269601 4811.047762500506 34305.3828125 22.366943359375 5819.749544254645 8044
570 14.1 12161.867216935396 5732.031209105927 34305.3828125 22.366943359375 5852.867469399851 8205
580 15.7 10664.468630262238 3714.099553416496 34305.3828125 22.366943359375 5959.4537340059505 8346
590 13.2 8547.035923813328 2595.1505479918055 34305.3828125 22.366943359375 6046.3274654786355 8503
600 9.6 13096.455790201822 3428.023821150667 34305.3828125 22.366943359375 6084.554855924516 8635
610 17.1 10962.346465529055 7226.17211329541 34305.3828125 22.366943359375 6161.652838937987 8731
620 19 8489.655407072361 3640.8305279232222 34305.3828125 22.366943359375 6253.870162027975 8902
630 20.4 6731.3054139380365 4610.192892731004 34305.3828125 22.22705078125 6300.59246697281 9092
640 15.4 8417.431214171569 5427.532056327284 34305.3828125 22.06689453125 6310.044429234095 9296
650 20.2 8317.085186948863 4205.870928838562 34305.3828125 22.06689453125 6344.387028692336 9450
660 22.9 8230.263389354186 4084.755056684717 34305.3828125 22.06689453125 6385.67225744988 9652
670 19 6392.565254934212 3458.828104037635 34305.3828125 22.06689453125 6428.422117707555 9881
680 15.2 6784.7734551680705 5131.881043456409 34305.3828125 22.06689453125 6427.745640304423 10071
690 20.9 9464.833690004485 5967.181984277321 34305.3828125 22.06689453125 6433.054084778578 10223
700 18.8 7317.921525671126 4039.8536409733233 34305.3828125 22.06689453125 6493.7943011792895 10432
710 20.4 7371.8213297526045 4794.564943323704 34305.3828125 22.06689453125 6508.383370690068 10620
720 18.2 8381.172089629119 5925.830676608816 34305.3828125 22.06689453125 6524.6565916480085 10824
730 15.3 10539.645737591913 5053.89296439862 34305.3828125 22.06689453125 6555.356738897924 11006
740 16.9 9010.809362287351 4943.402665451666 34305.3828125 22.06689453125 6609.984950816571 11159
750 17 8853.32584013097 4726.0969629975525 34305.3828125 22.06689453125 6645.802334780074 11328
760 16.8 9249.137068975551 4016.7710457649273 34305.3828125 22.06689453125 6678.440967230034 11498
770 17.4 7366.315783270474 4492.739252067701 34305.3828125 22.06689453125 6715.461106531701 11666
780 18.4 8631.193417756465 4945.203608859855 34305.3828125 22.06689453125 6725.02603167972 11840
790 16.8 8795.881683349615 5945.2989492914185 34305.3828125 22.06689453125 6754.195592477968 12024
800 22.9 8668.304536111498 4486.00314554113 34305.3828125 22.06689453125 6782.329062234073 12192
810 16.3 6312.755068539111 4235.583085941552 34305.3828125 22.06689453125 6817.099884512305 12421
820 14.8 10593.290096798455 3928.161211417348 34305.3828125 22.06689453125 6810.567128234204 12584
830 18.9 8591.717906487676 5765.713443111442 34305.3828125 22.06689453125 6854.538460259613 12732
840 14.8 9786.248611037794 3769.5435770019467 34305.3828125 22.06689453125 6879.948793464249 12921
850 19.4 8566.11278919337 4599.623966532264 34305.3828125 22.06689453125 6912.861210099101 13069
860 16.1 8347.648957625683 4892.155217259878 34305.3828125 22.06689453125 6937.043582589811 13263
870 14.5 8160.070915274784 7122.004538156286 34305.3828125 22.06689453125 6953.9615999751495 13424
880 18.4 10853.397332232937 6360.732780593858 34305.3828125 22.06689453125 6966.850232204381 13569
890 21.4 8454.796293169538 4043.8716171619767 34305.3828125 22.06689453125 7018.847953894577 13753
900 11 8267.513503196022 3882.810056748961 34305.3828125 22.06689453125 7040.849310277826 13967
910 9 14864.822330729166 2186.9016422935133 34305.3828125 22.06689453125 7050.434666619447 14077
920 7.9 17935.093814898133 2221.157855606447 34305.3828125 22.06689453125 7100.077843704918 14167
930 8.6 18259.54298578307 3272.0678631999153 34305.3828125 22.06689453125 7160.162517418541 14246
940 8.9 16529.256144662922 3226.9179744260923 34305.3828125 22.06689453125 7226.764995808113 14332
950 11.2 12942.163633074078 3932.4782178614146 34305.3828125 22.06689453125 7284.175835018159 14421
960 5.2 14436.166353665865 4158.703422589475 34305.3828125 22.06689453125 7327.7796768527605 14533
970 5.7 19080.40350448876 3009.4392886649 34305.3828125 22.06689453125 7353.123256365567 14585
980 7.5 21255.80406575521 2299.14505730461 34305.3828125 22.06689453125 7398.7765123512945 14642
990 9.6 15387.294670104979 4304.934771151873 34305.3828125 22.06689453125 7469.393966078636 14717
1000 14.2 7014.112882372359 4206.091009050249 34305.3828125 22.06689453125 7520.7082486403415 14813
1010 8.1 4619.330994405866 2421.8923556234613 34305.3828125 22.06689453125 7515.898048572802 14955
1020 10.3 5502.401699029124 3023.737596826594 34305.3828125 22.06689453125 7500.29403611021 15036
1030 11.1 4057.77197265625 2581.8012537005106 34305.3828125 22.06689453125 7486.701136267463 15139
1040 11.9 3470.009640477285 2329.703218340196 34305.3828125 22.06689453125 7461.743028912653 15250
1050 7.1 5824.603457168792 2813.056805123806 34305.3828125 22.06689453125 7430.835600112874 15369
1060 9.6 5611.22824605306 2913.8629409394543 34305.3828125 22.06689453125 7423.449428989233 15440
1070 10.4 5032.829702524037 2839.5635486594206 34305.3828125 22.06689453125 7412.251357827938 15536
1080 10.1 5519.2393085744125 2742.428444942373 34305.3828125 22.06689453125 7396.429116641774 15640
1090 9.4 5696.4643528715105 2770.8712403668173 34305.3828125 22.06689453125 7384.384381833642 15741
1100 9.6 5370.682090759276 2829.6801083516875 34305.3828125 22.06689453125 7374.364521857486 15835
1110 13.1 3425.9546084804397 2604.1651048002927 34305.3828125 22.06689453125 7362.290357436832 15931
1120 8.4 4767.382986886161 2256.6185456276426 34305.3828125 22.06689453125 7330.186012827612 16062
1130 9.1 5455.395057091345 3358.8357858725417 34305.3828125 22.06689453125 7316.8529610389905 16146
1140 4.6 7183.391824473505 5199.159139461143 34305.3828125 22.06689453125 7306.420450768668 16237
1150 3.8 11365.98220985814 7986.5065087653065 35300.35107421875 22.06689453125 7306.072890932668 16283
1160 3.2 18794.453315734863 9207.95325824301 43099.615966796875 22.06689453125 7315.525531954614 16321
1170 3.8 21644.07035104852 11840.282940991157 45299.319091796875 22.06689453125 7337.98781343697 16353
1180 5.5 13912.860826526985 10309.615245820516 46784.375 22.06689453125 7371.154254558881 16391
1190 7.6 7742.508149799548 11363.642629317625 51555.6171875 22.06689453125 7393.031541525817 16446
1200 6.4 13031.688575744629 14046.015949083214 55334.410888671875 22.06689453125 7394.63910854124 16522
1210 11.4 7673.648527446543 15245.681728902957 58540.597900390625 22.06689453125 7416.390655984928 16586
1220 2 15757.809533691407 16174.87326915584 58540.597900390625 22.06689453125 7418.14678756257 16700
1230 3.6 11751.99719238281 6585.950378751019 58540.597900390625 22.06689453125 7428.122460703873 16720
1240 3.5 22271.045361328124 12994.255347685465 58540.597900390625 22.06689453125 7437.41223692376 16756
1250 6.5 14005.560914963942 12843.489560157292 58540.597900390625 22.06689453125 7468.332203534096 16791
1260 5.6 11454.453800746374 15100.166032349165 58540.597900390625 22.06689453125 7493.541023315951 16856
1270 6.9 9516.067938320879 13240.789779470075 58540.597900390625 22.06689453125 7506.656628539231 16912
1280 2.5 15954.214404296876 18090.49239919581 60025.5791015625 22.06689453125 7514.821599999977 16981
1290 5.6 15348.145220075336 14602.924620744177 60025.630859375 22.06689453125 7527.228093008764 17006
1300 8.9 9131.834826522998 13451.600519377935 60291.713134765625 22.06689453125 7552.897496309416 17062
1310 10.1 5550.544585879488 13565.322667960298 60291.713134765625 22.06689453125 7561.090920738837 17151
1320 10.4 4931.8982027494 9586.078278123592 60291.713134765625 22.06689453125 7549.320390955577 17252
1330 8.6 9133.380575490548 13671.600830751968 60291.713134765625 22.06689453125 7533.636367702901 17356
1340 9.8 5596.170459980866 4986.028617023155 60291.713134765625 22.06689453125 7541.524110041494 17442
1350 7.7 5597.917039747362 3170.7640635287266 60291.713134765625 22.06689453125 7530.654973342182 17540
1360 7 7078.3070103236605 3020.1456446278007 60291.713134765625 22.06689453125 7522.207404466278 17617
1370 7.6 7257.796550549957 3592.292370069543 60291.713134765625 22.06689453125 7520.450575858261 17687
1380 6.3 8557.656168619787 4338.626118709584 60291.713134765625 22.06689453125 7519.32679575786 17763
1390 6.4 8302.92470932007 4758.072252221506 60291.713134765625 22.06689453125 7522.996421612808 17826
1400 5.4 9356.536670826097 4908.081116150745 60291.713134765625 22.06689453125 7525.786550758324 17890
1410 6.1 8892.086489818135 5141.255869021843 60291.713134765625 22.06689453125 7531.295941445108 17944
1420 5.1 10547.811853745403 4888.088418229905 60291.713134765625 22.06689453125 7535.906228779224 18005
1430 5.4 10583.101503725406 5050.138733393573 60291.713134765625 22.06689453125 7544.413494334899 18056
1440 6.7 7969.367508162315 5645.018825371068 60291.713134765625 22.06689453125 7553.474187460635 18110
1450 4.5 9722.385156250002 4224.703183548244 60291.713134765625 22.06689453125 7555.007160585299 18177
1460 4.9 7720.277817083865 6526.959035300483 60291.713134765625 22.06689453125 7560.359592250589 18222
1470 2.3 11569.198327105978 11172.95804202233 60291.713134765625 22.06689453125 7560.788468229836 18271
1480 1.6 18701.482391357422 12179.240851489845 60291.713134765625 22.06689453125 7565.8280127118605 18294
1490 2.7 21525.57034866898 10743.541096938901 60291.713134765625 22.06689453125 7575.558786609094 18310
1500 3.4 17282.789127125463 14738.137394099505 60291.713134765625 22.06689453125 7596.099241000521 18337
1510 8.7 8769.019963406972 17471.047588453766 60291.713134765625 22.06689453125 7614.026814683405 18371
1520 7 4045.1986676897322 13326.62373341812 60291.713134765625 22.06689453125 7619.470763320253 18458
1530 3.3 11895.664084694603 22466.57231704359 60291.713134765625 22.06689453125 7605.966928762064 18528
1540 3.6 8628.093919542102 17418.879869139695 60291.713134765625 22.06689453125 7613.593673341869 18561
1550 4.7 8771.523338804853 16703.195993533893 60291.713134765625 22.06689453125 7615.557538958002 18597
1560 5.7 6626.538407175164 11387.246538727475 60291.713134765625 22.06689453125 7618.471634248325 18644
1570 3.8 127.01624177631581 226.6220823322871 60291.713134765625 22.06689453125 7615.448256143241 18701
1580 1.6 84.02700805664063 11.909005258329907 60291.713134765625 22.06689453125 7600.26279178837 18739
1590 0.6 80.64713541666667 3.4982889246564053 60291.713134765625 22.06689453125 7593.850647158154 18755
1595 0.1 84.89306640625 0.0 60291.713134765625 22.06689453125 7591.44783168614 18761
