0 0.7 1934.299560546875 1918.21552843991 5935.421875 435.10302734375 0 0
10 1.2 3088.7208658854165 2097.3316989342147 6860.226806640625 435.10302734375 1934.299560546875 7
20 1.5 7773.896923828125 6707.790980558741 22777.2900390625 435.10302734375 2663.4077533922696 19
30 0.8 9445.059204101563 11575.746962319528 31028.69189453125 432.577880859375 4918.035328584559 34
40 2 7748.396350097656 10449.785008471545 41598.541015625 212.394775390625 5780.325590587798 42
50 1.4 19199.27491978237 12057.218911378217 41598.541015625 212.394775390625 6415.187125913559 62
60 1.4 15169.37313406808 11584.854219389887 41598.541015625 212.394775390625 8770.15066688939 76
70 1.4 12207.956595284599 13637.969098023217 45983.375 212.394775390625 9765.585272894965 90
80 1.4 10374.678536551339 12556.483397123597 45983.375 212.394775390625 10094.366027832031 104
90 2 14955.207458496094 14849.78050092445 47664.656005859375 201.884033203125 10127.623444120763 118
100 1.3 11835.591289813701 12112.229458854488 47664.656005859375 201.884033203125 10827.273301276608 138
110 0.8 20179.171142578125 15110.062887300828 47664.656005859375 201.884033203125 10914.082134726821 151
120 1.8 9383.439995659723 10113.110052918064 47664.656005859375 201.884033203125 11380.250135121856 159
130 1.3 20327.095496544473 17626.501365560736 47775.02099609375 201.884033203125 11177.184697210454 177
140 1.7 12362.137465533087 12053.167545528055 47775.02099609375 201.884033203125 11803.23122558594 190
150 1.9 17254.16862407484 16440.481440613912 52561.200927734375 201.884033203125 11849.131738045367 207
160 1.9 16199.661839535362 13745.620556119771 52561.200927734375 201.884033203125 12303.5374939505 226
170 1.4 25122.962071010046 19692.78301220637 56154.77001953125 201.884033203125 12605.685912587693 245
180 1.5 17455.18849283854 17573.894992113568 56154.77001953125 201.884033203125 13282.295434664577 259
190 2.2 16139.61704323508 16398.691261506687 56154.77001953125 201.884033203125 13510.738485294538 274
200 1.3 17527.20885291466 14506.314919133076 56154.77001953125 201.884033203125 13706.128107844173 296
210 1 20695.692163085936 15013.929184390998 56154.77001953125 201.884033203125 13866.885550193416 309
220 1.1 28439.339777166195 17556.41098808247 56154.77001953125 201.884033203125 14080.954723011364 319
230 1.7 24574.982680376837 21098.00192897051 60056.76318359375 201.884033203125 14559.567558149858 330
240 1.4 21893.427873883928 19662.081802168825 60085.43798828125 201.884033203125 15050.236310535618 347
250 1.1 20959.629749644886 20616.706884747382 60085.43798828125 201.884033203125 15315.623240970179 361
260 1.5 28923.30109049479 25168.626016059123 64529.90087890625 201.884033203125 15482.51590654927 372
270 1 10722.427685546874 12479.506246342353 64529.90087890625 201.884033203125 16003.476572593669 387
280 2.1 14712.265811011905 18095.552143994908 64529.90087890625 201.884033203125 15870.452671156721 397
290 1.5 30366.072021484375 26806.135168842407 83531.32495117188 201.884033203125 15812.266249953274 418
300 2.3 19613.82658585258 21264.145465189733 83531.32495117188 201.884033203125 16316.439660052505 433
310 1.9 13933.139982524672 17293.098075940037 83531.32495117188 201.884033203125 16482.755228678387 456
320 2.8 16444.815769740515 16993.063551456933 83531.32495117188 201.884033203125 16380.770618832239 475
330 2.9 57714.16838968211 86329.65285886031 322642.0778808594 201.884033203125 16384.335756457353 503
340 2.9 22605.430495689656 28292.19462118284 322642.0778808594 201.884033203125 18637.277760900055 532
350 6.7 52084.99538319147 74830.55540176725 322642.0778808594 201.884033203125 18842.405085871356 561
360 3.4 73060.95400821461 104228.98919878264 365107.64404296875 201.884033203125 22388.98717173194 628
370 5.7 62603.31333093474 86192.44594496295 365107.64404296875 201.884033203125 24991.474894451592 662
380 3.1 41491.38352917087 46897.82352098415 365107.64404296875 201.884033203125 27973.22008343565 719
390 5.2 49990.08042086089 68292.76253011524 365107.64404296875 201.884033203125 28531.97083919271 750
400 5.5 40070.947452059656 52684.871217471635 365107.64404296875 201.884033203125 29923.26971481209 802
410 4.2 47579.22427222842 64784.54262663312 365107.64404296875 201.884033203125 30574.52091148492 857
420 4.4 77215.41731400923 104544.28970371434 365107.64404296875 201.884033203125 31368.956441130336 899
430 4.5 48256.29869249132 84207.91843724827 414511.5979003906 201.884033203125 33508.13383074504 943
440 3.6 45849.456970214844 69503.49397073395 414511.5979003906 170.0419921875 34179.86198740353 988
450 4 57799.866528320315 102032.10562582275 414511.5979003906 170.0419921875 34590.12118601799 1024
460 3.3 54106.22544537169 101710.83226185458 440240.56396484375 170.0419921875 35462.668003397775 1064
470 3.6 48640.010443793406 63211.069635367356 440240.56396484375 170.0419921875 36023.504280139015 1097
480 4.6 63841.38612962806 90110.7071524141 440240.56396484375 170.0419921875 36424.38179284119 1133
490 5.5 84145.57799627131 118479.95282964954 478247.2131347656 170.0419921875 37494.08679665136 1179
500 5 45206.10012207031 73312.68706792589 478247.2131347656 170.0419921875 39573.36719857931 1234
510 1.7 62855.87410960478 113146.621558335 495248.35400390625 170.0419921875 39792.71038095824 1284
520 6.2 50628.22845262097 63380.584638932225 495248.35400390625 170.0419921875 40094.073780948245 1301
530 2.7 27060.77175564236 30383.996619807214 495248.35400390625 170.0419921875 40573.25029572719 1363
540 4.3 67408.71903956211 88347.60143669805 495248.35400390625 170.0419921875 40310.77769099173 1390
550 3 58140.49990234375 122978.82421132836 501630.8371582031 170.0419921875 41123.9050308302 1433
560 5.9 59511.71622169625 95645.97086061545 541416.2900390625 170.0419921875 41472.844091763494 1463
570 4.1 76687.85816025152 123993.65250317872 541416.2900390625 170.0419921875 42172.11705869256 1522
580 3.1 37400.937019594254 41295.66360200588 541416.2900390625 170.0419921875 43077.520376135886 1563
590 1.6 34705.154861450195 37914.223098459115 541416.2900390625 170.0419921875 42967.12258187441 1594
600 0.9 79276.07649739583 35032.16411823905 541416.2900390625 170.0419921875 42885.01607036709 1610
610 6.8 53776.179443359375 66702.2696542638 541416.2900390625 170.0419921875 43087.3135032536 1619
620 4.3 41038.987060546875 58847.085096025985 541416.2900390625 170.0419921875 43518.16287131951 1687
630 7.9 46189.85926992682 78121.07702188985 583230.5 170.0419921875 43456.54173845059 1730
640 6.4 51854.97699737549 79011.73589522051 583230.5 170.0419921875 43575.90718067648 1809
650 6.9 33709.76232025588 47000.46080686862 583230.5 170.0419921875 43858.801184023374 1873
660 5.7 32830.59288908306 37830.25586521437 583230.5 170.0419921875 43498.20196589775 1942
670 5.1 40556.966136259194 68540.36140095923 583230.5 170.0419921875 43194.02301773446 1999
680 6.3 58613.74605887276 84035.0919315982 583230.5 170.0419921875 43128.41818800019 2050
690 6.9 37321.66061976336 52822.71334700871 583230.5 170.0419921875 43590.11987085157 2113
700 5.3 26171.96086379717 38242.41327812274 583230.5 170.0419921875 43391.89636566134 2182
710 6.7 54758.120944350514 108321.38651311732 624425.9780273438 170.0419921875 42983.54890185875 2235
720 7.8 41808.660074869775 83074.34195709825 624425.9780273438 165.131103515625 43326.24930448557 2302
730 6 27911.327469889322 30690.41557731491 624425.9780273438 165.131103515625 43276.51318687631 2380
740 5.8 27816.444921033137 33604.69039259973 624425.9780273438 165.131103515625 42898.6807512127 2440
750 5.8 28962.096747036638 32762.75216543647 624425.9780273438 165.131103515625 42548.49272953519 2498
760 5.3 34375.83649027123 52079.31797140133 624425.9780273438 165.131103515625 42240.194229149856 2556
770 5.8 32095.59482337689 40024.34227420315 624425.9780273438 165.131103515625 42080.435332959525 2609
780 6.7 39536.82477626516 53666.116394315104 624425.9780273438 165.131103515625 41863.29219476838 2667
790 8 47546.61371154785 93300.66447673457 624425.9780273438 165.131103515625 41806.27927705085 2734
800 6.3 21921.8879937066 30721.436346943035 624425.9780273438 165.131103515625 41969.47286438552 2814
810 5.6 26134.276750837053 31193.15764057852 624425.9780273438 165.131103515625 41530.474655538535 2877
820 4.2 34779.43785458518 36316.94172467422 624425.9780273438 165.131103515625 41236.51383635569 2933
830 8.7 42629.71346309268 75705.09317397246 624425.9780273438 165.131103515625 41145.35511661305 2975
840 3.5 34465.72313058036 39275.2408497573 624425.9780273438 165.131103515625 41187.52989654242 3062
850 4.7 31226.983445187834 37053.230025142824 624425.9780273438 165.131103515625 41111.565015428874 3097
860 5.3 52894.48541144605 95511.55853157862 624425.9780273438 165.131103515625 40963.79932401624 3144
870 7.4 21211.74194006018 33217.826678148405 624425.9780273438 165.131103515625 41161.58673803994 3197
880 6.3 50376.095997643846 66560.10889048802 624425.9780273438 165.131103515625 40710.26038064144 3271
890 4.5 29158.96981336805 37166.43107042991 624425.9780273438 165.131103515625 40892.90814425007 3334
900 2.3 65662.81682022758 86929.28368819442 624425.9780273438 165.131103515625 40736.64083886691 3379
910 0.6 67723.35791015625 45041.171959900385 624425.9780273438 165.131103515625 40905.159959258235 3402
920 0.4 117271.40252685547 18373.906949612257 624425.9780273438 165.131103515625 40952.37509649573 3408
930 0.5 98838.1427734375 32795.492076916285 624425.9780273438 165.131103515625 41041.84640649615 3412
940 0.4 115882.0 10391.955599593886 624425.9780273438 165.131103515625 41126.41810150192 3417
950 0.8 120105.84399414063 12177.249591760521 624425.9780273438 165.131103515625 41213.82597276587 3421
960 0.6 117467.1483561198 6952.325969132077 624425.9780273438 165.131103515625 41397.884340853074 3429
970 0.3 127384.72770182292 6778.871031836539 624425.9780273438 165.131103515625 41530.75641773563 3435
980 1.5 117875.72799479167 10158.288459468473 624425.9780273438 165.131103515625 41605.672623044615 3438
990 2.2 118001.60283868964 7325.533965212576 624425.9780273438 165.131103515625 41936.993454372794 3453
1000 2 119072.12845458984 7885.37192172405 624425.9780273438 165.131103515625 42418.55357133825 3475
1010 0.2 125238.79443359375 6164.822509765625 624425.9780273438 165.131103515625 42857.200637909074 3495
1020 0 0 0 624425.9780273438 165.131103515625 42904.31621914767 3497
1030 0 0 0 624425.9780273438 165.131103515625 42904.31621914767 3497
1040 0 0 0 624425.9780273438 165.131103515625 42904.31621914767 3497
1050 0 0 0 624425.9780273438 165.131103515625 42904.31621914767 3497
1060 0 0 0 624425.9780273438 165.131103515625 42904.31621914767 3497
1070 0 0 0 624425.9780273438 165.131103515625 42904.31621914767 3497
1080 0 0 0 624425.9780273438 165.131103515625 42904.31621914767 3497
1090 0 0 0 624425.9780273438 165.131103515625 42904.31621914767 3497
1100 0 0 0 624425.9780273438 165.131103515625 42904.31621914767 3497
1110 0 0 0 624425.9780273438 165.131103515625 42904.31621914767 3497
1120 0 0 0 624425.9780273438 165.131103515625 42904.31621914767 3497
1130 0 0 0 624425.9780273438 165.131103515625 42904.31621914767 3497
1140 0 0 0 624425.9780273438 165.131103515625 42904.31621914767 3497
1150 0 0 0 624425.9780273438 165.131103515625 42904.31621914767 3497
1160 0 0 0 624425.9780273438 165.131103515625 42904.31621914767 3497
1170 0 0 0 624425.9780273438 165.131103515625 42904.31621914767 3497
1180 0 0 0 624425.9780273438 165.131103515625 42904.31621914767 3497
1190 0 0 0 624425.9780273438 165.131103515625 42904.31621914767 3497
1200 0 0 0 624425.9780273438 165.131103515625 42904.31621914767 3497
1210 0 0 0 624425.9780273438 165.131103515625 42904.31621914767 3497
1220 0 0 0 624425.9780273438 165.131103515625 42904.31621914767 3497
1230 0 0 0 624425.9780273438 165.131103515625 42904.31621914767 3497
1240 0 0 0 624425.9780273438 165.131103515625 42904.31621914767 3497
1250 0.1 842734.4528808594 0.0 842734.4528808594 165.131103515625 42904.31621914767 3497
1260 0.1 817336.6428222656 0.0 842734.4528808594 165.131103515625 43132.96977451123 3498
1270 0 0 0 842734.4528808594 165.131103515625 43354.23404231567 3499
1280 0.1 401743.7900390625 0.0 842734.4528808594 165.131103515625 43354.23404231567 3499
1290 0.1 656343.8679199219 0.0 842734.4528808594 165.131103515625 43456.63105831474 3500
1300 0.1 839302.7639160156 0.0 842734.4528808594 165.131103515625 43631.691680097545 3501
1310 0 0 0 842734.4528808594 165.131103515625 43858.89644087308 3502
1320 0.1 761355.1320800781 0.0 842734.4528808594 165.131103515625 43858.89644087308 3502
1330 0.1 817155.0581054688 0.0 842734.4528808594 165.131103515625 44063.719802460066 3503
1340 0 0 0 842734.4528808594 165.131103515625 44284.350892158414 3504
1350 0 0 0 842734.4528808594 165.131103515625 44284.350892158414 3504
1360 0.2 722109.6563720703 4122.2884521484375 842734.4528808594 165.131103515625 44284.350892158414 3504
1370 0.2 716785.5589599609 9927.580932617188 842734.4528808594 165.131103515625 44671.0167823352 3506
1380 0 0 0 842734.4528808594 165.131103515625 45054.20637308641 3508
1390 0.1 697982.9528808594 0.0 842734.4528808594 165.131103515625 45054.20637308641 3508
1400 0.1 743519.6860351563 0.0 842734.4528808594 165.131103515625 45240.27897112226 3509
1410 0.1 806344.0158691406 0.0 842734.4528808594 165.131103515625 45439.218973134804 3510
1420 0 0 0 842734.4528808594 165.131103515625 45655.93922289157 3511
1430 0.2 732481.2110595703 12958.779907226563 842734.4528808594 165.131103515625 45655.93922289157 3511
1440 0.1 735259.8530273438 0.0 842734.4528808594 165.131103515625 46046.95844967021 3513
1450 0.2 725991.7254638672 10839.806518554688 842734.4528808594 165.131103515625 46243.091885805006 3514
1460 0.1 797603.8168945313 0.0 842734.4528808594 165.131103515625 46629.75208693018 3516
1470 0.1 744699.8662109375 0.0 842734.4528808594 165.131103515625 46843.27897484818 3517
1480 0.2 704469.9255371094 20812.779541015625 842734.4528808594 165.131103515625 47041.64639589311 3518
1490 0 0 0 842734.4528808594 165.131103515625 47415.18519085972 3520
1500 0 0 0 842734.4528808594 165.131103515625 47415.18519085972 3520
1510 1.1 724929.5834517046 42113.74856313136 842734.4528808594 165.131103515625 47415.18519085972 3520
1520 0.9 699977.468641493 40223.87656585572 842734.4528808594 165.131103515625 49525.8219455664 3531
1530 0.7 711369.9954659598 32158.98437407765 842734.4528808594 165.131103515625 51179.512572759435 3540
1540 0.4 730230.5122070313 36262.57598829726 842734.4528808594 165.131103515625 52482.39765318018 3547
1550 0.6 700537.529703776 28711.756952393465 842734.4528808594 165.131103515625 53245.84244569367 3551
1560 0.8 684265.615234375 8213.819231956317 842734.4528808594 165.131103515625 54337.70359934802 3557
1570 0.9 719022.9817708334 21472.630926153885 842734.4528808594 165.131103515625 55751.28657075902 3565
1580 0.9 721637.3630099826 27307.227922643317 842734.4528808594 165.131103515625 57421.528668352934 3574
1590 0.2 728177.7749023438 23535.77197265625 842734.4528808594 165.131103515625 59089.946895836794 3583
1595 0.1 706334.0939941406 0.0 842734.4528808594 165.131103515625 59463.21765065214 3585
