0 99.98515625 99.98515625
10 280.2515625 380.23671875
20 404.80546875 785.0421875
30 497.18984375 1282.23203125
40 716.73515625 1998.9671875
50 655.6828125 2654.65
60 631.78359375 3286.43359375
70 755.97578125 4042.409375
80 863.640625 4906.05
90 1936.09296875 6842.14296875
100 731.371875 7573.51484375
110 2559.30234375 10132.8171875
120 1464.790625 11597.6078125
130 3867.90078125 15465.50859375
140 2596.76875 18062.27734375
150 3948.1703125 22010.44765625
160 4972.11484375 26982.5625
170 5686.21484375 32668.77734375
180 3954.93359375 36623.7109375
190 5871.40625 42495.1171875
200 5790.8484375 48285.965625
210 7706.10078125 55992.06640625
220 5790.015625 61782.08203125
230 2886.8578125 64668.93984375
240 5822.36953125 70491.309375
250 7336.0984375 77827.4078125
260 3997.8890625 81825.296875
270 6204.5328125 88029.8296875
280 6302.83203125 94332.66171875
290 6634.0640625 100966.72578125
300 4625.5953125 105592.32109375
310 5843.696875 111436.01796875
320 6991.61953125 118427.6375
330 2043.2015625 120470.8390625
340 7661.74140625 128132.58046875
350 9649.875 137782.45546875
360 3076.38203125 140858.8375
370 3509.52265625 144368.36015625
380 4134.8203125 148503.18046875
390 1568.1171875 150071.29765625
400 6369.34609375 156440.64375
410 4395.6421875 160836.2859375
420 7142.5953125 167978.88125
430 1324.91953125 169303.80078125
440 4276.496875 173580.29765625
450 3168.990625 176749.28828125
460 3314.50078125 180063.7890625
470 2220.5109375 182284.3
480 3409.6953125 185693.9953125
490 5423.20546875 191117.20078125
500 2607.2796875 193724.48046875
510 3253.19609375 196977.6765625
520 1146.53125 198124.2078125
530 2164.546875 200288.7546875
540 2322.378125 202611.1328125
550 1024.725 203635.8578125
560 2324.72734375 205960.58515625
570 2097.33203125 208057.9171875
580 3542.56875 211600.4859375
590 913.9140625 212514.4
600 2395.21015625 214909.61015625
610 1293.784375 216203.39453125
620 2419.73359375 218623.128125
630 1511.80859375 220134.93671875
640 1527.96640625 221662.903125
650 3575.71796875 225238.62109375
660 1827.2359375 227065.85703125
670 1406.65234375 228472.509375
680 1110.334375 229582.84375
690 1624.50546875 231207.34921875
700 1503.690625 232711.03984375
710 2609.446875 235320.48671875
720 1423.675 236744.16171875
730 1256.9484375 238001.11015625
740 1330.6796875 239331.78984375
750 2362.39921875 241694.1890625
760 1377.046875 243071.2359375
770 2183.9171875 245255.153125
780 1449.90859375 246705.06171875
790 1322.24375 248027.30546875
800 1935.48515625 249962.790625
810 1245.07265625 251207.86328125
820 1112.70859375 252320.571875
830 3233.42734375 255553.99921875
840 1191.88984375 256745.8890625
850 1577.79296875 258323.68203125
860 1267.00390625 259590.6859375
870 1066.5765625 260657.2625
880 2392.20859375 263049.47109375
890 2586.8015625 265636.27265625
900 775.5609375 266411.83359375
910 569.3296875 266981.16328125
920 516.17109375 267497.334375
930 1408.7796875 268906.1140625
940 560.65703125 269466.77109375
950 2974.76484375 272441.5359375
960 246.0765625 272687.6125
970 292.47734375 272980.08984375
980 617.69140625 273597.78125
990 1894.24296875 275492.02421875
1000 1944.99140625 277437.015625
1010 1576.978125 279013.99375
1020 1633.12734375 280647.12109375
1030 2561.7484375 283208.86953125
1040 3454.503125 286663.37265625
1050 1181.7109375 287845.08359375
1060 2321.34765625 290166.43125
1070 6936.3796875 297102.8109375
1080 5507.665625 302610.4765625
1090 6274.459375 308884.9359375
1100 4101.6484375 312986.584375
1110 8840.5796875 321827.1640625
1120 4944.1859375 326771.35
1130 5485.90546875 332257.25546875
1140 3677.603125 335934.85859375
1150 5285.9640625 341220.82265625
1160 6759.225 347980.04765625
1170 11878.475 359858.52265625
1180 6084.8265625 365943.34921875
1190 6189.21875 372132.56796875
1200 8368.9875 380501.55546875
1210 13323.01875 393824.57421875
1220 5599.2140625 399423.78828125
1230 1272.1578125 400695.94609375
1240 7674.3578125 408370.30390625
1250 10276.08984375 418646.39375
1260 9114.4140625 427760.8078125
1270 6997.82890625 434758.63671875
1280 3453.4421875 438212.07890625
1290 6961.08984375 445173.16875
1300 10392.075 455565.24375
1310 11368.3828125 466933.6265625
1320 5693.4 472627.0265625
1330 15484.675 488111.7015625
1340 12719.03046875 500830.73203125
1350 3666.025 504496.75703125
1360 8856.38671875 513353.14375
1370 5134.953125 518488.096875
1380 9204.92265625 527693.01953125
1390 4742 532435.01953125
1400 5798.25703125 538233.2765625
1410 1390.1234375 539623.4
1420 10166.4140625 549789.8140625
1430 6940.67421875 556730.48828125
1440 3549.4703125 560279.95859375
1450 3460.7171875 563740.67578125
1460 4601.35703125 568342.0328125
1470 5616.86640625 573958.89921875
1480 4471.12265625 578430.021875
1490 4537.940625 582967.9625
1500 6755.1234375 589723.0859375
1510 14585.10859375 604308.19453125
1520 5730.58203125 610038.7765625
1530 5594.0984375 615632.875
1540 7825.89453125 623458.76953125
1550 11565.696875 635024.46640625
1560 16316.23359375 651340.7
1570 1114.01328125 652454.71328125
1580 0.0125 652454.72578125
1590 0.0046875 652454.73046875
1595 0.00078125 652454.73125
