0 1.44609375 1.44609375
10 6.88203125 8.328125
20 11.9203125 20.2484375
30 14.43671875 34.68515625
40 24.3203125 59.00546875
50 23.2015625 82.20703125
60 22.7265625 104.93359375
70 24.38359375 129.3171875
80 31.07734375 160.39453125
90 36.9578125 197.35234375
100 34.1453125 231.49765625
110 38.93203125 270.4296875
120 39.165625 309.5953125
130 47.2078125 356.803125
140 37.2765625 394.0796875
150 49.45546875 443.53515625
160 32.86875 476.40390625
170 45.52578125 521.9296875
180 44.8609375 566.790625
190 43.93984375 610.73046875
200 37.9 648.63046875
210 42.26796875 690.8984375
220 35.66875 726.5671875
230 40.67734375 767.24453125
240 36.34921875 803.59375
250 43.546875 847.140625
260 39.31484375 886.45546875
270 35.89609375 922.3515625
280 46.4671875 968.81875
290 34.584375 1003.403125
300 43.934375 1047.3375
310 43.5640625 1090.9015625
320 48.44296875 1139.34453125
330 42.7828125 1182.12734375
340 49.98046875 1232.1078125
350 57.1484375 1289.25625
360 38.34765625 1327.60390625
370 46.884375 1374.48828125
380 40.67265625 1415.1609375
390 49.39921875 1464.56015625
400 41.21328125 1505.7734375
410 40.68046875 1546.45390625
420 50.575 1597.02890625
430 43.79375 1640.82265625
440 44.2578125 1685.08046875
450 39.35078125 1724.43125
460 33.60078125 1758.03203125
470 42.6359375 1800.66796875
480 42.01015625 1842.678125
490 32.7765625 1875.4546875
500 42.63046875 1918.08515625
510 43.38828125 1961.4734375
520 41.29921875 2002.77265625
530 33.615625 2036.38828125
540 40.56015625 2076.9484375
550 38.38125 2115.3296875
560 43.378125 2158.7078125
570 28.96875 2187.6765625
580 39.721875 2227.3984375
590 39.7609375 2267.159375
600 24.7953125 2291.9546875
610 33.3859375 2325.340625
620 49.353125 2374.69375
630 47.0140625 2421.7078125
640 40.87734375 2462.58515625
650 42.6296875 2505.21484375
660 50.50546875 2555.7203125
670 54.69375 2610.4140625
680 42.60390625 2653.01796875
690 43.0953125 2696.11328125
700 50.0390625 2746.15234375
710 49.49453125 2795.646875
720 39.99375 2835.640625
730 33.51328125 2869.15390625
740 41.55546875 2910.709375
750 40.625 2951.334375
760 40.65390625 2991.98828125
770 42.471875 3034.46015625
780 44.35703125 3078.8171875
790 35.72734375 3114.54453125
800 48.4734375 3163.01796875
810 44.92890625 3207.946875
820 37.90859375 3245.85546875
830 38.03515625 3283.890625
840 40.41796875 3324.30859375
850 45.12890625 3369.4375
860 40.40390625 3409.84140625
870 34.1109375 3443.95234375
880 40.98203125 3484.934375
890 50.93359375 3535.86796875
900 35.47109375 3571.3390625
910 24.0890625 3595.428125
920 21.884375 3617.3125
930 21.86953125 3639.18203125
940 22.4578125 3661.63984375
950 28.9671875 3690.60703125
960 18.41171875 3709.01875
970 10.86640625 3719.88515625
980 16.9328125 3736.81796875
990 20.96875 3757.78671875
1000 28.83671875 3786.6234375
1010 29.0546875 3815.678125
1020 23.728125 3839.40625
1030 31.73359375 3871.13984375
1040 33.82109375 3904.9609375
1050 28.0515625 3933.0125
1060 27.7609375 3960.7734375
1070 26.64453125 3987.41796875
1080 26.70625 4014.12421875
1090 28.009375 4042.13359375
1100 27.2546875 4069.38828125
1110 38.1328125 4107.52109375
1120 30.30234375 4137.8234375
1130 26.7703125 4164.59375
1140 16.92265625 4181.51640625
1150 14.49453125 4196.0109375
1160 5.6984375 4201.709375
1170 12.296875 4214.00625
1180 12.68984375 4226.69609375
1190 23.07578125 4249.771875
1200 17.21015625 4266.98203125
1210 29.4453125 4296.42734375
1220 15.29140625 4311.71875
1230 11.4984375 4323.2171875
1240 7.96640625 4331.18359375
1250 14.3390625 4345.52265625
1260 20.528125 4366.05078125
1270 18.29296875 4384.34375
1280 10.559375 4394.903125
1290 12.27265625 4407.17578125
1300 20.2234375 4427.39921875
1310 32.6296875 4460.02890625
1320 27.0921875 4487.12109375
1330 31.27421875 4518.3953125
1340 26.725 4545.1203125
1350 28.0203125 4573.140625
1360 19.31875 4592.459375
1370 19.64296875 4612.10234375
1380 17.60234375 4629.7046875
1390 19.0125 4648.7171875
1400 17.634375 4666.3515625
1410 15.909375 4682.2609375
1420 13.37890625 4695.63984375
1430 12.8296875 4708.46953125
1440 21.11953125 4729.5890625
1450 9.1796875 4738.76875
1460 14.26796875 4753.03671875
1470 9.50078125 4762.5375
1480 3.14453125 4765.68203125
1490 6.3671875 4772.04921875
1500 6.49765625 4778.546875
1510 19.3171875 4797.8640625
1520 17.67109375 4815.53515625
1530 8.92734375 4824.4625
1540 9.94609375 4834.40859375
1550 10.9421875 4845.35078125
1560 12.19609375 4857.546875
1570 10.65703125 4868.20390625
1580 4.4109375 4872.61484375
1590 1.6375 4874.25234375
1595 0.22578125 4874.478125
