0 10 10
10 18 19
20 24 26
30 30 30
40 35 41
50 36 41
60 38 41
70 46 50
80 54 54
90 57 59
100 60 62
110 72 72
120 78 80
130 85 85
140 87 88
150 90 91
160 92 97
170 98 98
180 102 102
190 105 110
200 112 116
210 115 117
220 116 118
230 119 123
240 120 123
250 124 128
260 123 129
270 144 146
280 144 147
290 151 154
300 171 171
310 200 200
320 204 210
330 223 225
340 238 240
350 218 240
360 230 240
370 219 240
380 220 240
390 216 240
400 207 240
410 208 240
420 213 240
430 201 240
440 210 240
450 208 240
460 218 240
470 217 240
480 214 240
490 205 240
500 196 240
510 222 240
520 192 240
530 208 240
540 204 240
550 217 240
560 200 240
570 215 240
580 192 240
590 176 240
600 233 240
610 217 240
620 230 240
630 216 241
640 218 241
650 210 241
660 225 241
670 228 241
680 220 241
690 225 241
700 229 241
710 226 241
720 211 241
730 207 241
740 220 241
750 218 241
760 221 241
770 222 241
780 218 241
790 223 241
800 207 241
810 208 241
820 217 241
830 197 241
840 218 241
850 223 241
860 223 241
870 220 241
880 227 241
890 207 241
900 184 241
910 178 241
920 174 241
930 169 241
940 165 241
950 157 241
960 151 241
970 148 241
980 133 241
990 111 241
1000 91 241
1010 89 241
1020 89 241
1030 89 241
1040 89 241
1050 89 241
1060 89 241
1070 89 241
1080 89 241
1090 89 241
1100 89 241
1110 89 241
1120 89 241
1130 89 241
1140 89 241
1150 89 241
1160 89 241
1170 89 241
1180 89 241
1190 89 241
1200 89 241
1210 89 241
1220 89 241
1230 89 241
1240 89 241
1250 88 241
1260 87 241
1270 87 241
1280 86 241
1290 85 241
1300 84 241
1310 84 241
1320 83 241
1330 82 241
1340 82 241
1350 82 241
1360 80 241
1370 78 241
1380 78 241
1390 77 241
1400 76 241
1410 75 241
1420 75 241
1430 73 241
1440 72 241
1450 70 241
1460 69 241
1470 68 241
1480 66 241
1490 66 241
1500 66 241
1510 55 241
1520 46 241
1530 39 241
1540 35 241
1550 29 241
1560 21 241
1570 12 241
1580 3 241
1590 1 241
1595 0 241
