0 1.7 17
10 2 37
20 2.1 58
30 1.4 72
40 2.5 97
50 1.5 112
60 1.6 128
70 2.2 150
80 2.2 172
90 2.3 195
100 1.6 211
110 2 231
120 2.4 255
130 2 275
140 1.9 294
150 2.2 316
160 2.1 337
170 2 357
180 1.9 376
190 2.5 401
200 2 421
210 1.3 434
220 1.2 446
230 2 466
240 1.5 481
250 1.5 496
260 1.4 510
270 3.1 541
280 2.1 562
290 2.2 584
300 4.3 627
310 4.8 675
320 3.2 707
330 4.8 755
340 4.4 799
350 4.7 846
360 4.6 892
370 4.6 938
380 3.2 970
390 4.8 1018
400 4.6 1064
410 4.3 1107
420 4.9 1156
430 3.3 1189
440 4.5 1234
450 3.8 1272
460 4.3 1315
470 3.5 1350
480 4.3 1393
490 4.6 1439
500 4.1 1480
510 4.3 1523
520 3.2 1555
530 4.3 1598
540 3.9 1637
550 4.3 1680
560 4.2 1722
570 5.6 1778
580 0.8 1786
590 0 1786
600 6.6 1852
610 5.2 1904
620 5.6 1960
630 6.5 2025
640 6.6 2091
650 6.1 2152
660 7.2 2224
670 5.4 2278
680 5.5 2333
690 7.4 2407
700 5.7 2464
710 6.4 2528
720 6.3 2591
730 5.6 2647
740 7.1 2718
750 5.6 2774
760 5.6 2830
770 5.9 2889
780 6.3 2952
790 8.5 3037
800 4.7 3084
810 5.7 3141
820 5.1 3192
830 6.7 3259
840 5.6 3315
850 5.2 3367
860 5.3 3420
870 7.1 3491
880 7 3561
890 2.5 3586
900 0 3586
910 0 3586
920 0 3586
930 0 3586
940 0 3586
950 0 3586
960 0 3586
970 0 3586
980 0 3586
990 0 3586
1000 0 3586
1010 0 3586
1020 0 3586
1030 0 3586
1040 0 3586
1050 0 3586
1060 0 3586
1070 0 3586
1080 0 3586
1090 0 3586
1100 0 3586
1110 0 3586
1120 0 3586
1130 0 3586
1140 0 3586
1150 0 3586
1160 0 3586
1170 0 3586
1180 0 3586
1190 0 3586
1200 0 3586
1210 0 3586
1220 0 3586
1230 0 3586
1240 0 3586
1250 0 3586
1260 0 3586
1270 0 3586
1280 0 3586
1290 0 3586
1300 0 3586
1310 0 3586
1320 0 3586
1330 0 3586
1340 0 3586
1350 0 3586
1360 0 3586
1370 0 3586
1380 0 3586
1390 0 3586
1400 0 3586
1410 0 3586
1420 0 3586
1430 0 3586
1440 0 3586
1450 0 3586
1460 0 3586
1470 0 3586
1480 0 3586
1490 0 3586
1500 0 3586
1510 0 3586
1520 0 3586
1530 0 3586
1540 0 3586
1550 0 3586
1560 0 3586
1570 0 3586
1580 0 3586
1590 0 3586
1595 0 3586
