0 23.1 231
10 44.8 679
20 50.8 1187
30 50 1687
40 49.7 2184
50 49.9 2683
60 46.9 3152
70 50.1 3653
80 46.1 4114
90 47 4584
100 45.5 5039
110 48 5519
120 48.3 6002
130 50.4 6506
140 47.5 6981
150 50.8 7489
160 47.5 7964
170 43.8 8402
180 49.6 8898
190 45.5 9353
200 50.1 9854
210 46.9 10323
220 47 10793
230 46.5 11258
240 51.4 11772
250 46.8 12240
260 45.9 12699
270 46.1 13160
280 48.2 13642
290 48 14122
300 44.8 14570
310 49.1 15061
320 48.9 15550
330 49.6 16046
340 46.9 16515
350 45.8 16973
360 45.7 17430
370 44.3 17873
380 37.5 18248
390 25.1 18499
400 30 18799
410 30.3 19102
420 31.8 19420
430 37.1 19791
440 36.9 20160
450 33 20490
460 18.8 20678
470 20.2 20880
480 18.5 21065
490 19.5 21260
500 20.8 21468
510 26.3 21731
520 26.4 21995
530 25.5 22250
540 26.2 22512
550 25.8 22770
560 25.5 23025
570 25.3 23278
580 24.1 23519
590 23.9 23758
600 24 23998
610 23.7 24235
620 24.4 24479
630 24.4 24723
640 22.1 24944
650 24.3 25187
660 23.7 25424
670 23.8 25662
680 20.2 25864
690 18.2 26046
700 17.6 26222
710 17.7 26399
720 17.6 26575
730 16.9 26744
740 16.9 26913
750 16.6 27079
760 16.4 27243
770 16.5 27408
780 1.4 27422
790 0.2 27424
800 16.8 27592
810 17.2 27764
820 16.6 27930
830 16.2 28092
840 17.7 28269
850 19.6 28465
860 19.6 28661
870 20.1 28862
880 17.3 29035
890 16.1 29196
900 16.1 29357
910 16.5 29522
920 15.7 29679
930 3.4 29713
940 0 29713
950 0 29713
960 0 29713
970 0 29713
980 0 29713
990 0 29713
1000 0 29713
1010 0 29713
1020 0 29713
1030 0 29713
1040 0 29713
1050 0 29713
1060 0 29713
1070 0 29713
1080 0 29713
1090 0 29713
1100 0 29713
1110 0 29713
1120 0 29713
1130 0 29713
1140 0 29713
1150 0 29713
1160 0 29713
1170 0 29713
1180 0 29713
1190 0 29713
1200 0 29713
1210 0 29713
1220 0 29713
1230 0 29713
1240 0 29713
1250 0 29713
1260 0 29713
1270 0 29713
1280 0 29713
1290 0 29713
1300 0 29713
1310 0 29713
1320 0 29713
1330 0 29713
1340 0 29713
1350 0 29713
1360 0 29713
1370 0 29713
1380 0 29713
1390 0 29713
1400 0 29713
1410 0 29713
1420 0 29713
1430 0 29713
1440 0 29713
1450 0 29713
1460 0 29713
1470 0 29713
1480 0 29713
1490 0 29713
1500 0 29713
1510 0 29713
1520 0 29713
1530 0 29713
1540 0 29713
1550 0 29713
1560 0 29713
1570 0 29713
1580 0 29713
1590 0 29713
1600 0 29713
1610 0 29713
1620 0 29713
1630 0 29713
1640 0 29713
1650 0 29713
1660 0 29713
1670 0 29713
1680 0 29713
1690 0 29713
1700 0 29713
1710 0 29713
1720 0 29713
1730 0 29713
1740 0 29713
1750 0 29713
1760 0 29713
1770 0 29713
1780 0 29713
1790 0 29713
1800 0 29713
1810 0 29713
1820 0 29713
1830 0 29713
1840 0 29713
1850 11.9 29832
1860 9.8 29930
1870 5.4 29984
1880 13.7 30121
1890 16.9 30290
1900 16.5 30455
1910 16.8 30623
1920 9.9 30722
1930 0 30722
1940 0 30722
1950 0 30722
1960 0 30722
1970 0 30722
1980 0 30722
1990 0 30722
2000 0 30722
2010 0 30722
2020 0 30722
2030 0 30722
2040 0 30722
2050 0 30722
2060 0 30722
2070 0 30722
2080 0 30722
2090 0 30722
2100 0 30722
2110 0 30722
2120 0 30722
2130 0 30722
2140 0 30722
2150 0 30722
2160 0 30722
2170 0 30722
2180 0 30722
2190 0 30722
2200 0 30722
2210 0 30722
2220 0 30722
2230 0 30722
2240 0 30722
2250 0 30722
2260 0 30722
2270 0 30722
2280 0 30722
2290 0 30722
2300 0 30722
2310 0 30722
2320 0 30722
2330 0 30722
2340 0 30722
2350 0 30722
2360 0 30722
2370 0 30722
2380 0 30722
2390 0 30722
2400 0 30722
2410 0 30722
2420 0 30722
2430 0 30722
2440 0 30722
2450 0 30722
2460 0 30722
2470 0 30722
2480 0 30722
2490 0 30722
2500 0 30722
2510 0 30722
2520 0 30722
2530 0 30722
2540 0 30722
2550 0 30722
2560 0 30722
2570 0 30722
2580 0 30722
2590 0 30722
2600 0 30722
2610 0 30722
2620 0 30722
2630 0 30722
2640 0 30722
2650 0 30722
2660 0 30722
2670 0 30722
2680 0 30722
2690 0 30722
2700 0 30722
2710 0 30722
2720 0 30722
2730 0 30722
2740 0 30722
2750 0 30722
2760 0 30722
2770 0 30722
2780 0 30722
2790 0 30722
2800 0 30722
2810 0 30722
2820 0 30722
2830 0 30722
2840 0 30722
2850 0 30722
2860 0 30722
2870 0 30722
2880 0 30722
2890 0 30722
2900 0 30722
2910 0 30722
2920 0 30722
2930 0 30722
2940 0 30722
2950 0 30722
2960 0 30722
2970 0 30722
2980 0 30722
2990 0 30722
3000 0 30722
3010 0 30722
3020 0 30722
3030 0 30722
3040 0 30722
3050 0 30722
3060 0 30722
3070 0 30722
3080 0 30722
3090 0 30722
3100 0 30722
3110 0 30722
3120 0 30722
3130 0 30722
3140 0 30722
3150 0 30722
3160 0 30722
3170 0 30722
3180 0 30722
3190 0 30722
3200 0 30722
3210 0 30722
3220 0 30722
3230 0 30722
3240 0 30722
3250 0 30722
3260 0 30722
3270 0 30722
3280 0 30722
3290 0 30722
3300 0 30722
3310 0 30722
3320 0 30722
3330 0 30722
3340 0 30722
3350 0 30722
3360 0 30722
