0 23.3 133.19328183677587 7.635739757964142 173.657958984375 121.803955078125 0 0
10 44.7 132.66798731998057 5.628080446108495 173.657958984375 120.95703125 133.19328183677587 233
20 51.2 133.38426351547236 5.850745024554912 173.657958984375 120.95703125 132.8479779411766 680
30 50.1 132.70927091130224 5.683087833760453 173.657958984375 120.95703125 133.0783287918808 1192
40 49.4 134.29454528561484 6.099746411607531 173.657958984375 120.95703125 132.96911556201084 1693
50 49.6 134.8423284715223 6.195493697161635 173.657958984375 120.95703125 133.2685038946402 2187
60 47.2 135.73972385212525 6.323628942878523 173.657958984375 120.95703125 133.55945320143616 2683
70 50 135.92749023437466 6.5038548407645065 173.657958984375 120.95703125 133.8856299834093 3155
80 46 136.4645343282947 6.170348612537943 173.657958984375 120.95703125 134.1649542311474 3655
90 47 137.90117655003303 7.27962765649123 173.657958984375 120.95703125 134.4220154327726 4115
100 45.9 141.3675497217115 47.40190088498325 1139.0068359375 120.95703125 134.77865790280802 4585
110 48 143.73999226888014 65.50121935880934 1161.458984375 120.95703125 135.37824183319594 5044
120 48.1 144.48098951565754 46.14949909020303 1161.458984375 120.95703125 136.10482405787525 5524
130 50.4 147.62288895864347 45.49553299548357 1161.458984375 120.95703125 136.775754213611 6005
140 47.5 147.68509662828953 46.40715879748583 1161.458984375 120.95703125 137.61566140542178 6509
150 50.8 147.92862395038762 45.53248574191897 1161.458984375 120.95703125 138.30050987776744 6984
160 47.4 148.4335206108255 12.198456506489164 1161.458984375 120.95703125 138.95335050095096 7492
170 43.6 154.78655221921582 68.05288284893466 1161.458984375 120.95703125 139.51744799430782 7966
180 49.9 159.53811529308624 64.26080664832593 1161.458984375 120.95703125 140.3097985587044 8402
190 45.6 179.43976633172286 108.35319531093624 1199.135009765625 120.95703125 141.3877594676423 8901
200 49.9 173.9277441601954 56.34358051793323 1216.968017578125 120.95703125 143.24216954886714 9357
210 47.2 170.13351492154385 53.10759471232929 1216.968017578125 120.95703125 144.79575129917689 9856
220 46.5 169.87499527469754 82.62609058776377 1216.968017578125 120.95703125 145.95371261112084 10328
230 46.7 182.77999322470558 97.46468334302315 1216.968017578125 120.95703125 146.98432471512928 10793
240 51.4 190.60941347352272 81.25737439818941 1216.968017578125 120.95703125 148.46892304496694 11260
250 46.8 206.20029390775247 101.1755279942818 1235.31005859375 120.95703125 150.30858773668407 11774
260 46 213.05377091117526 105.86541125733001 1290.0888671875 120.95703125 152.4452744290595 12242
270 46 209.4956102454144 119.68975349637778 1290.0888671875 120.95703125 154.6401971484559 12702
280 48.3 224.49839210905157 115.39221762100036 1290.0888671875 120.95703125 156.55734424043288 13162
290 48.1 273.7324843059704 155.63616317674052 1469.532958984375 120.95703125 158.96229302171122 13645
300 44.7 261.9212976920792 125.05993770173973 1469.532958984375 120.95703125 162.87029684499657 14126
310 49 326.73968829719377 143.94561687631204 1469.532958984375 120.95703125 165.90850430939275 14573
320 49 540.6348553093115 302.91185767160067 2116.64599609375 120.95703125 171.140349237629 15063
330 49.5 1018.2251819957384 182.7836752967599 2150.90380859375 120.95703125 182.78133862714384 15553
340 47 673.4358559466425 144.32115204743045 2150.90380859375 120.95703125 208.55057482277286 16048
350 45.8 1659.7752941414778 392.9408812977462 3124.003173828125 120.95703125 221.77833133858704 16518
360 45.7 2954.2760370367196 365.03050290641346 4299.068115234375 120.95703125 260.5744322436132 16976
370 44.2 3960.426977097179 197.39490992222852 5159.035888671875 120.95703125 331.18887802979174 17433
380 37.5 4600.509147786457 456.98640601900735 6000.469970703125 120.95703125 420.93003829763984 17875
390 25.1 8444.90354499969 1370.6328095152778 10849.052978515625 120.95703125 506.8118008213827 18250
400 30 12236.650576171876 966.7095744618075 13887.47705078125 120.95703125 614.5065755788961 18501
410 30.3 15808.634412708849 1152.0608383393976 17683.705078125 120.95703125 799.9564559138726 18801
420 31.8 19269.857432623325 815.4170660765967 20370.299072265625 120.95703125 1038.002384562788 19104
430 37.1 21627.292109322352 747.5982344166698 23511.424072265625 120.95703125 1336.5159210308784 19422
440 37.1 24241.699526722532 653.6208371435832 26108.376953125 120.95703125 1716.8462381054067 19793
450 32.7 26686.539233473097 730.5713871608112 28661.51806640625 120.95703125 2131.2838779624267 20164
460 18.9 30830.90138268849 1429.5811657694526 33186.56103515625 120.95703125 2523.142181669029 20491
470 20.1 35641.357351426464 1280.9285900956481 38625.240966796875 120.95703125 2781.8542942895647 20680
480 18.5 40077.35593591637 1282.8540749645647 42356.51611328125 120.95703125 3098.1590744478194 20881
490 19.5 44601.04173803086 1329.1869625930349 46884.401123046875 120.95703125 3422.907551584992 21066
500 20.9 49318.07390335304 1311.0178810801322 51141.88916015625 120.95703125 3800.5819867647547 21261
510 26.3 49074.142252294725 1141.0293765841375 51141.88916015625 120.95703125 4243.672616041278 21470
520 26.5 45701.07741929541 1119.8426872367827 51141.88916015625 120.95703125 4786.184626087505 21733
530 25.3 42556.16266231008 873.9541688469075 51141.88916015625 120.95703125 5279.067915031959 21998
540 26.3 39322.01502903696 787.9336317594642 51141.88916015625 120.95703125 5702.9187518959825 22251
550 25.7 38782.26094737961 196.56951482654802 51141.88916015625 120.95703125 6095.644270279569 22514
560 25.5 38894.494875919154 393.0574444581522 51141.88916015625 120.95703125 6464.554747905265 22771
570 25.4 39113.726222241035 164.78365592261275 51141.88916015625 120.95703125 6823.698095974557 23026
580 24.1 39689.03683788252 260.032867459012 51141.88916015625 120.95703125 7176.003385668358 23280
590 23.9 40422.8190488935 283.0603958696884 51141.88916015625 120.95703125 7509.137226150634 23521
600 24 41167.021064249675 222.2862281357358 51141.88916015625 120.95703125 7840.213402734622 23760
610 23.7 41739.80682398799 289.00950288358285 51141.88916015625 120.95703125 8173.481479349772 24000
620 24.4 41994.51772721087 184.36071120555502 51141.88916015625 120.95703125 8501.707708118978 24237
630 24.4 41875.46183901926 187.0487661894443 51141.88916015625 120.95703125 8835.527635599818 24481
640 22 41960.79651766692 183.7739902931203 51141.88916015625 120.95703125 9161.584013583008 24725
650 24.4 41973.68838150775 174.86282775603155 51141.88916015625 120.95703125 9450.853476437225 24945
660 23.7 41940.832357800966 220.9349967451264 51141.88916015625 120.95703125 9765.894633959842 25189
670 23.7 42152.089308082774 176.8840675683047 51141.88916015625 120.95703125 10065.80261164215 25426
680 20.2 42804.91781404705 461.81702782265273 51141.88916015625 120.95703125 10362.122213678405 25663
690 18.2 44908.29169707246 746.6157115089309 51141.88916015625 120.95703125 10615.49336045105 25865
700 17.6 47542.29310469195 804.1176070418152 51141.88916015625 120.95703125 10855.109796020026 26047
710 17.7 50271.19721045199 733.0468582651808 52101.828125 120.95703125 11101.341892360118 26223
720 17.6 52811.58533130993 784.202107115448 54206.493896484375 120.95703125 11363.957967788234 26400
730 16.8 55610.13905261812 762.7856420946795 57396.465087890625 120.95703125 11638.445566222152 26576
740 17 57431.62881433823 269.63087183198445 58287.694091796875 120.95703125 11914.666195361942 26744
750 16.7 58222.629656214915 322.8234238520562 59514.806884765625 120.95703125 12202.170232117012 26914
760 16.4 59021.9253778225 293.19790401284695 60349.8798828125 120.95703125 12485.963914913968 27081
770 16.4 59713.55428258384 261.2884085787499 60923.29296875 120.95703125 12766.084952899542 27245
780 1.4 60018.6903250558 251.93975480151255 60923.29296875 120.95703125 13046.992135579256 27409
790 0.7 60023.45357840402 16.017397745852698 60923.29296875 120.95703125 13070.972144136038 27423
800 17.1 59849.29180515579 184.83454895548246 60923.29296875 120.95703125 13082.954184604134 27430
810 17.2 59784.229570255724 176.71697076874744 60923.29296875 120.95703125 13372.691648214668 27601
820 16.6 59474.803880071064 210.38767205872384 60923.29296875 120.95703125 13660.12132893303 27773
830 16.2 59555.80862539786 133.20492159296242 60923.29296875 120.95703125 13932.329972889109 27939
840 17.7 59761.80023365775 265.73117496750837 61000.5908203125 120.95703125 14195.345649972003 28101
850 19.6 58729.58745092275 429.3807951941853 61000.5908203125 120.95703125 14480.558976986375 28278
860 19.6 57334.47322051379 522.2443484638403 61000.5908203125 120.95703125 14785.145953908885 28474
870 20.1 55629.70908883318 561.0507767842079 61000.5908203125 120.95703125 15076.030786286092 28670
880 17.3 54103.981369106754 235.85191371190535 61000.5908203125 120.95703125 15358.36563228422 28871
890 16.1 54032.64256599379 176.95077083455377 61000.5908203125 120.95703125 15589.153110678048 29044
900 16.1 55061.813919351735 519.4319117552903 61000.5908203125 120.95703125 15801.082636523137 29205
910 16.5 56739.17023555871 493.55643844473593 61000.5908203125 120.95703125 16016.330805716605 29366
920 15.7 58469.218956819765 608.5641732828102 61000.5908203125 120.95703125 16243.863517305239 29531
930 3.7 59836.8461254223 251.16348871939422 61000.5908203125 120.95703125 16467.16521509572 29688
940 0 0 0 61000.5908203125 120.95703125 16521.149342721692 29725
950 0 0 0 61000.5908203125 120.95703125 16521.149342721692 29725
960 0 0 0 61000.5908203125 120.95703125 16521.149342721692 29725
970 0 0 0 61000.5908203125 120.95703125 16521.149342721692 29725
980 0 0 0 61000.5908203125 120.95703125 16521.149342721692 29725
990 0 0 0 61000.5908203125 120.95703125 16521.149342721692 29725
1000 0 0 0 61000.5908203125 120.95703125 16521.149342721692 29725
1010 0 0 0 61000.5908203125 120.95703125 16521.149342721692 29725
1020 0 0 0 61000.5908203125 120.95703125 16521.149342721692 29725
1030 0 0 0 61000.5908203125 120.95703125 16521.149342721692 29725
1040 0 0 0 61000.5908203125 120.95703125 16521.149342721692 29725
1050 0 0 0 61000.5908203125 120.95703125 16521.149342721692 29725
1060 0 0 0 61000.5908203125 120.95703125 16521.149342721692 29725
1070 0 0 0 61000.5908203125 120.95703125 16521.149342721692 29725
1080 0 0 0 61000.5908203125 120.95703125 16521.149342721692 29725
1090 0 0 0 61000.5908203125 120.95703125 16521.149342721692 29725
1100 0 0 0 61000.5908203125 120.95703125 16521.149342721692 29725
1110 0 0 0 61000.5908203125 120.95703125 16521.149342721692 29725
1120 0 0 0 61000.5908203125 120.95703125 16521.149342721692 29725
1130 0 0 0 61000.5908203125 120.95703125 16521.149342721692 29725
1140 0 0 0 61000.5908203125 120.95703125 16521.149342721692 29725
1150 0 0 0 61000.5908203125 120.95703125 16521.149342721692 29725
1160 0 0 0 61000.5908203125 120.95703125 16521.149342721692 29725
1170 0 0 0 61000.5908203125 120.95703125 16521.149342721692 29725
1180 0 0 0 61000.5908203125 120.95703125 16521.149342721692 29725
1190 0 0 0 61000.5908203125 120.95703125 16521.149342721692 29725
1200 0 0 0 61000.5908203125 120.95703125 16521.149342721692 29725
1210 0 0 0 61000.5908203125 120.95703125 16521.149342721692 29725
1220 0 0 0 61000.5908203125 120.95703125 16521.149342721692 29725
1230 0 0 0 61000.5908203125 120.95703125 16521.149342721692 29725
1240 0 0 0 61000.5908203125 120.95703125 16521.149342721692 29725
1250 0 0 0 61000.5908203125 120.95703125 16521.149342721692 29725
1260 0 0 0 61000.5908203125 120.95703125 16521.149342721692 29725
1270 0 0 0 61000.5908203125 120.95703125 16521.149342721692 29725
1280 0 0 0 61000.5908203125 120.95703125 16521.149342721692 29725
1290 0 0 0 61000.5908203125 120.95703125 16521.149342721692 29725
1300 0 0 0 61000.5908203125 120.95703125 16521.149342721692 29725
1310 0 0 0 61000.5908203125 120.95703125 16521.149342721692 29725
1320 0 0 0 61000.5908203125 120.95703125 16521.149342721692 29725
1330 0 0 0 61000.5908203125 120.95703125 16521.149342721692 29725
1340 0 0 0 61000.5908203125 120.95703125 16521.149342721692 29725
1350 0 0 0 61000.5908203125 120.95703125 16521.149342721692 29725
1360 0 0 0 61000.5908203125 120.95703125 16521.149342721692 29725
1370 0 0 0 61000.5908203125 120.95703125 16521.149342721692 29725
1380 0 0 0 61000.5908203125 120.95703125 16521.149342721692 29725
1390 0 0 0 61000.5908203125 120.95703125 16521.149342721692 29725
1400 0 0 0 61000.5908203125 120.95703125 16521.149342721692 29725
1410 0 0 0 61000.5908203125 120.95703125 16521.149342721692 29725
1420 0 0 0 61000.5908203125 120.95703125 16521.149342721692 29725
1430 0 0 0 61000.5908203125 120.95703125 16521.149342721692 29725
1440 0 0 0 61000.5908203125 120.95703125 16521.149342721692 29725
1450 0 0 0 61000.5908203125 120.95703125 16521.149342721692 29725
1460 0 0 0 61000.5908203125 120.95703125 16521.149342721692 29725
1470 0 0 0 61000.5908203125 120.95703125 16521.149342721692 29725
1480 0 0 0 61000.5908203125 120.95703125 16521.149342721692 29725
1490 0 0 0 61000.5908203125 120.95703125 16521.149342721692 29725
1500 0 0 0 61000.5908203125 120.95703125 16521.149342721692 29725
1510 0 0 0 61000.5908203125 120.95703125 16521.149342721692 29725
1520 0 0 0 61000.5908203125 120.95703125 16521.149342721692 29725
1530 0 0 0 61000.5908203125 120.95703125 16521.149342721692 29725
1540 0 0 0 61000.5908203125 120.95703125 16521.149342721692 29725
1550 0 0 0 61000.5908203125 120.95703125 16521.149342721692 29725
1560 0 0 0 61000.5908203125 120.95703125 16521.149342721692 29725
1570 0 0 0 61000.5908203125 120.95703125 16521.149342721692 29725
1580 0 0 0 61000.5908203125 120.95703125 16521.149342721692 29725
1590 0 0 0 61000.5908203125 120.95703125 16521.149342721692 29725
1600 0 0 0 61000.5908203125 120.95703125 16521.149342721692 29725
1610 0 0 0 61000.5908203125 120.95703125 16521.149342721692 29725
1620 0 0 0 61000.5908203125 120.95703125 16521.149342721692 29725
1630 0 0 0 61000.5908203125 120.95703125 16521.149342721692 29725
1640 0 0 0 61000.5908203125 120.95703125 16521.149342721692 29725
1650 0 0 0 61000.5908203125 120.95703125 16521.149342721692 29725
1660 0 0 0 61000.5908203125 120.95703125 16521.149342721692 29725
1670 0 0 0 61000.5908203125 120.95703125 16521.149342721692 29725
1680 0 0 0 61000.5908203125 120.95703125 16521.149342721692 29725
1690 0 0 0 61000.5908203125 120.95703125 16521.149342721692 29725
1700 0 0 0 61000.5908203125 120.95703125 16521.149342721692 29725
1710 0 0 0 61000.5908203125 120.95703125 16521.149342721692 29725
1720 0 0 0 61000.5908203125 120.95703125 16521.149342721692 29725
1730 0 0 0 61000.5908203125 120.95703125 16521.149342721692 29725
1740 0 0 0 61000.5908203125 120.95703125 16521.149342721692 29725
1750 0 0 0 61000.5908203125 120.95703125 16521.149342721692 29725
1760 0 0 0 61000.5908203125 120.95703125 16521.149342721692 29725
1770 0 0 0 61000.5908203125 120.95703125 16521.149342721692 29725
1780 0 0 0 61000.5908203125 120.95703125 16521.149342721692 29725
1790 0 0 0 61000.5908203125 120.95703125 16521.149342721692 29725
1800 0 0 0 61000.5908203125 120.95703125 16521.149342721692 29725
1810 0 0 0 61000.5908203125 120.95703125 16521.149342721692 29725
1820 0 0 0 61000.5908203125 120.95703125 16521.149342721692 29725
1830 0 0 0 61000.5908203125 120.95703125 16521.149342721692 29725
1840 0 0 0 61000.5908203125 120.95703125 16521.149342721692 29725
1850 14.3 59982.10010448536 38.21204923440487 61000.5908203125 120.95703125 16521.149342721692 29725
1860 14.5 59978.38270979257 54.812311932797364 61000.5908203125 120.95703125 16729.228757444213 29868
1870 9.6 60016.954401652016 21.51621891653513 61000.5908203125 120.95703125 16938.17579116595 30013
1880 17.5 59942.19833426339 92.92632748238928 61000.5908203125 120.95703125 17075.528833332966 30109
1890 16.9 59807.456957574424 31.844642394563408 61000.5908203125 120.95703125 17323.239411944207 30284
1900 16.5 59884.41885061553 82.86881680889444 61000.5908203125 120.95703125 17559.00707901187 30453
1910 16.8 59724.744345528736 121.75327405124177 61000.5908203125 120.95703125 17787.098167336208 30618
1920 9.8 58291.75123066805 2637.8957720815943 61000.5908203125 120.95703125 18015.95298959101 30786
1930 0 0 0 61000.5908203125 120.95703125 18143.754706584456 30884
1940 0 0 0 61000.5908203125 120.95703125 18143.754706584456 30884
1950 0 0 0 61000.5908203125 120.95703125 18143.754706584456 30884
1960 0 0 0 61000.5908203125 120.95703125 18143.754706584456 30884
1970 0 0 0 61000.5908203125 120.95703125 18143.754706584456 30884
1980 0 0 0 61000.5908203125 120.95703125 18143.754706584456 30884
1990 0 0 0 61000.5908203125 120.95703125 18143.754706584456 30884
2000 0 0 0 61000.5908203125 120.95703125 18143.754706584456 30884
2010 0 0 0 61000.5908203125 120.95703125 18143.754706584456 30884
2020 0 0 0 61000.5908203125 120.95703125 18143.754706584456 30884
2030 0 0 0 61000.5908203125 120.95703125 18143.754706584456 30884
2040 0 0 0 61000.5908203125 120.95703125 18143.754706584456 30884
2050 0 0 0 61000.5908203125 120.95703125 18143.754706584456 30884
2060 0 0 0 61000.5908203125 120.95703125 18143.754706584456 30884
2070 0 0 0 61000.5908203125 120.95703125 18143.754706584456 30884
2080 0 0 0 61000.5908203125 120.95703125 18143.754706584456 30884
2090 0 0 0 61000.5908203125 120.95703125 18143.754706584456 30884
2100 0 0 0 61000.5908203125 120.95703125 18143.754706584456 30884
2110 0 0 0 61000.5908203125 120.95703125 18143.754706584456 30884
2120 0 0 0 61000.5908203125 120.95703125 18143.754706584456 30884
2130 0 0 0 61000.5908203125 120.95703125 18143.754706584456 30884
2140 0 0 0 61000.5908203125 120.95703125 18143.754706584456 30884
2150 0 0 0 61000.5908203125 120.95703125 18143.754706584456 30884
2160 0 0 0 61000.5908203125 120.95703125 18143.754706584456 30884
2170 0 0 0 61000.5908203125 120.95703125 18143.754706584456 30884
2180 0 0 0 61000.5908203125 120.95703125 18143.754706584456 30884
2190 0 0 0 61000.5908203125 120.95703125 18143.754706584456 30884
2200 0 0 0 61000.5908203125 120.95703125 18143.754706584456 30884
2210 0 0 0 61000.5908203125 120.95703125 18143.754706584456 30884
2220 0 0 0 61000.5908203125 120.95703125 18143.754706584456 30884
2230 0 0 0 61000.5908203125 120.95703125 18143.754706584456 30884
2240 0 0 0 61000.5908203125 120.95703125 18143.754706584456 30884
2250 0 0 0 61000.5908203125 120.95703125 18143.754706584456 30884
2260 0 0 0 61000.5908203125 120.95703125 18143.754706584456 30884
2270 0 0 0 61000.5908203125 120.95703125 18143.754706584456 30884
2280 0 0 0 61000.5908203125 120.95703125 18143.754706584456 30884
2290 0 0 0 61000.5908203125 120.95703125 18143.754706584456 30884
2300 0 0 0 61000.5908203125 120.95703125 18143.754706584456 30884
2310 0 0 0 61000.5908203125 120.95703125 18143.754706584456 30884
2320 0 0 0 61000.5908203125 120.95703125 18143.754706584456 30884
2330 0 0 0 61000.5908203125 120.95703125 18143.754706584456 30884
2340 0 0 0 61000.5908203125 120.95703125 18143.754706584456 30884
2350 0 0 0 61000.5908203125 120.95703125 18143.754706584456 30884
2360 0 0 0 61000.5908203125 120.95703125 18143.754706584456 30884
2370 0 0 0 61000.5908203125 120.95703125 18143.754706584456 30884
2380 0 0 0 61000.5908203125 120.95703125 18143.754706584456 30884
2390 0 0 0 61000.5908203125 120.95703125 18143.754706584456 30884
2400 0 0 0 61000.5908203125 120.95703125 18143.754706584456 30884
2410 0 0 0 61000.5908203125 120.95703125 18143.754706584456 30884
2420 0 0 0 61000.5908203125 120.95703125 18143.754706584456 30884
2430 0 0 0 61000.5908203125 120.95703125 18143.754706584456 30884
2440 0 0 0 61000.5908203125 120.95703125 18143.754706584456 30884
2450 0 0 0 61000.5908203125 120.95703125 18143.754706584456 30884
2460 0 0 0 61000.5908203125 120.95703125 18143.754706584456 30884
2470 0 0 0 61000.5908203125 120.95703125 18143.754706584456 30884
2480 0 0 0 61000.5908203125 120.95703125 18143.754706584456 30884
2490 0 0 0 61000.5908203125 120.95703125 18143.754706584456 30884
2500 0 0 0 61000.5908203125 120.95703125 18143.754706584456 30884
2510 0 0 0 61000.5908203125 120.95703125 18143.754706584456 30884
2520 0 0 0 61000.5908203125 120.95703125 18143.754706584456 30884
2530 0 0 0 61000.5908203125 120.95703125 18143.754706584456 30884
2540 0 0 0 61000.5908203125 120.95703125 18143.754706584456 30884
2550 0 0 0 61000.5908203125 120.95703125 18143.754706584456 30884
2560 0 0 0 61000.5908203125 120.95703125 18143.754706584456 30884
2570 0 0 0 61000.5908203125 120.95703125 18143.754706584456 30884
2580 0 0 0 61000.5908203125 120.95703125 18143.754706584456 30884
2590 0 0 0 61000.5908203125 120.95703125 18143.754706584456 30884
2600 0 0 0 61000.5908203125 120.95703125 18143.754706584456 30884
2610 0 0 0 61000.5908203125 120.95703125 18143.754706584456 30884
2620 0 0 0 61000.5908203125 120.95703125 18143.754706584456 30884
2630 0 0 0 61000.5908203125 120.95703125 18143.754706584456 30884
2640 0 0 0 61000.5908203125 120.95703125 18143.754706584456 30884
2650 0 0 0 61000.5908203125 120.95703125 18143.754706584456 30884
2660 0 0 0 61000.5908203125 120.95703125 18143.754706584456 30884
2670 0 0 0 61000.5908203125 120.95703125 18143.754706584456 30884
2680 0 0 0 61000.5908203125 120.95703125 18143.754706584456 30884
2690 0 0 0 61000.5908203125 120.95703125 18143.754706584456 30884
2700 0 0 0 61000.5908203125 120.95703125 18143.754706584456 30884
2710 0 0 0 61000.5908203125 120.95703125 18143.754706584456 30884
2720 0 0 0 61000.5908203125 120.95703125 18143.754706584456 30884
2730 0 0 0 61000.5908203125 120.95703125 18143.754706584456 30884
2740 0 0 0 61000.5908203125 120.95703125 18143.754706584456 30884
2750 0 0 0 61000.5908203125 120.95703125 18143.754706584456 30884
2760 0 0 0 61000.5908203125 120.95703125 18143.754706584456 30884
2770 0 0 0 61000.5908203125 120.95703125 18143.754706584456 30884
2780 0 0 0 61000.5908203125 120.95703125 18143.754706584456 30884
2790 0 0 0 61000.5908203125 120.95703125 18143.754706584456 30884
2800 0 0 0 61000.5908203125 120.95703125 18143.754706584456 30884
2810 0 0 0 61000.5908203125 120.95703125 18143.754706584456 30884
2820 0 0 0 61000.5908203125 120.95703125 18143.754706584456 30884
2830 0 0 0 61000.5908203125 120.95703125 18143.754706584456 30884
2840 0 0 0 61000.5908203125 120.95703125 18143.754706584456 30884
2850 0 0 0 61000.5908203125 120.95703125 18143.754706584456 30884
2860 0 0 0 61000.5908203125 120.95703125 18143.754706584456 30884
2870 0 0 0 61000.5908203125 120.95703125 18143.754706584456 30884
2880 0 0 0 61000.5908203125 120.95703125 18143.754706584456 30884
2890 0 0 0 61000.5908203125 120.95703125 18143.754706584456 30884
2900 0 0 0 61000.5908203125 120.95703125 18143.754706584456 30884
2910 0 0 0 61000.5908203125 120.95703125 18143.754706584456 30884
2920 0 0 0 61000.5908203125 120.95703125 18143.754706584456 30884
2930 0 0 0 61000.5908203125 120.95703125 18143.754706584456 30884
2940 0 0 0 61000.5908203125 120.95703125 18143.754706584456 30884
2950 0 0 0 61000.5908203125 120.95703125 18143.754706584456 30884
2960 0 0 0 61000.5908203125 120.95703125 18143.754706584456 30884
2970 0 0 0 61000.5908203125 120.95703125 18143.754706584456 30884
2980 0 0 0 61000.5908203125 120.95703125 18143.754706584456 30884
2990 0 0 0 61000.5908203125 120.95703125 18143.754706584456 30884
3000 0 0 0 61000.5908203125 120.95703125 18143.754706584456 30884
3010 0 0 0 61000.5908203125 120.95703125 18143.754706584456 30884
3020 0 0 0 61000.5908203125 120.95703125 18143.754706584456 30884
3030 0 0 0 61000.5908203125 120.95703125 18143.754706584456 30884
3040 0 0 0 61000.5908203125 120.95703125 18143.754706584456 30884
3050 0 0 0 61000.5908203125 120.95703125 18143.754706584456 30884
3060 0 0 0 61000.5908203125 120.95703125 18143.754706584456 30884
3070 0 0 0 61000.5908203125 120.95703125 18143.754706584456 30884
3080 0 0 0 61000.5908203125 120.95703125 18143.754706584456 30884
3090 0 0 0 61000.5908203125 120.95703125 18143.754706584456 30884
3100 0 0 0 61000.5908203125 120.95703125 18143.754706584456 30884
3110 0 0 0 61000.5908203125 120.95703125 18143.754706584456 30884
3120 0 0 0 61000.5908203125 120.95703125 18143.754706584456 30884
3130 0 0 0 61000.5908203125 120.95703125 18143.754706584456 30884
3140 0 0 0 61000.5908203125 120.95703125 18143.754706584456 30884
3150 0 0 0 61000.5908203125 120.95703125 18143.754706584456 30884
3160 0 0 0 61000.5908203125 120.95703125 18143.754706584456 30884
3170 0 0 0 61000.5908203125 120.95703125 18143.754706584456 30884
3180 0 0 0 61000.5908203125 120.95703125 18143.754706584456 30884
3190 0 0 0 61000.5908203125 120.95703125 18143.754706584456 30884
3200 0 0 0 61000.5908203125 120.95703125 18143.754706584456 30884
3210 0 0 0 61000.5908203125 120.95703125 18143.754706584456 30884
3220 0 0 0 61000.5908203125 120.95703125 18143.754706584456 30884
3230 0 0 0 61000.5908203125 120.95703125 18143.754706584456 30884
3240 0 0 0 61000.5908203125 120.95703125 18143.754706584456 30884
3250 0 0 0 61000.5908203125 120.95703125 18143.754706584456 30884
3260 0 0 0 61000.5908203125 120.95703125 18143.754706584456 30884
3270 0 0 0 61000.5908203125 120.95703125 18143.754706584456 30884
3280 0 0 0 61000.5908203125 120.95703125 18143.754706584456 30884
3290 0 0 0 61000.5908203125 120.95703125 18143.754706584456 30884
3300 0 0 0 61000.5908203125 120.95703125 18143.754706584456 30884
3310 0 0 0 61000.5908203125 120.95703125 18143.754706584456 30884
3320 0 0 0 61000.5908203125 120.95703125 18143.754706584456 30884
3330 0 0 0 61000.5908203125 120.95703125 18143.754706584456 30884
3340 0 0 0 61000.5908203125 120.95703125 18143.754706584456 30884
3350 0 0 0 61000.5908203125 120.95703125 18143.754706584456 30884
3360 0 0 0 61000.5908203125 120.95703125 18143.754706584456 30884
