0 2 2
10 1 -1
20 5 4
30 6 1
40 3 -3
50 0 -3
60 3 3
70 2 -1
80 2 0
90 1 -1
100 5 4
110 5 0
120 3 -2
130 4 1
140 3 -1
150 3 0
160 2 -1
170 0 -2
180 3 3
190 4 1
200 2 -2
210 5 3
220 0 -5
230 2 2
240 2 0
250 2 0
260 4 2
270 4 0
280 3 -1
290 4 1
300 3 -1
310 2 -1
320 3 1
330 2 -1
340 3 1
350 3 0
360 3 0
370 2 -1
380 2 0
390 2 0
400 2 0
410 2 0
420 2 0
430 2 0
440 4 2
450 1 -3
460 2 1
470 1 -1
480 1 0
490 1 0
500 2 1
510 2 0
520 3 1
530 2 -1
540 2 0
550 1 -1
560 1 0
570 2 1
580 2 0
590 2 0
600 2 0
610 2 0
620 2 0
630 2 0
640 1 -1
650 2 1
660 2 0
670 1 -1
680 1 0
690 1 0
700 1 0
710 1 0
720 1 0
730 1 0
740 1 0
750 2 1
760 2 0
770 1 -1
780 1 0
790 1 0
800 2 1
810 2 0
820 2 0
830 2 0
840 2 0
850 2 0
860 2 0
870 2 0
880 2 0
890 2 0
900 2 0
910 2 0
920 2 0
930 1 -1
940 1 0
950 1 0
960 1 0
970 1 0
980 1 0
990 1 0
1000 1 0
1010 1 0
1020 1 0
1030 1 0
1040 1 0
1050 1 0
1060 1 0
1070 1 0
1080 1 0
1090 1 0
1100 1 0
1110 1 0
1120 1 0
1130 1 0
1140 1 0
1150 1 0
1160 1 0
1170 1 0
1180 1 0
1190 1 0
1200 1 0
1210 1 0
1220 1 0
1230 1 0
1240 1 0
1250 1 0
1260 1 0
1270 1 0
1280 1 0
1290 1 0
1300 1 0
1310 1 0
1320 1 0
1330 1 0
1340 1 0
1350 1 0
1360 1 0
1370 1 0
1380 1 0
1390 1 0
1400 1 0
1410 1 0
1420 1 0
1430 1 0
1440 1 0
1450 1 0
1460 1 0
1470 1 0
1480 1 0
1490 1 0
1500 1 0
1510 1 0
1520 1 0
1530 1 0
1540 1 0
1550 1 0
1560 1 0
1570 1 0
1580 1 0
1590 1 0
1600 1 0
1610 1 0
1620 1 0
1630 1 0
1640 1 0
1650 1 0
1660 1 0
1670 1 0
1680 1 0
1690 1 0
1700 1 0
1710 1 0
1720 1 0
1730 1 0
1740 1 0
1750 1 0
1760 1 0
1770 1 0
1780 1 0
1790 1 0
1800 1 0
1810 1 0
1820 1 0
1830 1 0
1840 1 0
1850 2 1
1860 1 -1
1870 1 0
1880 2 1
1890 2 0
1900 2 0
1910 2 0
1920 1 -1
1930 1 0
1940 1 0
1950 1 0
1960 1 0
1970 1 0
1980 1 0
1990 1 0
2000 1 0
2010 1 0
2020 1 0
2030 1 0
2040 1 0
2050 1 0
2060 1 0
2070 1 0
2080 1 0
2090 1 0
2100 1 0
2110 1 0
2120 1 0
2130 1 0
2140 1 0
2150 1 0
2160 1 0
2170 1 0
2180 1 0
2190 1 0
2200 1 0
2210 1 0
2220 1 0
2230 1 0
2240 1 0
2250 1 0
2260 1 0
2270 1 0
2280 1 0
2290 1 0
2300 1 0
2310 1 0
2320 1 0
2330 1 0
2340 1 0
2350 1 0
2360 1 0
2370 1 0
2380 1 0
2390 1 0
2400 1 0
2410 1 0
2420 1 0
2430 1 0
2440 1 0
2450 1 0
2460 1 0
2470 1 0
2480 1 0
2490 1 0
2500 1 0
2510 1 0
2520 1 0
2530 1 0
2540 1 0
2550 1 0
2560 1 0
2570 1 0
2580 1 0
2590 1 0
2600 1 0
2610 1 0
2620 1 0
2630 1 0
2640 1 0
2650 1 0
2660 1 0
2670 1 0
2680 1 0
2690 1 0
2700 1 0
2710 1 0
2720 1 0
2730 1 0
2740 1 0
2750 1 0
2760 1 0
2770 1 0
2780 1 0
2790 1 0
2800 1 0
2810 1 0
2820 1 0
2830 1 0
2840 1 0
2850 1 0
2860 1 0
2870 1 0
2880 1 0
2890 1 0
2900 1 0
2910 1 0
2920 1 0
2930 1 0
2940 1 0
2950 1 0
2960 1 0
2970 1 0
2980 1 0
2990 1 0
3000 1 0
3010 1 0
3020 1 0
3030 1 0
3040 1 0
3050 1 0
3060 1 0
3070 1 0
3080 1 0
3090 1 0
3100 1 0
3110 1 0
3120 1 0
3130 1 0
3140 1 0
3150 1 0
3160 1 0
3170 1 0
3180 1 0
3190 1 0
3200 1 0
3210 1 0
3220 1 0
3230 1 0
3240 1 0
3250 1 0
3260 1 0
3270 1 0
3280 1 0
3290 1 0
3300 1 0
3310 1 0
3320 1 0
3330 1 0
3340 1 0
3350 1 0
3360 1 0
