490 3.3 33
500 5.8 91
510 11.4 205
520 16.7 372
530 24.3 615
540 22.3 838
550 23.4 1072
560 22.1 1293
570 21.4 1507
580 21.9 1726
590 26.4 1990
600 19.4 2184
610 23.8 2422
620 23.4 2656
630 24.5 2901
640 23.1 3132
650 25.1 3383
660 24.5 3628
670 24 3868
680 25.3 4121
690 27.6 4397
700 25.2 4649
710 25.7 4906
720 25.9 5165
730 28.8 5453
740 30.1 5754
750 28.2 6036
760 28.2 6318
770 34.3 6661
780 36.5 7026
790 30.1 7327
800 30.2 7629
810 32.7 7956
820 30.9 8265
830 33.1 8596
840 30.6 8902
850 27.7 9179
860 30.3 9482
870 27.7 9759
880 31.1 10070
890 32.7 10397
900 29.6 10693
910 28.9 10982
920 29.2 11274
930 32.1 11595
940 37.3 11968
950 32.1 12289
960 34.4 12633
970 39.7 13030
980 37.8 13408
990 34.3 13751
1000 35.9 14110
1010 34.9 14459
1020 38.1 14840
1030 36.2 15202
1040 36.5 15567
1050 33.7 15904
1060 34.9 16253
1070 31.9 16572
1080 35.6 16928
1090 34.1 17269
1100 34.1 17610
1110 35.5 17965
1120 38 18345
1130 40.2 18747
1140 36 19107
1150 41.1 19518
1160 35.5 19873
1170 39.2 20265
1180 42.5 20690
1190 35.7 21047
1200 36.5 21412
1210 37.8 21790
1220 39.5 22185
1230 33.6 22521
1240 41.3 22934
1250 37.7 23311
1260 35.4 23665
1270 37.6 24041
1280 40 24441
1290 39.4 24835
1300 35.5 25190
1310 35.3 25543
1320 34.3 25886
1330 36.1 26247
1340 34 26587
1350 33.1 26918
1360 33.3 27251
1370 34.4 27595
1380 38.3 27978
1390 37 28348
1400 36.7 28715
1410 36.9 29084
1420 36.7 29451
1430 34.8 29799
1440 33.7 30136
1450 33.9 30475
1460 36.3 30838
1470 34.8 31186
1480 37 31556
1490 39.1 31947
1500 35 32297
1510 33.2 32629
1520 38 33009
1530 34.2 33351
1540 32.1 33672
1550 32.7 33999
1560 33.3 34332
1570 35.1 34683
1580 36.8 35051
1590 38.9 35440
1600 36.6 35806
1610 38.2 36188
1620 34.4 36532
1630 36.7 36899
1640 35 37249
1650 37.8 37627
1660 34.6 37973
1670 35.9 38332
1680 31.9 38651
1690 37.2 39023
1700 34.8 39371
1710 33.9 39710
1720 39.8 40108
1730 35.9 40467
1740 35.5 40822
1750 33.5 41157
1760 36.2 41519
1770 30.8 41827
1780 35.3 42180
1790 34.8 42528
1800 33.4 42862
1810 34.8 43210
1820 29.5 43505
1830 28.7 43792
1840 22.4 44016
1850 12 44136
1860 4.4 44180
1870 2.4 44204
1880 0 44204
1890 0 44204
1900 0.1 44205
1910 0 44205
1920 0 44205
1930 0 44205
1940 0 44205
1950 0 44205
1960 0 44205
1970 0 44205
1980 0 44205
1990 0 44205
2000 0 44205
2010 0 44205
2020 0 44205
2030 0 44205
2040 0 44205
2050 0 44205
2060 0 44205
2070 0 44205
2080 0 44205
2090 0 44205
2100 0 44205
2110 0 44205
2120 0 44205
2130 0 44205
2140 0 44205
2150 0 44205
2160 0 44205
2170 0 44205
2180 0 44205
2190 0 44205
2200 0 44205
2210 0 44205
2220 0 44205
2230 0 44205
2240 0 44205
2250 0 44205
2260 0 44205
2270 0 44205
2280 0 44205
2290 0 44205
2300 0 44205
2310 0 44205
2320 0 44205
2330 0 44205
2340 0 44205
2350 0 44205
2360 0 44205
2370 0 44205
2380 0 44205
2390 0 44205
2400 0 44205
2410 0 44205
2420 0 44205
2430 0 44205
2440 0 44205
2450 0 44205
2460 0 44205
2470 0 44205
2480 0 44205
2490 0 44205
2500 0 44205
2510 0 44205
2520 0 44205
2530 0 44205
2540 0 44205
2550 0 44205
2560 0 44205
2570 0 44205
2580 0 44205
2590 0 44205
2600 0 44205
2610 0 44205
2620 0 44205
2630 0 44205
2640 0 44205
2650 0 44205
2660 0 44205
2670 0 44205
2680 0 44205
2690 0 44205
2700 0 44205
2710 0 44205
2720 0 44205
2730 0 44205
2740 0 44205
2750 0 44205
2760 0 44205
2770 0 44205
2780 0 44205
2790 0 44205
2800 0 44205
2810 0 44205
2820 0 44205
2830 0 44205
2840 0 44205
2850 0 44205
2860 0 44205
2870 0 44205
2880 0 44205
2890 0 44205
2900 0 44205
2910 0 44205
2920 0 44205
2930 0 44205
2940 0 44205
2950 0 44205
2960 0 44205
2970 0 44205
2980 0 44205
2990 0 44205
3000 0 44205
3010 0 44205
3020 0 44205
3030 0 44205
3040 0 44205
3050 0 44205
3060 0 44205
3070 0 44205
3080 0 44205
3090 0 44205
3100 0 44205
3110 0 44205
3120 0 44205
3130 0 44205
3140 0 44205
3150 0 44205
3160 0 44205
3170 0 44205
3180 0 44205
3190 0 44205
3200 0 44205
3210 0 44205
3220 0 44205
3230 0 44205
3240 0 44205
3250 0 44205
3260 0 44205
3270 0 44205
3280 0 44205
3290 0 44205
3300 0 44205
3310 0 44205
3320 0 44205
3330 0 44205
3340 0 44205
3350 0 44205
3360 0 44205
