780 13.4 134
790 12.9 263
800 0.1 264
810 0 264
820 0 264
830 0 264
840 0 264
850 0 264
860 0 264
870 0 264
880 0 264
890 0 264
900 0 264
910 0 264
920 0 264
930 9.1 355
940 11.3 468
950 11.9 587
960 13.6 723
970 12.1 844
980 12.8 972
990 12.7 1099
1000 13.2 1231
1010 13.5 1366
1020 14 1506
1030 13.3 1639
1040 12.3 1762
1050 13 1892
1060 13.4 2026
1070 13.7 2163
1080 13 2293
1090 14.1 2434
1100 11.6 2550
1110 14 2690
1120 12.8 2818
1130 12.2 2940
1140 12.2 3062
1150 12.3 3185
1160 11.9 3304
1170 13.2 3436
1180 11 3546
1190 13 3676
1200 13.5 3811
1210 13.2 3943
1220 12.4 4067
1230 12.9 4196
1240 11.8 4314
1250 12.6 4440
1260 12.9 4569
1270 12.7 4696
1280 12.5 4821
1290 12.3 4944
1300 13.6 5080
1310 12.4 5204
1320 13.2 5336
1330 11.9 5455
1340 12.6 5581
1350 12.9 5710
1360 12.1 5831
1370 12.9 5960
1380 12.9 6089
1390 12 6209
1400 12.9 6338
1410 12.9 6467
1420 12.4 6591
1430 12.2 6713
1440 12.6 6839
1450 13.3 6972
1460 12.6 7098
1470 13.2 7230
1480 11.9 7349
1490 11.9 7468
1500 12.8 7596
1510 13 7726
1520 12.4 7850
1530 13.3 7983
1540 13.3 8116
1550 12.7 8243
1560 12.7 8370
1570 13.4 8504
1580 13 8634
1590 13 8764
1600 12.8 8892
1610 12 9012
1620 11.4 9126
1630 13 9256
1640 13.1 9387
1650 12.2 9509
1660 12 9629
1670 12.9 9758
1680 12.6 9884
1690 12.8 10012
1700 13.2 10144
1710 13.2 10276
1720 12.7 10403
1730 12.4 10527
1740 11.6 10643
1750 13 10773
1760 13.4 10907
1770 13 11037
1780 12.8 11165
1790 13.2 11297
1800 13 11427
1810 13.4 11561
1820 13 11691
1830 13 11821
1840 12.7 11948
1850 1.9 11967
1860 2 11987
1870 5.4 12041
1880 0 12041
1890 0 12041
1900 0 12041
1910 0 12041
1920 0 12041
1930 0 12041
1940 0 12041
1950 0 12041
1960 0 12041
1970 0 12041
1980 0 12041
1990 0 12041
2000 0 12041
2010 0 12041
2020 0 12041
2030 0 12041
2040 0 12041
2050 0 12041
2060 0 12041
2070 0 12041
2080 0 12041
2090 0 12041
2100 0 12041
2110 0 12041
2120 0 12041
2130 0 12041
2140 0 12041
2150 0 12041
2160 0 12041
2170 0 12041
2180 0 12041
2190 0 12041
2200 0 12041
2210 0 12041
2220 0 12041
2230 0 12041
2240 0 12041
2250 0 12041
2260 0 12041
2270 0 12041
2280 0 12041
2290 0 12041
2300 0 12041
2310 0 12041
2320 0 12041
2330 0 12041
2340 0 12041
2350 0 12041
2360 0 12041
2370 0 12041
2380 0 12041
2390 0 12041
2400 0 12041
2410 0 12041
2420 0 12041
2430 0 12041
2440 0 12041
2450 0 12041
2460 0 12041
2470 0 12041
2480 0 12041
2490 0 12041
2500 0 12041
2510 0 12041
2520 0 12041
2530 0 12041
2540 0 12041
2550 0 12041
2560 0 12041
2570 0 12041
2580 0 12041
2590 0 12041
2600 0 12041
2610 0 12041
2620 0 12041
2630 0 12041
2640 0 12041
2650 0 12041
2660 0 12041
2670 0 12041
2680 0 12041
2690 0 12041
2700 0 12041
2710 0 12041
2720 0 12041
2730 0 12041
2740 0 12041
2750 0 12041
2760 0 12041
2770 0 12041
2780 0 12041
2790 0 12041
2800 0 12041
2810 0 12041
2820 0 12041
2830 0 12041
2840 0 12041
2850 0 12041
2860 0 12041
2870 0 12041
2880 0 12041
2890 0 12041
2900 0 12041
2910 0 12041
2920 0 12041
2930 0 12041
2940 0 12041
2950 0 12041
2960 0 12041
2970 0 12041
2980 0 12041
2990 0 12041
3000 0 12041
3010 0 12041
3020 0 12041
3030 0 12041
3040 0 12041
3050 0 12041
3060 0 12041
3070 0 12041
3080 0 12041
3090 0 12041
3100 0 12041
3110 0 12041
3120 0 12041
3130 0 12041
3140 0 12041
3150 0 12041
3160 0 12041
3170 0 12041
3180 0 12041
3190 0 12041
3200 0 12041
3210 0 12041
3220 0 12041
3230 0 12041
3240 0 12041
3250 0 12041
3260 0 12041
3270 0 12041
3280 0 12041
3290 0 12041
3300 0 12041
3310 0 12041
3320 0 12041
3330 0 12041
3340 0 12041
3350 0 12041
3360 0 12041
