0 23.1 231
10 44.8 679
20 50.8 1187
30 50 1687
40 49.7 2184
50 49.9 2683
60 46.9 3152
70 50.1 3653
80 46 4113
90 47.1 4584
100 45.5 5039
110 48 5519
120 48.3 6002
130 50.4 6506
140 47.5 6981
150 50.8 7489
160 47.5 7964
170 43.8 8402
180 49.6 8898
190 45.5 9353
200 50.1 9854
210 46.9 10323
220 47 10793
230 46.5 11258
240 51.4 11772
250 46.8 12240
260 45.8 12698
270 46.1 13159
280 48.3 13642
290 48 14122
300 44.8 14570
310 49.1 15061
320 48.9 15550
330 49.6 16046
340 46.9 16515
350 45.8 16973
360 45.7 17430
370 44.3 17873
380 37.5 18248
390 25.1 18499
400 30 18799
410 30.3 19102
420 31.8 19420
430 37.1 19791
440 36.9 20160
450 33 20490
460 18.8 20678
470 20.2 20880
480 18.5 21065
490 19.5 21260
500 20.8 21468
510 26.3 21731
520 26.4 21995
530 25.4 22249
540 26.3 22512
550 25.8 22770
560 25.5 23025
570 25.3 23278
580 24.1 23519
590 23.9 23758
600 24 23998
610 23.7 24235
620 24.4 24479
630 24.4 24723
640 22.1 24944
650 24.3 25187
660 23.7 25424
670 23.8 25662
680 20.2 25864
690 18.2 26046
700 17.6 26222
710 17.7 26399
720 17.6 26575
730 16.8 26743
740 17 26913
750 16.6 27079
760 16.4 27243
770 16.5 27408
780 1.4 27422
790 0.7 27429
800 17 27599
810 17.2 27771
820 16.6 27937
830 16.2 28099
840 17.7 28276
850 19.6 28472
860 19.6 28668
870 20.1 28869
880 17.3 29042
890 16.1 29203
900 16.1 29364
910 16.5 29529
920 15.7 29686
930 3.8 29724
940 0 29724
950 0 29724
960 0 29724
970 0 29724
980 0 29724
990 0 29724
1000 0 29724
1010 0 29724
1020 0 29724
1030 0 29724
1040 0 29724
1050 0 29724
1060 0 29724
1070 0 29724
1080 0 29724
1090 0 29724
1100 0 29724
1110 0 29724
1120 0 29724
1130 0 29724
1140 0 29724
1150 0 29724
1160 0 29724
1170 0 29724
1180 0 29724
1190 0 29724
1200 0 29724
1210 0 29724
1220 0 29724
1230 0 29724
1240 0 29724
1250 0 29724
1260 0 29724
1270 0 29724
1280 0 29724
1290 0 29724
1300 0 29724
1310 0 29724
1320 0 29724
1330 0 29724
1340 0 29724
1350 0 29724
1360 0 29724
1370 0 29724
1380 0 29724
1390 0 29724
1400 0 29724
1410 0 29724
1420 0 29724
1430 0 29724
1440 0 29724
1450 0 29724
1460 0 29724
1470 0 29724
1480 0 29724
1490 0 29724
1500 0 29724
1510 0 29724
1520 0 29724
1530 0 29724
1540 0 29724
1550 0 29724
1560 0 29724
1570 0 29724
1580 0 29724
1590 0 29724
1600 0 29724
1610 0 29724
1620 0 29724
1630 0 29724
1640 0 29724
1650 0 29724
1660 0 29724
1670 0 29724
1680 0 29724
1690 0 29724
1700 0 29724
1710 0 29724
1720 0 29724
1730 0 29724
1740 0 29724
1750 0 29724
1760 0 29724
1770 0 29724
1780 0 29724
1790 0 29724
1800 0 29724
1810 0 29724
1820 0 29724
1830 0 29724
1840 0 29724
1850 14.1 29865
1860 14.2 30007
1870 9.1 30098
1880 17.2 30270
1890 16.9 30439
1900 16.5 30604
1910 16.8 30772
1920 9.9 30871
1930 0 30871
1940 0 30871
1950 0 30871
1960 0 30871
1970 0 30871
1980 0 30871
1990 0 30871
2000 0 30871
2010 0 30871
2020 0 30871
2030 0 30871
2040 0 30871
2050 0 30871
2060 0 30871
2070 0 30871
2080 0 30871
2090 0 30871
2100 0 30871
2110 0 30871
2120 0 30871
2130 0 30871
2140 0 30871
2150 0 30871
2160 0 30871
2170 0 30871
2180 0 30871
2190 0 30871
2200 0 30871
2210 0 30871
2220 0 30871
2230 0 30871
2240 0 30871
2250 0 30871
2260 0 30871
2270 0 30871
2280 0 30871
2290 0 30871
2300 0 30871
2310 0 30871
2320 0 30871
2330 0 30871
2340 0 30871
2350 0 30871
2360 0 30871
2370 0 30871
2380 0 30871
2390 0 30871
2400 0 30871
2410 0 30871
2420 0 30871
2430 0 30871
2440 0 30871
2450 0 30871
2460 0 30871
2470 0 30871
2480 0 30871
2490 0 30871
2500 0 30871
2510 0 30871
2520 0 30871
2530 0 30871
2540 0 30871
2550 0 30871
2560 0 30871
2570 0 30871
2580 0 30871
2590 0 30871
2600 0 30871
2610 0 30871
2620 0 30871
2630 0 30871
2640 0 30871
2650 0 30871
2660 0 30871
2670 0 30871
2680 0 30871
2690 0 30871
2700 0 30871
2710 0 30871
2720 0 30871
2730 0 30871
2740 0 30871
2750 0 30871
2760 0 30871
2770 0 30871
2780 0 30871
2790 0 30871
2800 0 30871
2810 0 30871
2820 0 30871
2830 0 30871
2840 0 30871
2850 0 30871
2860 0 30871
2870 0 30871
2880 0 30871
2890 0 30871
2900 0 30871
2910 0 30871
2920 0 30871
2930 0 30871
2940 0 30871
2950 0 30871
2960 0 30871
2970 0 30871
2980 0 30871
2990 0 30871
3000 0 30871
3010 0 30871
3020 0 30871
3030 0 30871
3040 0 30871
3050 0 30871
3060 0 30871
3070 0 30871
3080 0 30871
3090 0 30871
3100 0 30871
3110 0 30871
3120 0 30871
3130 0 30871
3140 0 30871
3150 0 30871
3160 0 30871
3170 0 30871
3180 0 30871
3190 0 30871
3200 0 30871
3210 0 30871
3220 0 30871
3230 0 30871
3240 0 30871
3250 0 30871
3260 0 30871
3270 0 30871
3280 0 30871
3290 0 30871
3300 0 30871
3310 0 30871
3320 0 30871
3330 0 30871
3340 0 30871
3350 0 30871
3360 0 30871
