0 23.1 207.61701311383928 30.091593156203167 329.033935546875 173.796875 0 0
10 44.8 204.6249002729143 27.322495035768764 551.98486328125 171.9150390625 207.61701311383928 231
20 50.8 207.44485641839938 23.756315714912585 551.98486328125 171.9150390625 205.64283556931144 679
30 50 207.4292202148437 24.230096289068342 551.98486328125 171.9150390625 206.41404584002476 1187
40 49.7 212.52929589254276 30.49047637297739 551.98486328125 171.9150390625 206.7149273974696 1687
50 49.9 206.76201573068005 18.66804895936322 551.98486328125 171.9150390625 208.03806894602792 2184
60 46.9 228.17107022088214 79.07419187635853 679.205078125 171.9150390625 207.80074112103406 2683
70 50.1 206.3882094210017 21.16077309179286 679.205078125 171.9150390625 210.8317323481371 3152
80 46 206.8445519488791 18.678942008233346 679.205078125 171.9150390625 210.22231406549412 3653
90 47.1 209.40543101446386 22.80140138373924 679.205078125 171.9150390625 209.84454344219168 4113
100 45.5 209.83539395175137 50.219786506538256 1203.09716796875 171.9150390625 209.79942521499714 4584
110 48 214.71275990804037 68.47574225193895 1255.283935546875 171.9150390625 209.8026730370299 5039
120 48.3 222.22548080033644 54.77668362694216 1255.283935546875 171.9150390625 210.22971447534937 5519
130 50.4 219.6567925347222 51.22532763900136 1255.283935546875 171.9150390625 211.19505188537414 6002
140 47.5 215.92605982730262 48.24741600483307 1255.283935546875 171.9150390625 211.85055715547426 6506
150 50.8 219.162006047767 48.434381108980865 1255.283935546875 171.9150390625 212.1278618065441 6981
160 47.5 215.7082437294408 20.372445293744395 1255.283935546875 171.9150390625 212.60500765706368 7489
170 43.8 219.73158410477308 69.08890019590052 1255.283935546875 171.9150390625 212.79009519277176 7964
180 49.6 226.47116384198586 65.69644501911735 1255.283935546875 171.9150390625 213.15195809963402 8402
190 45.5 245.67557520604396 109.15479650522894 1265.789794921875 171.9150390625 213.89440876812205 8898
200 50.1 240.47423950926273 59.12776531916342 1290.950927734375 171.9150390625 215.4404828330482 9353
210 46.9 234.5812852936767 54.8421514269138 1290.950927734375 171.9150390625 216.71325653862803 9854
220 47 232.04994078291224 82.59117552550909 1290.950927734375 171.9150390625 217.52504627863752 10323
230 46.5 242.97704605594757 98.18563236666719 1290.950927734375 171.9150390625 218.15755813048676 10793
240 51.4 272.42345621428126 122.60489396514988 1831.656005859375 171.9150390625 219.18270130736892 11258
250 46.8 267.813748351529 101.80121890190078 1831.656005859375 171.9150390625 221.5073486079256 11772
260 45.8 274.27199397857584 106.83717260644143 1831.656005859375 171.9150390625 223.2778874216516 12240
270 46.1 271.50381516065613 120.29790868122006 1831.656005859375 171.9150390625 225.1171771368092 12698
280 48.3 284.0448167378364 114.62561881408648 1831.656005859375 171.9150390625 226.74224288109016 13159
290 48 331.8543940226237 155.05749626100078 1831.656005859375 171.9150390625 228.77106146874655 13642
300 44.8 326.99236025129045 127.26917041981845 1831.656005859375 171.9150390625 232.27481445174197 14122
310 49.1 385.45904752338964 144.01719791410275 1831.656005859375 171.9150390625 235.18720021139865 14570
320 48.9 596.3684211840172 300.00166676601606 2171.801025390625 171.9150390625 240.0861761778144 15061
330 49.6 1078.7576599121103 183.29992805384916 2210.47998046875 171.9150390625 251.29016446128918 15550
340 46.9 732.7341240921509 145.63733123527078 2210.47998046875 171.9150390625 276.86812019752296 16046
350 45.8 1708.9239421994396 397.0208936406396 3178.489990234375 171.9150390625 289.81399702625924 16515
360 45.7 3008.1179765496786 367.509280000124 4367.6279296875 171.9150390625 328.1073072772059 16973
370 44.3 4019.4394426539575 212.00124140517022 5545.35302734375 171.9150390625 398.37494215141817 17430
380 37.5 4649.591789062501 447.9855132953372 6051.3759765625 171.9150390625 488.1266107981269 17873
390 25.1 8466.977088715448 1373.5437370157463 10904.4541015625 171.9150390625 573.6455411931915 18248
400 30 12273.573842773441 965.7049188406738 13914.297119140625 171.9150390625 680.7446394378582 18499
410 30.3 15843.29206873324 1152.9886161461238 17734.2939453125 171.9150390625 865.7464353312926 18799
420 31.8 19311.89547326431 821.4146928481042 20414.198974609375 171.9150390625 1103.323460088951 19102
430 37.1 21671.184251152907 746.4380423041432 23562.880126953125 171.9150390625 1401.4864827557772 19420
440 36.9 24284.19828188516 654.3233115036153 26167.280029296875 171.9150390625 1781.4601006667133 19791
450 33 26724.617081705717 741.8577214463236 28728.9619140625 171.9150390625 2193.340576305087 20160
460 18.8 30851.4910641934 1427.4698027445845 33201.43798828125 171.9150390625 2588.4270207551704 20490
470 20.2 35664.53719881266 1290.3550425062724 38682.252197265625 171.9150390625 2845.388817842238 20678
480 18.5 40111.552379381326 1283.8983063795313 42383.846923828125 171.9150390625 3162.892073252009 20880
490 19.5 44637.94474158653 1329.2147375481327 46893.300048828125 171.9150390625 3487.387784461785 21065
500 20.8 49350.55183997521 1314.3745839149892 51202.51904296875 171.9150390625 3864.8270415943966 21260
510 26.3 49164.40305482119 1138.6422666049468 51202.51904296875 171.9150390625 4305.530915176622 21468
520 26.4 45796.47160755503 1123.1480801317043 51202.51904296875 171.9150390625 4848.436597047062 21731
530 25.4 42641.67675492892 879.4978130968317 51202.51904296875 171.9150390625 5339.924719019061 21995
540 26.3 39403.21415867097 807.5426387560927 51202.51904296875 171.9150390625 5765.770600502324 22249
550 25.8 38837.99513327431 197.55821278041424 51202.51904296875 171.9150390625 6158.74535422471 22512
560 25.5 38952.910627297795 393.05895320571835 51202.51904296875 171.9150390625 6529.024073723823 22770
570 25.3 39172.419559041504 164.3591339041108 51202.51904296875 171.9150390625 6888.115976923013 23025
580 24.1 39742.50952553649 259.6056804296865 51202.51904296875 171.9150390625 7239.002170164527 23278
590 23.9 40476.20130058512 283.2235410574765 51202.51904296875 171.9150390625 7572.066725317581 23519
600 24 41219.46289571125 212.35021032577248 51202.51904296875 171.9150390625 7903.074729505178 23758
610 23.7 41796.717966071665 291.3262320792303 51202.51904296875 171.9150390625 8236.266377137874 23998
620 24.4 42051.66047643441 184.7822212171133 51202.51904296875 171.9150390625 8564.462251970856 24235
630 24.4 41935.18213891198 185.01852536692462 51202.51904296875 171.9150390625 8898.253516596416 24479
640 22.1 42015.18744365984 188.54724604209005 51202.51904296875 171.9150390625 9224.306608205243 24723
650 24.3 42031.89272079154 174.17956568944416 51202.51904296875 171.9150390625 9514.828764420583 24944
660 23.7 41996.754075191224 221.851472523986 51202.51904296875 171.9150390625 9828.548006148385 25187
670 23.8 42209.13412860258 176.97902732045586 51202.51904296875 171.9150390625 10128.416824523272 25424
680 20.2 42855.523268293626 457.64813663884377 51202.51904296875 171.9150390625 10425.946663131755 25662
690 18.2 44952.61437719997 745.6930187952152 51202.51904296875 171.9150390625 10679.224364734087 25864
700 17.6 47585.174960049735 804.8127170411519 51202.51904296875 171.9150390625 10918.714381714382 26046
710 17.7 50317.381220758274 734.2489734210743 52163.52099609375 171.9150390625 11164.816779006238 26222
720 17.6 52854.28756852583 783.0129067913364 54211.8798828125 171.9150390625 11427.326870532057 26399
730 16.8 55653.49551827567 766.6698913057924 57454.387939453125 171.9150390625 11701.687927271358 26575
740 17 57482.47054946002 273.85877243124406 58342.81298828125 171.9150390625 11977.7939615715 26743
750 16.6 58271.35597026779 321.9231482713246 59574.052978515625 171.9150390625 12265.231074488716 26913
760 16.4 59066.906641518195 275.49843225487865 60166.151123046875 171.9150390625 12547.258355137903 27079
770 16.5 59770.27383256391 265.82486904423007 60977.10302734375 171.9150390625 12827.301754138247 27243
780 1.4 60069.12090192522 252.78439575276394 60977.10302734375 171.9150390625 13109.905022999174 27408
790 0.7 60052.66831752232 9.77109075981517 60977.10302734375 171.9150390625 13133.879533330475 27422
800 17 59905.86364746094 185.2267487074943 60977.10302734375 171.9150390625 13145.853412126251 27429
810 17.2 59843.33355287064 175.23967084585237 60977.10302734375 171.9150390625 13433.8784036117 27599
820 16.6 59534.33633753765 210.4608443815973 60977.10302734375 171.9150390625 13721.315884641283 27771
830 16.2 59614.430285795235 133.40161800299364 60977.10302734375 171.9150390625 13993.534139829055 27937
840 17.7 59823.06193999382 265.7024356127451 61052.718017578125 171.9150390625 14256.553648553441 28099
850 19.6 58796.22058354592 429.93912394824713 61052.718017578125 171.9150390625 14541.787485290777 28276
860 19.6 57399.850779007895 520.0365532975932 61052.718017578125 171.9150390625 14846.43306295508 28472
870 20.1 55695.04344002644 558.8671866292793 61052.718017578125 171.9150390625 15137.366154637317 28668
880 17.3 54166.666951262196 237.82342872308632 61052.718017578125 171.9150390625 15419.748403221029 28869
890 16.1 54090.645569984954 177.17728353201434 61052.718017578125 171.9150390625 15650.559535677854 29042
900 16.1 55110.34238372233 520.1987077438014 61052.718017578125 171.9150390625 15862.484812242708 29203
910 16.5 56790.587763375945 494.97424080937276 61052.718017578125 171.9150390625 16077.67705679414 29364
920 15.7 58516.105024009754 608.2850268265189 61052.718017578125 171.9150390625 16305.169700181521 29529
930 3.8 59882.41667737459 248.47182339260695 61052.718017578125 171.9150390625 16528.41017871824 29686
940 0 0 0 61052.718017578125 171.9150390625 16583.835163476313 29724
950 0 0 0 61052.718017578125 171.9150390625 16583.835163476313 29724
960 0 0 0 61052.718017578125 171.9150390625 16583.835163476313 29724
970 0 0 0 61052.718017578125 171.9150390625 16583.835163476313 29724
980 0 0 0 61052.718017578125 171.9150390625 16583.835163476313 29724
990 0 0 0 61052.718017578125 171.9150390625 16583.835163476313 29724
1000 0 0 0 61052.718017578125 171.9150390625 16583.835163476313 29724
1010 0 0 0 61052.718017578125 171.9150390625 16583.835163476313 29724
1020 0 0 0 61052.718017578125 171.9150390625 16583.835163476313 29724
1030 0 0 0 61052.718017578125 171.9150390625 16583.835163476313 29724
1040 0 0 0 61052.718017578125 171.9150390625 16583.835163476313 29724
1050 0 0 0 61052.718017578125 171.9150390625 16583.835163476313 29724
1060 0 0 0 61052.718017578125 171.9150390625 16583.835163476313 29724
1070 0 0 0 61052.718017578125 171.9150390625 16583.835163476313 29724
1080 0 0 0 61052.718017578125 171.9150390625 16583.835163476313 29724
1090 0 0 0 61052.718017578125 171.9150390625 16583.835163476313 29724
1100 0 0 0 61052.718017578125 171.9150390625 16583.835163476313 29724
1110 0 0 0 61052.718017578125 171.9150390625 16583.835163476313 29724
1120 0 0 0 61052.718017578125 171.9150390625 16583.835163476313 29724
1130 0 0 0 61052.718017578125 171.9150390625 16583.835163476313 29724
1140 0 0 0 61052.718017578125 171.9150390625 16583.835163476313 29724
1150 0 0 0 61052.718017578125 171.9150390625 16583.835163476313 29724
1160 0 0 0 61052.718017578125 171.9150390625 16583.835163476313 29724
1170 0 0 0 61052.718017578125 171.9150390625 16583.835163476313 29724
1180 0 0 0 61052.718017578125 171.9150390625 16583.835163476313 29724
1190 0 0 0 61052.718017578125 171.9150390625 16583.835163476313 29724
1200 0 0 0 61052.718017578125 171.9150390625 16583.835163476313 29724
1210 0 0 0 61052.718017578125 171.9150390625 16583.835163476313 29724
1220 0 0 0 61052.718017578125 171.9150390625 16583.835163476313 29724
1230 0 0 0 61052.718017578125 171.9150390625 16583.835163476313 29724
1240 0 0 0 61052.718017578125 171.9150390625 16583.835163476313 29724
1250 0 0 0 61052.718017578125 171.9150390625 16583.835163476313 29724
1260 0 0 0 61052.718017578125 171.9150390625 16583.835163476313 29724
1270 0 0 0 61052.718017578125 171.9150390625 16583.835163476313 29724
1280 0 0 0 61052.718017578125 171.9150390625 16583.835163476313 29724
1290 0 0 0 61052.718017578125 171.9150390625 16583.835163476313 29724
1300 0 0 0 61052.718017578125 171.9150390625 16583.835163476313 29724
1310 0 0 0 61052.718017578125 171.9150390625 16583.835163476313 29724
1320 0 0 0 61052.718017578125 171.9150390625 16583.835163476313 29724
1330 0 0 0 61052.718017578125 171.9150390625 16583.835163476313 29724
1340 0 0 0 61052.718017578125 171.9150390625 16583.835163476313 29724
1350 0 0 0 61052.718017578125 171.9150390625 16583.835163476313 29724
1360 0 0 0 61052.718017578125 171.9150390625 16583.835163476313 29724
1370 0 0 0 61052.718017578125 171.9150390625 16583.835163476313 29724
1380 0 0 0 61052.718017578125 171.9150390625 16583.835163476313 29724
1390 0 0 0 61052.718017578125 171.9150390625 16583.835163476313 29724
1400 0 0 0 61052.718017578125 171.9150390625 16583.835163476313 29724
1410 0 0 0 61052.718017578125 171.9150390625 16583.835163476313 29724
1420 0 0 0 61052.718017578125 171.9150390625 16583.835163476313 29724
1430 0 0 0 61052.718017578125 171.9150390625 16583.835163476313 29724
1440 0 0 0 61052.718017578125 171.9150390625 16583.835163476313 29724
1450 0 0 0 61052.718017578125 171.9150390625 16583.835163476313 29724
1460 0 0 0 61052.718017578125 171.9150390625 16583.835163476313 29724
1470 0 0 0 61052.718017578125 171.9150390625 16583.835163476313 29724
1480 0 0 0 61052.718017578125 171.9150390625 16583.835163476313 29724
1490 0 0 0 61052.718017578125 171.9150390625 16583.835163476313 29724
1500 0 0 0 61052.718017578125 171.9150390625 16583.835163476313 29724
1510 0 0 0 61052.718017578125 171.9150390625 16583.835163476313 29724
1520 0 0 0 61052.718017578125 171.9150390625 16583.835163476313 29724
1530 0 0 0 61052.718017578125 171.9150390625 16583.835163476313 29724
1540 0 0 0 61052.718017578125 171.9150390625 16583.835163476313 29724
1550 0 0 0 61052.718017578125 171.9150390625 16583.835163476313 29724
1560 0 0 0 61052.718017578125 171.9150390625 16583.835163476313 29724
1570 0 0 0 61052.718017578125 171.9150390625 16583.835163476313 29724
1580 0 0 0 61052.718017578125 171.9150390625 16583.835163476313 29724
1590 0 0 0 61052.718017578125 171.9150390625 16583.835163476313 29724
1600 0 0 0 61052.718017578125 171.9150390625 16583.835163476313 29724
1610 0 0 0 61052.718017578125 171.9150390625 16583.835163476313 29724
1620 0 0 0 61052.718017578125 171.9150390625 16583.835163476313 29724
1630 0 0 0 61052.718017578125 171.9150390625 16583.835163476313 29724
1640 0 0 0 61052.718017578125 171.9150390625 16583.835163476313 29724
1650 0 0 0 61052.718017578125 171.9150390625 16583.835163476313 29724
1660 0 0 0 61052.718017578125 171.9150390625 16583.835163476313 29724
1670 0 0 0 61052.718017578125 171.9150390625 16583.835163476313 29724
1680 0 0 0 61052.718017578125 171.9150390625 16583.835163476313 29724
1690 0 0 0 61052.718017578125 171.9150390625 16583.835163476313 29724
1700 0 0 0 61052.718017578125 171.9150390625 16583.835163476313 29724
1710 0 0 0 61052.718017578125 171.9150390625 16583.835163476313 29724
1720 0 0 0 61052.718017578125 171.9150390625 16583.835163476313 29724
1730 0 0 0 61052.718017578125 171.9150390625 16583.835163476313 29724
1740 0 0 0 61052.718017578125 171.9150390625 16583.835163476313 29724
1750 0 0 0 61052.718017578125 171.9150390625 16583.835163476313 29724
1760 0 0 0 61052.718017578125 171.9150390625 16583.835163476313 29724
1770 0 0 0 61052.718017578125 171.9150390625 16583.835163476313 29724
1780 0 0 0 61052.718017578125 171.9150390625 16583.835163476313 29724
1790 0 0 0 61052.718017578125 171.9150390625 16583.835163476313 29724
1800 0 0 0 61052.718017578125 171.9150390625 16583.835163476313 29724
1810 0 0 0 61052.718017578125 171.9150390625 16583.835163476313 29724
1820 0 0 0 61052.718017578125 171.9150390625 16583.835163476313 29724
1830 0 0 0 61052.718017578125 171.9150390625 16583.835163476313 29724
1840 0 0 0 61052.718017578125 171.9150390625 16583.835163476313 29724
1850 14.1 60033.21931100399 33.7821246628472 61052.718017578125 171.9150390625 16583.835163476313 29724
1860 14.2 60019.1406353158 42.083406944667814 61052.718017578125 171.9150390625 16788.970377432495 29865
1870 9.1 60053.5199336796 14.266524557555776 61052.718017578125 171.9150390625 16993.54544913641 30007
1880 17.2 59990.49141959257 85.2349585989385 61052.718017578125 171.9150390625 17123.735417841755 30098
1890 16.9 59866.43778892382 32.182912555192104 61052.718017578125 171.9150390625 17367.312624062473 30270
1900 16.5 59944.11873372396 83.24427036868705 61052.718017578125 171.9150390625 17603.27149764116 30439
1910 16.8 59785.584789457775 122.37708790678919 61052.718017578125 171.9150390625 17831.550147293285 30604
1920 9.9 58363.774298157354 2627.406060861745 61052.718017578125 171.9150390625 18060.59856208217 30772
1930 0 0 0 61052.718017578125 171.9150390625 18189.846542318362 30871
1940 0 0 0 61052.718017578125 171.9150390625 18189.846542318362 30871
1950 0 0 0 61052.718017578125 171.9150390625 18189.846542318362 30871
1960 0 0 0 61052.718017578125 171.9150390625 18189.846542318362 30871
1970 0 0 0 61052.718017578125 171.9150390625 18189.846542318362 30871
1980 0 0 0 61052.718017578125 171.9150390625 18189.846542318362 30871
1990 0 0 0 61052.718017578125 171.9150390625 18189.846542318362 30871
2000 0 0 0 61052.718017578125 171.9150390625 18189.846542318362 30871
2010 0 0 0 61052.718017578125 171.9150390625 18189.846542318362 30871
2020 0 0 0 61052.718017578125 171.9150390625 18189.846542318362 30871
2030 0 0 0 61052.718017578125 171.9150390625 18189.846542318362 30871
2040 0 0 0 61052.718017578125 171.9150390625 18189.846542318362 30871
2050 0 0 0 61052.718017578125 171.9150390625 18189.846542318362 30871
2060 0 0 0 61052.718017578125 171.9150390625 18189.846542318362 30871
2070 0 0 0 61052.718017578125 171.9150390625 18189.846542318362 30871
2080 0 0 0 61052.718017578125 171.9150390625 18189.846542318362 30871
2090 0 0 0 61052.718017578125 171.9150390625 18189.846542318362 30871
2100 0 0 0 61052.718017578125 171.9150390625 18189.846542318362 30871
2110 0 0 0 61052.718017578125 171.9150390625 18189.846542318362 30871
2120 0 0 0 61052.718017578125 171.9150390625 18189.846542318362 30871
2130 0 0 0 61052.718017578125 171.9150390625 18189.846542318362 30871
2140 0 0 0 61052.718017578125 171.9150390625 18189.846542318362 30871
2150 0 0 0 61052.718017578125 171.9150390625 18189.846542318362 30871
2160 0 0 0 61052.718017578125 171.9150390625 18189.846542318362 30871
2170 0 0 0 61052.718017578125 171.9150390625 18189.846542318362 30871
2180 0 0 0 61052.718017578125 171.9150390625 18189.846542318362 30871
2190 0 0 0 61052.718017578125 171.9150390625 18189.846542318362 30871
2200 0 0 0 61052.718017578125 171.9150390625 18189.846542318362 30871
2210 0 0 0 61052.718017578125 171.9150390625 18189.846542318362 30871
2220 0 0 0 61052.718017578125 171.9150390625 18189.846542318362 30871
2230 0 0 0 61052.718017578125 171.9150390625 18189.846542318362 30871
2240 0 0 0 61052.718017578125 171.9150390625 18189.846542318362 30871
2250 0 0 0 61052.718017578125 171.9150390625 18189.846542318362 30871
2260 0 0 0 61052.718017578125 171.9150390625 18189.846542318362 30871
2270 0 0 0 61052.718017578125 171.9150390625 18189.846542318362 30871
2280 0 0 0 61052.718017578125 171.9150390625 18189.846542318362 30871
2290 0 0 0 61052.718017578125 171.9150390625 18189.846542318362 30871
2300 0 0 0 61052.718017578125 171.9150390625 18189.846542318362 30871
2310 0 0 0 61052.718017578125 171.9150390625 18189.846542318362 30871
2320 0 0 0 61052.718017578125 171.9150390625 18189.846542318362 30871
2330 0 0 0 61052.718017578125 171.9150390625 18189.846542318362 30871
2340 0 0 0 61052.718017578125 171.9150390625 18189.846542318362 30871
2350 0 0 0 61052.718017578125 171.9150390625 18189.846542318362 30871
2360 0 0 0 61052.718017578125 171.9150390625 18189.846542318362 30871
2370 0 0 0 61052.718017578125 171.9150390625 18189.846542318362 30871
2380 0 0 0 61052.718017578125 171.9150390625 18189.846542318362 30871
2390 0 0 0 61052.718017578125 171.9150390625 18189.846542318362 30871
2400 0 0 0 61052.718017578125 171.9150390625 18189.846542318362 30871
2410 0 0 0 61052.718017578125 171.9150390625 18189.846542318362 30871
2420 0 0 0 61052.718017578125 171.9150390625 18189.846542318362 30871
2430 0 0 0 61052.718017578125 171.9150390625 18189.846542318362 30871
2440 0 0 0 61052.718017578125 171.9150390625 18189.846542318362 30871
2450 0 0 0 61052.718017578125 171.9150390625 18189.846542318362 30871
2460 0 0 0 61052.718017578125 171.9150390625 18189.846542318362 30871
2470 0 0 0 61052.718017578125 171.9150390625 18189.846542318362 30871
2480 0 0 0 61052.718017578125 171.9150390625 18189.846542318362 30871
2490 0 0 0 61052.718017578125 171.9150390625 18189.846542318362 30871
2500 0 0 0 61052.718017578125 171.9150390625 18189.846542318362 30871
2510 0 0 0 61052.718017578125 171.9150390625 18189.846542318362 30871
2520 0 0 0 61052.718017578125 171.9150390625 18189.846542318362 30871
2530 0 0 0 61052.718017578125 171.9150390625 18189.846542318362 30871
2540 0 0 0 61052.718017578125 171.9150390625 18189.846542318362 30871
2550 0 0 0 61052.718017578125 171.9150390625 18189.846542318362 30871
2560 0 0 0 61052.718017578125 171.9150390625 18189.846542318362 30871
2570 0 0 0 61052.718017578125 171.9150390625 18189.846542318362 30871
2580 0 0 0 61052.718017578125 171.9150390625 18189.846542318362 30871
2590 0 0 0 61052.718017578125 171.9150390625 18189.846542318362 30871
2600 0 0 0 61052.718017578125 171.9150390625 18189.846542318362 30871
2610 0 0 0 61052.718017578125 171.9150390625 18189.846542318362 30871
2620 0 0 0 61052.718017578125 171.9150390625 18189.846542318362 30871
2630 0 0 0 61052.718017578125 171.9150390625 18189.846542318362 30871
2640 0 0 0 61052.718017578125 171.9150390625 18189.846542318362 30871
2650 0 0 0 61052.718017578125 171.9150390625 18189.846542318362 30871
2660 0 0 0 61052.718017578125 171.9150390625 18189.846542318362 30871
2670 0 0 0 61052.718017578125 171.9150390625 18189.846542318362 30871
2680 0 0 0 61052.718017578125 171.9150390625 18189.846542318362 30871
2690 0 0 0 61052.718017578125 171.9150390625 18189.846542318362 30871
2700 0 0 0 61052.718017578125 171.9150390625 18189.846542318362 30871
2710 0 0 0 61052.718017578125 171.9150390625 18189.846542318362 30871
2720 0 0 0 61052.718017578125 171.9150390625 18189.846542318362 30871
2730 0 0 0 61052.718017578125 171.9150390625 18189.846542318362 30871
2740 0 0 0 61052.718017578125 171.9150390625 18189.846542318362 30871
2750 0 0 0 61052.718017578125 171.9150390625 18189.846542318362 30871
2760 0 0 0 61052.718017578125 171.9150390625 18189.846542318362 30871
2770 0 0 0 61052.718017578125 171.9150390625 18189.846542318362 30871
2780 0 0 0 61052.718017578125 171.9150390625 18189.846542318362 30871
2790 0 0 0 61052.718017578125 171.9150390625 18189.846542318362 30871
2800 0 0 0 61052.718017578125 171.9150390625 18189.846542318362 30871
2810 0 0 0 61052.718017578125 171.9150390625 18189.846542318362 30871
2820 0 0 0 61052.718017578125 171.9150390625 18189.846542318362 30871
2830 0 0 0 61052.718017578125 171.9150390625 18189.846542318362 30871
2840 0 0 0 61052.718017578125 171.9150390625 18189.846542318362 30871
2850 0 0 0 61052.718017578125 171.9150390625 18189.846542318362 30871
2860 0 0 0 61052.718017578125 171.9150390625 18189.846542318362 30871
2870 0 0 0 61052.718017578125 171.9150390625 18189.846542318362 30871
2880 0 0 0 61052.718017578125 171.9150390625 18189.846542318362 30871
2890 0 0 0 61052.718017578125 171.9150390625 18189.846542318362 30871
2900 0 0 0 61052.718017578125 171.9150390625 18189.846542318362 30871
2910 0 0 0 61052.718017578125 171.9150390625 18189.846542318362 30871
2920 0 0 0 61052.718017578125 171.9150390625 18189.846542318362 30871
2930 0 0 0 61052.718017578125 171.9150390625 18189.846542318362 30871
2940 0 0 0 61052.718017578125 171.9150390625 18189.846542318362 30871
2950 0 0 0 61052.718017578125 171.9150390625 18189.846542318362 30871
2960 0 0 0 61052.718017578125 171.9150390625 18189.846542318362 30871
2970 0 0 0 61052.718017578125 171.9150390625 18189.846542318362 30871
2980 0 0 0 61052.718017578125 171.9150390625 18189.846542318362 30871
2990 0 0 0 61052.718017578125 171.9150390625 18189.846542318362 30871
3000 0 0 0 61052.718017578125 171.9150390625 18189.846542318362 30871
3010 0 0 0 61052.718017578125 171.9150390625 18189.846542318362 30871
3020 0 0 0 61052.718017578125 171.9150390625 18189.846542318362 30871
3030 0 0 0 61052.718017578125 171.9150390625 18189.846542318362 30871
3040 0 0 0 61052.718017578125 171.9150390625 18189.846542318362 30871
3050 0 0 0 61052.718017578125 171.9150390625 18189.846542318362 30871
3060 0 0 0 61052.718017578125 171.9150390625 18189.846542318362 30871
3070 0 0 0 61052.718017578125 171.9150390625 18189.846542318362 30871
3080 0 0 0 61052.718017578125 171.9150390625 18189.846542318362 30871
3090 0 0 0 61052.718017578125 171.9150390625 18189.846542318362 30871
3100 0 0 0 61052.718017578125 171.9150390625 18189.846542318362 30871
3110 0 0 0 61052.718017578125 171.9150390625 18189.846542318362 30871
3120 0 0 0 61052.718017578125 171.9150390625 18189.846542318362 30871
3130 0 0 0 61052.718017578125 171.9150390625 18189.846542318362 30871
3140 0 0 0 61052.718017578125 171.9150390625 18189.846542318362 30871
3150 0 0 0 61052.718017578125 171.9150390625 18189.846542318362 30871
3160 0 0 0 61052.718017578125 171.9150390625 18189.846542318362 30871
3170 0 0 0 61052.718017578125 171.9150390625 18189.846542318362 30871
3180 0 0 0 61052.718017578125 171.9150390625 18189.846542318362 30871
3190 0 0 0 61052.718017578125 171.9150390625 18189.846542318362 30871
3200 0 0 0 61052.718017578125 171.9150390625 18189.846542318362 30871
3210 0 0 0 61052.718017578125 171.9150390625 18189.846542318362 30871
3220 0 0 0 61052.718017578125 171.9150390625 18189.846542318362 30871
3230 0 0 0 61052.718017578125 171.9150390625 18189.846542318362 30871
3240 0 0 0 61052.718017578125 171.9150390625 18189.846542318362 30871
3250 0 0 0 61052.718017578125 171.9150390625 18189.846542318362 30871
3260 0 0 0 61052.718017578125 171.9150390625 18189.846542318362 30871
3270 0 0 0 61052.718017578125 171.9150390625 18189.846542318362 30871
3280 0 0 0 61052.718017578125 171.9150390625 18189.846542318362 30871
3290 0 0 0 61052.718017578125 171.9150390625 18189.846542318362 30871
3300 0 0 0 61052.718017578125 171.9150390625 18189.846542318362 30871
3310 0 0 0 61052.718017578125 171.9150390625 18189.846542318362 30871
3320 0 0 0 61052.718017578125 171.9150390625 18189.846542318362 30871
3330 0 0 0 61052.718017578125 171.9150390625 18189.846542318362 30871
3340 0 0 0 61052.718017578125 171.9150390625 18189.846542318362 30871
3350 0 0 0 61052.718017578125 171.9150390625 18189.846542318362 30871
3360 0 0 0 61052.718017578125 171.9150390625 18189.846542318362 30871
