0 24.9 2190.8355668768836 1664.3183148972746 8070.683837890625 229.599853515625 0 0
10 44.9 3694.583496637493 2963.7527369285663 15289.791015625 195.77099609375 2190.8355668768836 249
20 50.8 4252.438934085879 3664.41429552527 19809.54296875 195.77099609375 3158.146197912003 698
30 49.7 4154.928181884276 3882.702601041034 22009.263916015625 195.77099609375 3619.092060247268 1206
40 50 4128.988099609371 3849.319291480734 22224.51708984375 195.77099609375 3775.469366444327 1703
50 49.2 4432.910512040301 4264.534566747251 29691.283935546875 195.77099609375 3855.705120680606 2203
60 47.7 3999.4638339188614 3647.082669537933 29691.283935546875 195.77099609375 3961.0799082683498 2695
70 49.2 4228.825761996638 4073.1809555294244 30999.505859375 195.77099609375 3966.852018147068 3172
80 45.9 4525.274326831434 4797.105134277179 52351.4169921875 195.77099609375 4002.0297151923705 3664
90 47.2 4118.385909775555 3619.9686440781866 52351.4169921875 195.77099609375 4060.2808131167776 4123
100 45.7 4475.000627179638 4188.027982195463 52351.4169921875 195.77099609375 4066.2493888780273 4595
110 47.5 4317.14599557977 4241.005858927767 52351.4169921875 195.77099609375 4103.224708732309 5052
120 48.2 4499.1549918147 4474.092958543995 52351.4169921875 195.77099609375 4121.609476463908 5527
130 50.4 4408.52004520477 4111.056802635693 52351.4169921875 195.77099609375 4151.893540101632 6009
140 47.4 4292.173715325852 3980.012925240431 52351.4169921875 195.77099609375 4171.752247083358 6513
150 50.5 4167.314679378098 3935.308684226453 52351.4169921875 195.77099609375 4179.921672580273 6987
160 47.4 4167.952049030031 3812.559249186525 52351.4169921875 195.77099609375 4179.071895275534 7492
170 43.6 3952.7104895355506 3746.8396027085423 52351.4169921875 195.77099609375 4178.410232317918 7966
180 49.9 4000.2185494034957 3645.744837488218 52351.4169921875 195.77099609375 4166.698129502741 8402
190 48 4411.102102661129 4171.43779030301 52351.4169921875 195.77099609375 4157.365098329893 8901
200 49.2 4275.84139840971 4177.310533596043 52351.4169921875 195.77099609375 4170.348123815342 9381
210 47.5 4006.3744469572357 3468.434953190151 52351.4169921875 195.77099609375 4175.605157250005 9873
220 45.4 4187.656438214133 3979.1449267266453 52351.4169921875 195.77099609375 4167.837029361614 10348
230 46.5 4289.580542779733 3994.5967653444645 52351.4169921875 195.77099609375 4168.670024327273 10802
240 51.4 4353.2331029988445 4337.915619444932 52351.4169921875 195.77099609375 4173.66011850322 11267
250 47.1 4426.875532340597 4178.79082400957 52351.4169921875 195.77099609375 4181.494811146523 11781
260 46 4461.404009744398 4053.0779241253786 52351.4169921875 195.77099609375 4190.927909390271 12252
270 45.5 4342.264521806319 3981.559775802522 52351.4169921875 195.77099609375 4200.715433474829 12712
280 47.9 4090.1409634329343 3931.8398978003333 52351.4169921875 195.77099609375 4205.606816112547 13167
290 47.7 4117.793421715312 3985.008694804545 52351.4169921875 195.77099609375 4201.553749760977 13646
300 46.8 4253.792429866951 3580.681824981882 52351.4169921875 195.77099609375 4198.724770331834 14123
310 49.2 4338.700515871117 4176.8790028655485 52351.4169921875 195.77099609375 4200.491041640342 14591
320 48.9 4540.669575385032 3782.4273736545215 52351.4169921875 195.77099609375 4204.999366331818 15083
330 49.2 5034.04831652137 3943.6888983122935 52351.4169921875 195.77099609375 4215.540255891735 15572
340 46.7 4773.13275028858 4026.9499419095982 52351.4169921875 195.77099609375 4240.609103366199 16064
350 45.7 5715.398513359886 3965.8694045370657 52351.4169921875 195.77099609375 4255.652872231527 16531
360 45.6 6852.6174835740485 3761.217348074357 52351.4169921875 195.77099609375 4294.921989137323 16988
370 43.9 7937.538592014877 3904.6262567080394 52351.4169921875 195.77099609375 4361.782178627299 17444
380 37.2 8591.186562158739 3672.381019185449 52351.4169921875 195.77099609375 4449.561469880285 17883
390 25 12308.196196289065 3803.9152263214874 52351.4169921875 195.77099609375 4533.959417529015 18255
400 30.1 16291.896095858856 3785.4712392618662 52351.4169921875 195.77099609375 4638.988285115614 18505
410 30.1 19842.726949393953 4217.110208184197 52351.4169921875 195.77099609375 4825.4992524150775 18806
420 31.9 23350.210073441183 3858.977497630988 52351.4169921875 195.77099609375 5062.071479179648 19107
430 36.9 25667.654386856368 3767.522620521972 52351.4169921875 195.77099609375 5362.386325857781 19426
440 37 28480.53729940879 3980.1381793226055 55187.93896484375 195.77099609375 5740.898269000417 19795
450 32.6 30566.25401109567 3707.257557415418 55187.93896484375 195.77099609375 6158.139352127176 20165
460 18.8 35261.9166870117 4015.9465306362313 55187.93896484375 195.77099609375 6546.458388720008 20491
470 20.1 39927.384035632356 4642.395645894087 60832.287109375 195.77099609375 6807.52063351322 20679
480 19.6 45658.40430933115 6325.035347211088 76305.27294921875 195.77099609375 7126.3469047692515 20880
490 22.5 52360.0379155816 6920.096142977679 76305.27294921875 195.77099609375 7484.682606576716 21076
500 27.7 58290.39994464972 6138.092570414008 81596.22485351563 195.77099609375 7958.695795841357 21301
510 37.5 59988.620296223955 8092.959730560587 92250.43408203125 195.77099609375 8604.81137880641 21578
520 43 59303.06174997729 9321.012362568792 92250.43408203125 195.77099609375 9482.546920373921 21953
530 49.5 60866.010901002206 11410.230590627621 109844.51489257813 195.77099609375 10439.649246993653 22383
540 48.7 59590.08037590638 12973.384518709585 114243.82690429688 195.77099609375 11530.699558154342 22878
550 48.7 61650.5813173768 14135.71032465545 114243.82690429688 195.77099609375 12532.408030580844 23365
560 47.5 63012.05891601562 15916.209120034408 115065.4619140625 195.77099609375 13535.282019792216 23852
570 47 62677.7177583735 15747.926601034997 121533.537109375 195.77099609375 14501.347257006262 24327
580 45.6 63752.21510341712 16752.669161847964 121533.537109375 195.77099609375 15414.477641151223 24797
590 49.8 62439.285838667165 14114.805568689884 121533.537109375 195.77099609375 16287.324759624009 25253
600 43.6 64730.790573820064 15854.882230004827 121533.537109375 195.77099609375 17179.860063781653 25751
610 47.4 64707.75658252567 15733.284907697316 121533.537109375 195.77099609375 17971.558452385798 26187
620 47.7 64046.828142402075 15906.041543899928 121551.34887695313 195.77099609375 18802.4709430533 26661
630 48.7 65425.434579336164 16387.225830155523 121551.34887695313 195.77099609375 19597.723297098895 27138
640 47.3 64734.08674218337 16021.065358174328 122991.02416992188 195.77099609375 20405.61815300657 27625
650 49.5 64778.84611495818 15541.613610755221 122991.02416992188 195.77099609375 21151.840860768 28098
660 48.7 64807.00194360001 15849.698358692409 122991.02416992188 195.77099609375 21907.108499729427 28593
670 47.3 63590.46977146785 15627.496490337027 122991.02416992188 195.77099609375 22625.54894357967 29080
680 44.5 64618.12029549245 14841.739286704129 122991.02416992188 195.77099609375 23281.198371779552 29553
690 46.4 65735.76978801857 14146.042642415741 126810.59204101563 195.77099609375 23894.403593996107 29998
700 42 66739.7556198847 15096.760198103138 126810.59204101563 195.77099609375 24531.735151806704 30462
710 43.4 68685.21737291175 15909.65886369072 128284.2509765625 195.77099609375 25105.770790579863 30882
720 43.6 69621.96890286788 16383.940067628564 130301.0732421875 195.77099609375 25709.726590066773 31316
730 45.5 70182.14289094694 16204.45146476844 144697.64697265625 195.77099609375 26312.703966244066 31752
740 46.6 69947.15071649503 15347.917894567758 144697.64697265625 195.77099609375 26932.46348158979 32207
750 44.7 70555.25722918422 16189.848661836191 144697.64697265625 195.77099609375 27545.962219124325 32673
760 44.4 69348.17860316375 13712.542005566082 144697.64697265625 195.77099609375 28126.431870981112 33120
770 51 70522.96176135493 16270.153637704678 144697.64697265625 195.77099609375 28671.732060144772 33564
780 51 70315.16507592292 15522.125765119175 144697.64697265625 195.77099609375 29298.13715340113 34074
790 45.9 72032.90522609864 17420.766527882424 144697.64697265625 195.77099609375 29903.003109926867 34584
800 46.8 70644.40764702685 16190.26822887417 144697.64697265625 195.77099609375 30454.82872620752 35043
810 50.1 70795.65564427782 16782.10941314707 144697.64697265625 195.77099609375 30984.487787764316 35511
820 47.4 70374.08163413512 16318.140980928343 144697.64697265625 195.77099609375 31538.341922389252 36012
830 48.6 70054.67003490309 15761.195188585349 144697.64697265625 195.77099609375 32042.86805908189 36486
840 48.8 71170.1021808563 16592.91777463564 144697.64697265625 195.77099609375 32542.53634211362 36972
850 47.4 71730.20991458184 17398.73533089409 144697.64697265625 195.77099609375 33045.74648971923 37460
860 49.2 73006.64366335978 17777.79356253918 144697.64697265625 195.77099609375 33529.12382043534 37934
870 47.4 70617.79504343038 16784.791314508995 144697.64697265625 195.77099609375 34034.58730252348 38426
880 48.6 69283.93521934478 15380.739505382511 144697.64697265625 195.77099609375 34480.35698039469 38900
890 48.7 68521.87560659176 14217.323682160692 144697.64697265625 195.77099609375 34909.81259975511 39386
900 45.5 69477.86906282195 16042.149171552253 144697.64697265625 195.77099609375 35320.34290056843 39873
910 45.2 70749.35240618946 17038.879492170767 144697.64697265625 195.77099609375 35705.7246304788 40328
920 44.6 70765.16737646265 16854.632179257354 144697.64697265625 195.77099609375 36094.143457222825 40780
930 44.9 72884.32402245876 18980.223484505546 144697.64697265625 195.77099609375 36469.22900197568 41226
940 48.5 72762.13032528592 19231.328194156624 144697.64697265625 195.77099609375 36861.559599796834 41675
950 46 72007.55901197351 17392.14163941187 144697.64697265625 195.77099609375 37274.552408190146 42160
960 49.2 70665.2263535911 15957.850097302882 156149.6630859375 195.77099609375 37649.42765543886 42620
970 50.1 71612.5051527804 17336.334839243744 156149.6630859375 195.77099609375 38026.20843479243 43112
980 50.8 71697.70141120977 17279.75406672201 156149.6630859375 195.77099609375 38412.02767803898 43613
990 47.5 72990.97138517692 18615.476615321462 156149.6630859375 195.77099609375 38795.271989284214 44121
1000 48.7 72005.07171718587 16820.867970923304 156149.6630859375 195.77099609375 39159.49652092492 44596
1010 48.2 71645.40183267547 16642.174672185243 156149.6630859375 195.77099609375 39514.304211641575 45083
1020 51.8 70745.7048193735 15831.517525126104 156149.6630859375 195.77099609375 39854.1964327178 45565
1030 49.1 71911.62523618495 17104.685701969265 156149.6630859375 195.77099609375 40201.43513992627 46083
1040 48.9 72820.51568091768 18560.03451833883 156149.6630859375 195.77099609375 40535.73546494158 46574
1050 46.6 72604.43543790231 17483.885786221115 156149.6630859375 195.77099609375 40871.18491622204 47063
1060 48 70848.3008529663 15900.559733948858 156149.6630859375 195.77099609375 41182.31485253677 47529
1070 46.1 71301.1038031919 16258.587198301339 156149.6630859375 195.77099609375 41478.91909924481 48009
1080 48.6 73059.06576324582 18151.24810400056 156149.6630859375 195.77099609375 41762.55902390996 48470
1090 47.6 71596.99001895677 15731.553185506342 156149.6630859375 195.77099609375 42073.24826068006 48956
1100 45.9 73532.89799123863 19962.287483216784 156149.6630859375 195.77099609375 42357.54388045955 49432
1110 49.3 71054.93656454029 15765.281254198411 156149.6630859375 195.77099609375 42644.35888791274 49891
1120 50.9 72011.5553292685 17508.564805988743 156149.6630859375 195.77099609375 42922.35219520429 50384
1130 51.9 72755.70009982005 18176.031413997545 156149.6630859375 195.77099609375 43213.28423684535 50893
1140 48.2 72843.49902698307 18438.471879753088 156149.6630859375 195.77099609375 43511.51254605106 51412
1150 53.3 71534.25218535624 17581.271210769544 156149.6630859375 195.77099609375 43783.95285675768 51894
1160 50.5 71619.78162177054 17252.288861707766 156149.6630859375 195.77099609375 44066.076753645604 52427
1170 51.3 71536.74909625135 16921.363248361144 156149.6630859375 195.77099609375 44328.95404825761 52932
1180 54.2 72923.48522724 19602.561817585236 156149.6630859375 195.77099609375 44590.112226938894 53445
1190 48.4 71922.8202227127 17525.793486075778 156149.6630859375 195.77099609375 44874.56382021437 53987
1200 49.9 71087.41825203148 16507.048604372478 156149.6630859375 195.77099609375 45114.90007434609 54471
1210 50.2 71654.31500171196 17174.542207817958 156149.6630859375 195.77099609375 45350.67025027233 54970
1220 52.2 71340.67697950339 17274.884367062343 156149.6630859375 195.77099609375 45588.70799301141 55472
1230 46 72542.25147545866 18017.62373089262 156149.6630859375 195.77099609375 45828.77885437065 55994
1240 53.5 71285.32097464595 17465.29951818996 156149.6630859375 195.77099609375 46046.446289905776 56454
1250 51.1 71473.77719420788 16922.318620429985 156149.6630859375 195.77099609375 46283.38320679037 56989
1260 46.8 72348.82382697728 17320.037710146462 156149.6630859375 195.77099609375 46507.24914292203 57500
1270 50.6 72315.76764084888 17715.656202690458 156149.6630859375 195.77099609375 46715.87902410023 57968
1280 52.1 71769.55252444217 17742.143006152808 156149.6630859375 195.77099609375 46937.40557675739 58474
1290 52 72673.51163564829 18932.75140108682 156149.6630859375 195.77099609375 47156.70464548768 58995
1300 48.4 72065.20096657478 17111.712480717288 156149.6630859375 195.77099609375 47379.65246763141 59515
1310 47.5 72773.9358732524 18422.87746950528 156149.6630859375 195.77099609375 47578.785877746384 59999
1320 47.5 70988.9917788856 16506.138700853247 156149.6630859375 195.77099609375 47776.684086032015 60474
1330 48.1 72988.05807298425 18996.68122615034 156149.6630859375 195.77099609375 47957.58690895127 60949
1340 46.5 72140.73826234881 17774.279869320973 156149.6630859375 195.77099609375 48153.57676130191 61430
1350 45.9 72345.31747642622 17372.251750743886 156149.6630859375 195.77099609375 48333.78566505806 61895
1360 47.7 70809.68759059304 16316.233312291051 156149.6630859375 195.77099609375 48510.53925105764 62354
1370 46.7 71918.20846524947 17520.143089359502 156149.6630859375 195.77099609375 48679.82978849869 62831
1380 50.9 71817.41645977867 17655.7653124913 156149.6630859375 195.77099609375 48851.277904427196 63298
1390 48.9 72402.59793434067 18515.7109942724 156149.6630859375 195.77099609375 49034.48295284937 63807
1400 50 72422.95083593753 17975.082122072323 156149.6630859375 195.77099609375 49212.20797813787 64296
1410 49.4 71978.31377605493 17747.70366752816 156149.6630859375 195.77099609375 49391.31427218225 64796
1420 49 72046.07615892062 17430.727303675645 156149.6630859375 195.77099609375 49562.21299717709 65290
1430 46.9 72225.03745242134 18113.403297289475 156149.6630859375 195.77099609375 49729.69692769175 65780
1440 46.2 73017.16960375232 18482.397211202744 156149.6630859375 195.77099609375 49888.949364801716 66249
1450 47.4 71746.72671032355 17156.52983943202 156149.6630859375 195.77099609375 50049.121416643175 66711
1460 48.7 71771.1713451096 17541.481241621965 156149.6630859375 195.77099609375 50202.20119500448 67185
1470 47.7 72128.86507673284 17776.8006984672 156149.6630859375 195.77099609375 50357.421795298564 67672
1480 49.5 73373.83929431041 19339.015703400633 156149.6630859375 195.77099609375 50509.808161132896 68149
1490 50.5 72707.4721191406 19088.95681446376 156149.6630859375 195.77099609375 50674.68339292188 68644
1500 47.6 72917.3073273987 18625.789859998986 156149.6630859375 195.77099609375 50835.590395289815 69149
1510 46.2 72617.2998987503 17816.10443747938 156149.6630859375 195.77099609375 50986.55480835529 69625
1520 50.3 72295.68063057204 18105.856018966417 156149.6630859375 195.77099609375 51129.1405122913 70087
1530 47 71747.22931297783 16871.89561252735 156149.6630859375 195.77099609375 51279.96597878082 70590
1540 45.6 71684.72613739538 17112.16637830599 156149.6630859375 195.77099609375 51415.339096808864 71060
1550 45 72115.45555447052 17589.527123093398 156149.6630859375 195.77099609375 51544.58067198795 71516
1560 48.9 71065.25726530547 16040.103546068452 156149.6630859375 195.77099609375 51673.209381338434 71966
1570 47.8 71407.1478348098 16410.650645915895 156149.6630859375 195.77099609375 51804.08663501672 72455
1580 49.9 72251.84210413015 17467.268107152504 156149.6630859375 195.77099609375 51932.56432349108 72933
1590 51.4 72004.60789685675 17802.54701663944 156149.6630859375 195.77099609375 52070.64199552152 73432
1600 49.7 72474.13048014656 17999.507192795176 156149.6630859375 195.77099609375 52209.20335750576 73946
1610 51 72844.4707730162 19016.36800405041 161890.92602539063 195.77099609375 52344.4970557709 74443
1620 44.7 74242.50208803061 20707.789886429626 161890.92602539063 195.77099609375 52483.984289047694 74953
1630 50.4 71509.26824321435 17115.17853771373 161890.92602539063 195.77099609375 52612.977093505855 75400
1640 47.3 71437.13438160667 16912.400690551807 161890.92602539063 195.77099609375 52738.447829428245 75904
1650 49.9 71813.42573281338 17550.8155248023 161890.92602539063 195.77099609375 52854.24811929536 76377
1660 46.7 72877.4102979248 18795.18464057762 161890.92602539063 195.77099609375 52977.31161933627 76876
1670 49.1 72120.18383391267 17399.440477201948 161890.92602539063 195.77099609375 53097.4691782996 77343
1680 43.4 73404.58485574326 19040.677190263672 161890.92602539063 195.77099609375 53217.470114855685 77834
1690 50.1 72253.46707853828 18352.451199098115 161890.92602539063 195.77099609375 53329.40868231039 78268
1700 48.5 72253.33742801628 17404.790098711597 161890.92602539063 195.77099609375 53449.77269932864 78769
1710 46.2 72098.43579260084 17566.703962051757 161890.92602539063 195.77099609375 53564.842334847526 79254
1720 52.3 71538.02073001314 17581.41248208565 161890.92602539063 195.77099609375 53672.25515256896 79716
1730 48.1 73004.57570694195 18631.261183432438 161890.92602539063 195.77099609375 53788.70470200257 80239
1740 47.2 73385.2777823755 19235.068767368484 161890.92602539063 195.77099609375 53903.209582495336 80720
1750 46.4 72199.41513324608 17229.081322950384 161890.92602539063 195.77099609375 54016.46626037423 81192
1760 49.4 70761.2947103523 15615.600170706177 161890.92602539063 195.77099609375 54119.78859158091 81656
1770 46.2 72013.34728845372 17270.42644648058 161890.92602539063 195.77099609375 54219.860460390075 82150
1780 47.8 72547.95690917963 17647.96009267006 161890.92602539063 195.77099609375 54319.36889638685 82612
1790 47.8 72603.58749274736 17666.075112759096 161890.92602539063 195.77099609375 54424.23428416053 83090
1800 46.7 73211.53612392509 19001.076400832626 161890.92602539063 195.77099609375 54528.218235358414 83568
1810 47.2 73354.1922891908 18949.301019675637 161890.92602539063 195.77099609375 54632.04532471357 84035
1820 42.9 73901.36482292115 19264.791055431993 161890.92602539063 195.77099609375 54736.61480851057 84507
1830 42 73824.75061035155 19242.918739472272 161890.92602539063 195.77099609375 54833.4133127512 84936
1840 33.8 74976.12185867579 19906.046723408523 161890.92602539063 195.77099609375 54926.86147884371 85356
1850 27.9 76064.33289055502 20392.80497396409 161890.92602539063 195.77099609375 55005.94111112115 85694
1860 20.5 84596.61719345469 21063.573941352715 161890.92602539063 195.77099609375 55074.279907097356 85973
1870 17 101380.82677648212 19337.81881570868 161890.92602539063 195.77099609375 55144.507565475404 86178
1880 17.4 108055.4772303789 15669.355248608574 161890.92602539063 195.77099609375 55235.5365906511 86348
1890 16.8 116747.90635463169 13470.930739065952 161890.92602539063 195.77099609375 55341.76009070094 86522
1900 16.5 123768.50796194366 5815.393105834748 161890.92602539063 195.77099609375 55460.76150461651 86690
1910 16.8 123685.85919189453 4115.826384391579 161890.92602539063 195.77099609375 55590.52695468224 86855
1920 9.8 126204.01531359614 4916.05506632508 161890.92602539063 195.77099609375 55721.986635638445 87023
1930 0 0 0 161890.92602539063 195.77099609375 55801.26991763061 87121
1940 0 0 0 161890.92602539063 195.77099609375 55801.26991763061 87121
1950 0 0 0 161890.92602539063 195.77099609375 55801.26991763061 87121
1960 0 0 0 161890.92602539063 195.77099609375 55801.26991763061 87121
1970 0 0 0 161890.92602539063 195.77099609375 55801.26991763061 87121
1980 0 0 0 161890.92602539063 195.77099609375 55801.26991763061 87121
1990 0 0 0 161890.92602539063 195.77099609375 55801.26991763061 87121
2000 0 0 0 161890.92602539063 195.77099609375 55801.26991763061 87121
2010 0 0 0 161890.92602539063 195.77099609375 55801.26991763061 87121
2020 0 0 0 161890.92602539063 195.77099609375 55801.26991763061 87121
2030 0 0 0 161890.92602539063 195.77099609375 55801.26991763061 87121
2040 0 0 0 161890.92602539063 195.77099609375 55801.26991763061 87121
2050 0 0 0 161890.92602539063 195.77099609375 55801.26991763061 87121
2060 0 0 0 161890.92602539063 195.77099609375 55801.26991763061 87121
2070 0 0 0 161890.92602539063 195.77099609375 55801.26991763061 87121
2080 0 0 0 161890.92602539063 195.77099609375 55801.26991763061 87121
2090 0 0 0 161890.92602539063 195.77099609375 55801.26991763061 87121
2100 0 0 0 161890.92602539063 195.77099609375 55801.26991763061 87121
2110 0 0 0 161890.92602539063 195.77099609375 55801.26991763061 87121
2120 0 0 0 161890.92602539063 195.77099609375 55801.26991763061 87121
2130 0 0 0 161890.92602539063 195.77099609375 55801.26991763061 87121
2140 0 0 0 161890.92602539063 195.77099609375 55801.26991763061 87121
2150 0 0 0 161890.92602539063 195.77099609375 55801.26991763061 87121
2160 0 0 0 161890.92602539063 195.77099609375 55801.26991763061 87121
2170 0 0 0 161890.92602539063 195.77099609375 55801.26991763061 87121
2180 0 0 0 161890.92602539063 195.77099609375 55801.26991763061 87121
2190 0 0 0 161890.92602539063 195.77099609375 55801.26991763061 87121
2200 0 0 0 161890.92602539063 195.77099609375 55801.26991763061 87121
2210 0 0 0 161890.92602539063 195.77099609375 55801.26991763061 87121
2220 0 0 0 161890.92602539063 195.77099609375 55801.26991763061 87121
2230 0 0 0 161890.92602539063 195.77099609375 55801.26991763061 87121
2240 0 0 0 161890.92602539063 195.77099609375 55801.26991763061 87121
2250 0 0 0 161890.92602539063 195.77099609375 55801.26991763061 87121
2260 0 0 0 161890.92602539063 195.77099609375 55801.26991763061 87121
2270 0 0 0 161890.92602539063 195.77099609375 55801.26991763061 87121
2280 0 0 0 161890.92602539063 195.77099609375 55801.26991763061 87121
2290 0 0 0 161890.92602539063 195.77099609375 55801.26991763061 87121
2300 0 0 0 161890.92602539063 195.77099609375 55801.26991763061 87121
2310 0 0 0 161890.92602539063 195.77099609375 55801.26991763061 87121
2320 0 0 0 161890.92602539063 195.77099609375 55801.26991763061 87121
2330 0 0 0 161890.92602539063 195.77099609375 55801.26991763061 87121
2340 0 0 0 161890.92602539063 195.77099609375 55801.26991763061 87121
2350 0 0 0 161890.92602539063 195.77099609375 55801.26991763061 87121
2360 0 0 0 161890.92602539063 195.77099609375 55801.26991763061 87121
2370 0 0 0 161890.92602539063 195.77099609375 55801.26991763061 87121
2380 0 0 0 161890.92602539063 195.77099609375 55801.26991763061 87121
2390 0 0 0 161890.92602539063 195.77099609375 55801.26991763061 87121
2400 0 0 0 161890.92602539063 195.77099609375 55801.26991763061 87121
2410 0 0 0 161890.92602539063 195.77099609375 55801.26991763061 87121
2420 0 0 0 161890.92602539063 195.77099609375 55801.26991763061 87121
2430 0 0 0 161890.92602539063 195.77099609375 55801.26991763061 87121
2440 0 0 0 161890.92602539063 195.77099609375 55801.26991763061 87121
2450 0 0 0 161890.92602539063 195.77099609375 55801.26991763061 87121
2460 0 0 0 161890.92602539063 195.77099609375 55801.26991763061 87121
2470 0 0 0 161890.92602539063 195.77099609375 55801.26991763061 87121
2480 0 0 0 161890.92602539063 195.77099609375 55801.26991763061 87121
2490 0 0 0 161890.92602539063 195.77099609375 55801.26991763061 87121
2500 0 0 0 161890.92602539063 195.77099609375 55801.26991763061 87121
2510 0 0 0 161890.92602539063 195.77099609375 55801.26991763061 87121
2520 0 0 0 161890.92602539063 195.77099609375 55801.26991763061 87121
2530 0 0 0 161890.92602539063 195.77099609375 55801.26991763061 87121
2540 0 0 0 161890.92602539063 195.77099609375 55801.26991763061 87121
2550 0 0 0 161890.92602539063 195.77099609375 55801.26991763061 87121
2560 0 0 0 161890.92602539063 195.77099609375 55801.26991763061 87121
2570 0 0 0 161890.92602539063 195.77099609375 55801.26991763061 87121
2580 0 0 0 161890.92602539063 195.77099609375 55801.26991763061 87121
2590 0 0 0 161890.92602539063 195.77099609375 55801.26991763061 87121
2600 0 0 0 161890.92602539063 195.77099609375 55801.26991763061 87121
2610 0 0 0 161890.92602539063 195.77099609375 55801.26991763061 87121
2620 0 0 0 161890.92602539063 195.77099609375 55801.26991763061 87121
2630 0 0 0 161890.92602539063 195.77099609375 55801.26991763061 87121
2640 0 0 0 161890.92602539063 195.77099609375 55801.26991763061 87121
2650 0 0 0 161890.92602539063 195.77099609375 55801.26991763061 87121
2660 0 0 0 161890.92602539063 195.77099609375 55801.26991763061 87121
2670 0 0 0 161890.92602539063 195.77099609375 55801.26991763061 87121
2680 0 0 0 161890.92602539063 195.77099609375 55801.26991763061 87121
2690 0 0 0 161890.92602539063 195.77099609375 55801.26991763061 87121
2700 0 0 0 161890.92602539063 195.77099609375 55801.26991763061 87121
2710 0 0 0 161890.92602539063 195.77099609375 55801.26991763061 87121
2720 0 0 0 161890.92602539063 195.77099609375 55801.26991763061 87121
2730 0 0 0 161890.92602539063 195.77099609375 55801.26991763061 87121
2740 0 0 0 161890.92602539063 195.77099609375 55801.26991763061 87121
2750 0 0 0 161890.92602539063 195.77099609375 55801.26991763061 87121
2760 0 0 0 161890.92602539063 195.77099609375 55801.26991763061 87121
2770 0 0 0 161890.92602539063 195.77099609375 55801.26991763061 87121
2780 0 0 0 161890.92602539063 195.77099609375 55801.26991763061 87121
2790 0 0 0 161890.92602539063 195.77099609375 55801.26991763061 87121
2800 0 0 0 161890.92602539063 195.77099609375 55801.26991763061 87121
2810 0 0 0 161890.92602539063 195.77099609375 55801.26991763061 87121
2820 0 0 0 161890.92602539063 195.77099609375 55801.26991763061 87121
2830 0 0 0 161890.92602539063 195.77099609375 55801.26991763061 87121
2840 0 0 0 161890.92602539063 195.77099609375 55801.26991763061 87121
2850 0 0 0 161890.92602539063 195.77099609375 55801.26991763061 87121
2860 0 0 0 161890.92602539063 195.77099609375 55801.26991763061 87121
2870 0 0 0 161890.92602539063 195.77099609375 55801.26991763061 87121
2880 0 0 0 161890.92602539063 195.77099609375 55801.26991763061 87121
2890 0 0 0 161890.92602539063 195.77099609375 55801.26991763061 87121
2900 0 0 0 161890.92602539063 195.77099609375 55801.26991763061 87121
2910 0 0 0 161890.92602539063 195.77099609375 55801.26991763061 87121
2920 0 0 0 161890.92602539063 195.77099609375 55801.26991763061 87121
2930 0 0 0 161890.92602539063 195.77099609375 55801.26991763061 87121
2940 0 0 0 161890.92602539063 195.77099609375 55801.26991763061 87121
2950 0 0 0 161890.92602539063 195.77099609375 55801.26991763061 87121
2960 0 0 0 161890.92602539063 195.77099609375 55801.26991763061 87121
2970 0 0 0 161890.92602539063 195.77099609375 55801.26991763061 87121
2980 0 0 0 161890.92602539063 195.77099609375 55801.26991763061 87121
2990 0 0 0 161890.92602539063 195.77099609375 55801.26991763061 87121
3000 0 0 0 161890.92602539063 195.77099609375 55801.26991763061 87121
3010 0 0 0 161890.92602539063 195.77099609375 55801.26991763061 87121
3020 0 0 0 161890.92602539063 195.77099609375 55801.26991763061 87121
3030 0 0 0 161890.92602539063 195.77099609375 55801.26991763061 87121
3040 0 0 0 161890.92602539063 195.77099609375 55801.26991763061 87121
3050 0 0 0 161890.92602539063 195.77099609375 55801.26991763061 87121
3060 0 0 0 161890.92602539063 195.77099609375 55801.26991763061 87121
3070 0 0 0 161890.92602539063 195.77099609375 55801.26991763061 87121
3080 0 0 0 161890.92602539063 195.77099609375 55801.26991763061 87121
3090 0 0 0 161890.92602539063 195.77099609375 55801.26991763061 87121
3100 0 0 0 161890.92602539063 195.77099609375 55801.26991763061 87121
3110 0 0 0 161890.92602539063 195.77099609375 55801.26991763061 87121
3120 0 0 0 161890.92602539063 195.77099609375 55801.26991763061 87121
3130 0 0 0 161890.92602539063 195.77099609375 55801.26991763061 87121
3140 0 0 0 161890.92602539063 195.77099609375 55801.26991763061 87121
3150 0 0 0 161890.92602539063 195.77099609375 55801.26991763061 87121
3160 0 0 0 161890.92602539063 195.77099609375 55801.26991763061 87121
3170 0 0 0 161890.92602539063 195.77099609375 55801.26991763061 87121
3180 0 0 0 161890.92602539063 195.77099609375 55801.26991763061 87121
3190 0 0 0 161890.92602539063 195.77099609375 55801.26991763061 87121
3200 0 0 0 161890.92602539063 195.77099609375 55801.26991763061 87121
3210 0 0 0 161890.92602539063 195.77099609375 55801.26991763061 87121
3220 0 0 0 161890.92602539063 195.77099609375 55801.26991763061 87121
3230 0 0 0 161890.92602539063 195.77099609375 55801.26991763061 87121
3240 0 0 0 161890.92602539063 195.77099609375 55801.26991763061 87121
3250 0 0 0 161890.92602539063 195.77099609375 55801.26991763061 87121
3260 0 0 0 161890.92602539063 195.77099609375 55801.26991763061 87121
3270 0 0 0 161890.92602539063 195.77099609375 55801.26991763061 87121
3280 0 0 0 161890.92602539063 195.77099609375 55801.26991763061 87121
3290 0 0 0 161890.92602539063 195.77099609375 55801.26991763061 87121
3300 0 0 0 161890.92602539063 195.77099609375 55801.26991763061 87121
3310 0 0 0 161890.92602539063 195.77099609375 55801.26991763061 87121
3320 0 0 0 161890.92602539063 195.77099609375 55801.26991763061 87121
3330 0 0 0 161890.92602539063 195.77099609375 55801.26991763061 87121
3340 0 0 0 161890.92602539063 195.77099609375 55801.26991763061 87121
3350 0 0 0 161890.92602539063 195.77099609375 55801.26991763061 87121
3360 0 0 0 161890.92602539063 195.77099609375 55801.26991763061 87121
