0 26.51875 26.51875
10 50.91875 77.4375
20 58.225 135.6625
30 57.0625 192.725
40 56.175 248.9
50 56.5375 305.4375
60 53.675 359.1125
70 56.89375 416.00625
80 52.3 468.30625
90 53.45 521.75625
100 52.2125 573.96875
110 54.55625 628.525
120 54.69375 683.21875
130 57.35625 740.575
140 54.0375 794.6125
150 57.86875 852.48125
160 53.91875 906.4
170 49.55 955.95
180 56.7875 1012.7375
190 51.8625 1064.6
200 56.725 1121.325
210 53.60625 1174.93125
220 53.0375 1227.96875
230 53.025 1280.99375
240 58.46875 1339.4625
250 53.29375 1392.75625
260 52.36875 1445.125
270 52.21875 1497.34375
280 55.025 1552.36875
290 54.7 1607.06875
300 50.925 1657.99375
310 55.725 1713.71875
320 55.79375 1769.5125
330 56.34375 1825.85625
340 53.45625 1879.3125
350 52.1125 1931.425
360 52.0625 1983.4875
370 50.33125 2033.81875
380 42.6375 2076.45625
390 28.55 2105.00625
400 34.16875 2139.175
410 34.43125 2173.60625
420 36.05625 2209.6625
430 42.15625 2251.81875
440 42.29375 2294.1125
450 37.19375 2331.30625
460 21.4875 2352.79375
470 22.88125 2375.675
480 20.9875 2396.6625
490 22.23125 2418.89375
500 23.79375 2442.6875
510 29.95 2472.6375
520 30.01875 2502.65625
530 28.875 2531.53125
540 29.975 2561.50625
550 29.3 2590.80625
560 28.9875 2619.79375
570 28.90625 2648.7
580 27.4 2676.1
590 27.225 2703.325
600 27.3125 2730.6375
610 26.93125 2757.56875
620 27.8125 2785.38125
630 27.725 2813.10625
640 25.06875 2838.175
650 27.73125 2865.90625
660 26.975 2892.88125
670 26.95 2919.83125
680 23.025 2942.85625
690 20.675 2963.53125
700 20.05625 2983.5875
710 20.1375 3003.725
720 20.04375 3023.76875
730 19.1375 3042.90625
740 19.35625 3062.2625
750 18.975 3081.2375
760 18.61875 3099.85625
770 18.66875 3118.525
780 1.5875 3120.1125
790 0.79375 3120.90625
800 19.48125 3140.3875
810 19.5125 3159.9
820 18.8875 3178.7875
830 18.4625 3197.25
840 20.1125 3217.3625
850 22.29375 3239.65625
860 22.26875 3261.925
870 22.8125 3284.7375
880 19.73125 3304.46875
890 18.31875 3322.7875
900 18.3375 3341.125
910 18.7375 3359.8625
920 17.875 3377.7375
930 4.21875 3381.95625
940 0 3381.95625
950 0 3381.95625
960 0 3381.95625
970 0 3381.95625
980 0 3381.95625
990 0 3381.95625
1000 0 3381.95625
1010 0 3381.95625
1020 0 3381.95625
1030 0 3381.95625
1040 0 3381.95625
1050 0 3381.95625
1060 0 3381.95625
1070 0 3381.95625
1080 0 3381.95625
1090 0 3381.95625
1100 0 3381.95625
1110 0 3381.95625
1120 0 3381.95625
1130 0 3381.95625
1140 0 3381.95625
1150 0 3381.95625
1160 0 3381.95625
1170 0 3381.95625
1180 0 3381.95625
1190 0 3381.95625
1200 0 3381.95625
1210 0 3381.95625
1220 0 3381.95625
1230 0 3381.95625
1240 0 3381.95625
1250 0 3381.95625
1260 0 3381.95625
1270 0 3381.95625
1280 0 3381.95625
1290 0 3381.95625
1300 0 3381.95625
1310 0 3381.95625
1320 0 3381.95625
1330 0 3381.95625
1340 0 3381.95625
1350 0 3381.95625
1360 0 3381.95625
1370 0 3381.95625
1380 0 3381.95625
1390 0 3381.95625
1400 0 3381.95625
1410 0 3381.95625
1420 0 3381.95625
1430 0 3381.95625
1440 0 3381.95625
1450 0 3381.95625
1460 0 3381.95625
1470 0 3381.95625
1480 0 3381.95625
1490 0 3381.95625
1500 0 3381.95625
1510 0 3381.95625
1520 0 3381.95625
1530 0 3381.95625
1540 0 3381.95625
1550 0 3381.95625
1560 0 3381.95625
1570 0 3381.95625
1580 0 3381.95625
1590 0 3381.95625
1600 0 3381.95625
1610 0 3381.95625
1620 0 3381.95625
1630 0 3381.95625
1640 0 3381.95625
1650 0 3381.95625
1660 0 3381.95625
1670 0 3381.95625
1680 0 3381.95625
1690 0 3381.95625
1700 0 3381.95625
1710 0 3381.95625
1720 0 3381.95625
1730 0 3381.95625
1740 0 3381.95625
1750 0 3381.95625
1760 0 3381.95625
1770 0 3381.95625
1780 0 3381.95625
1790 0 3381.95625
1800 0 3381.95625
1810 0 3381.95625
1820 0 3381.95625
1830 0 3381.95625
1840 0 3381.95625
1850 16.15 3398.10625
1860 16.0625 3414.16875
1870 10.3625 3424.53125
1880 19.6 3444.13125
1890 19.28125 3463.4125
1900 18.74375 3482.15625
1910 19.125 3501.28125
1920 11.15625 3512.4375
1930 0 3512.4375
1940 0 3512.4375
1950 0 3512.4375
1960 0 3512.4375
1970 0 3512.4375
1980 0 3512.4375
1990 0 3512.4375
2000 0 3512.4375
2010 0 3512.4375
2020 0 3512.4375
2030 0 3512.4375
2040 0 3512.4375
2050 0 3512.4375
2060 0 3512.4375
2070 0 3512.4375
2080 0 3512.4375
2090 0 3512.4375
2100 0 3512.4375
2110 0 3512.4375
2120 0 3512.4375
2130 0 3512.4375
2140 0 3512.4375
2150 0 3512.4375
2160 0 3512.4375
2170 0 3512.4375
2180 0 3512.4375
2190 0 3512.4375
2200 0 3512.4375
2210 0 3512.4375
2220 0 3512.4375
2230 0 3512.4375
2240 0 3512.4375
2250 0 3512.4375
2260 0 3512.4375
2270 0 3512.4375
2280 0 3512.4375
2290 0 3512.4375
2300 0 3512.4375
2310 0 3512.4375
2320 0 3512.4375
2330 0 3512.4375
2340 0 3512.4375
2350 0 3512.4375
2360 0 3512.4375
2370 0 3512.4375
2380 0 3512.4375
2390 0 3512.4375
2400 0 3512.4375
2410 0 3512.4375
2420 0 3512.4375
2430 0 3512.4375
2440 0 3512.4375
2450 0 3512.4375
2460 0 3512.4375
2470 0 3512.4375
2480 0 3512.4375
2490 0 3512.4375
2500 0 3512.4375
2510 0 3512.4375
2520 0 3512.4375
2530 0 3512.4375
2540 0 3512.4375
2550 0 3512.4375
2560 0 3512.4375
2570 0 3512.4375
2580 0 3512.4375
2590 0 3512.4375
2600 0 3512.4375
2610 0 3512.4375
2620 0 3512.4375
2630 0 3512.4375
2640 0 3512.4375
2650 0 3512.4375
2660 0 3512.4375
2670 0 3512.4375
2680 0 3512.4375
2690 0 3512.4375
2700 0 3512.4375
2710 0 3512.4375
2720 0 3512.4375
2730 0 3512.4375
2740 0 3512.4375
2750 0 3512.4375
2760 0 3512.4375
2770 0 3512.4375
2780 0 3512.4375
2790 0 3512.4375
2800 0 3512.4375
2810 0 3512.4375
2820 0 3512.4375
2830 0 3512.4375
2840 0 3512.4375
2850 0 3512.4375
2860 0 3512.4375
2870 0 3512.4375
2880 0 3512.4375
2890 0 3512.4375
2900 0 3512.4375
2910 0 3512.4375
2920 0 3512.4375
2930 0 3512.4375
2940 0 3512.4375
2950 0 3512.4375
2960 0 3512.4375
2970 0 3512.4375
2980 0 3512.4375
2990 0 3512.4375
3000 0 3512.4375
3010 0 3512.4375
3020 0 3512.4375
3030 0 3512.4375
3040 0 3512.4375
3050 0 3512.4375
3060 0 3512.4375
3070 0 3512.4375
3080 0 3512.4375
3090 0 3512.4375
3100 0 3512.4375
3110 0 3512.4375
3120 0 3512.4375
3130 0 3512.4375
3140 0 3512.4375
3150 0 3512.4375
3160 0 3512.4375
3170 0 3512.4375
3180 0 3512.4375
3190 0 3512.4375
3200 0 3512.4375
3210 0 3512.4375
3220 0 3512.4375
3230 0 3512.4375
3240 0 3512.4375
3250 0 3512.4375
3260 0 3512.4375
3270 0 3512.4375
3280 0 3512.4375
3290 0 3512.4375
3300 0 3512.4375
3310 0 3512.4375
3320 0 3512.4375
3330 0 3512.4375
3340 0 3512.4375
3350 0 3512.4375
3360 0 3512.4375
