780 15.8 158
790 15.8 316
800 0.1 317
810 0 317
820 0 317
830 0 317
840 0 317
850 0 317
860 0 317
870 0 317
880 0 317
890 0 317
900 0 317
910 0 317
920 0 317
930 12.5 442
940 15.9 601
950 14.8 749
960 15.6 905
970 15.7 1062
980 15.7 1219
990 16.1 1380
1000 16 1540
1010 15.8 1698
1020 16.4 1862
1030 16.1 2023
1040 15.8 2181
1050 16.1 2342
1060 15.8 2500
1070 16.1 2661
1080 16.2 2823
1090 16.2 2985
1100 16.3 3148
1110 16.3 3311
1120 16 3471
1130 16.3 3634
1140 15.9 3793
1150 16.2 3955
1160 15.1 4106
1170 16.2 4268
1180 16.2 4430
1190 16.3 4593
1200 16.6 4759
1210 16.3 4922
1220 16 5082
1230 16.1 5243
1240 15.7 5400
1250 15.8 5558
1260 16 5718
1270 16 5878
1280 16 6038
1290 16.2 6200
1300 16.2 6362
1310 16.4 6526
1320 16.2 6688
1330 16.1 6849
1340 15.8 7007
1350 16 7167
1360 14.7 7314
1370 15.8 7472
1380 15.9 7631
1390 16.1 7792
1400 16.4 7956
1410 16.1 8117
1420 16 8277
1430 15.8 8435
1440 15.8 8593
1450 15.7 8750
1460 15.9 8909
1470 16.3 9072
1480 16.1 9233
1490 16.2 9395
1500 16.2 9557
1510 16.2 9719
1520 16.3 9882
1530 16 10042
1540 16 10202
1550 15.5 10357
1560 15 10507
1570 15.9 10666
1580 16.2 10828
1590 16.3 10991
1600 16.3 11154
1610 16.3 11317
1620 16.3 11480
1630 16.1 11641
1640 15.7 11798
1650 15.6 11954
1660 15.8 12112
1670 16.1 12273
1680 16.4 12437
1690 16.2 12599
1700 16.3 12762
1710 16.3 12925
1720 16.2 13087
1730 16.1 13248
1740 15.7 13405
1750 15.7 13562
1760 15.6 13718
1770 15.4 13872
1780 16.2 14034
1790 16.3 14197
1800 16.8 14365
1810 17.1 14536
1820 17.1 14707
1830 16.9 14876
1840 16.8 15044
1850 2.2 15066
1860 2.1 15087
1870 7.5 15162
1880 0 15162
1890 0 15162
1900 0.1 15163
1910 0 15163
1920 0 15163
1930 0 15163
1940 0 15163
1950 0 15163
1960 0 15163
1970 0 15163
1980 0 15163
1990 0 15163
2000 0 15163
2010 0 15163
2020 0 15163
2030 0 15163
2040 0 15163
2050 0 15163
2060 0 15163
2070 0 15163
2080 0 15163
2090 0 15163
2100 0 15163
2110 0 15163
2120 0 15163
2130 0 15163
2140 0 15163
2150 0 15163
2160 0 15163
2170 0 15163
2180 0 15163
2190 0 15163
2200 0 15163
2210 0 15163
2220 0 15163
2230 0 15163
2240 0 15163
2250 0 15163
2260 0 15163
2270 0 15163
2280 0 15163
2290 0 15163
2300 0 15163
2310 0 15163
2320 0 15163
2330 0 15163
2340 0 15163
2350 0 15163
2360 0 15163
2370 0 15163
2380 0 15163
2390 0 15163
2400 0 15163
2410 0 15163
2420 0 15163
2430 0 15163
2440 0 15163
2450 0 15163
2460 0 15163
2470 0 15163
2480 0 15163
2490 0 15163
2500 0 15163
2510 0 15163
2520 0 15163
2530 0 15163
2540 0 15163
2550 0 15163
2560 0 15163
2570 0 15163
2580 0 15163
2590 0 15163
2600 0 15163
2610 0 15163
2620 0 15163
2630 0 15163
2640 0 15163
2650 0 15163
2660 0 15163
2670 0 15163
2680 0 15163
2690 0 15163
2700 0 15163
2710 0 15163
2720 0 15163
2730 0 15163
2740 0 15163
2750 0 15163
2760 0 15163
2770 0 15163
2780 0 15163
2790 0 15163
2800 0 15163
2810 0 15163
2820 0 15163
2830 0 15163
2840 0 15163
2850 0 15163
2860 0 15163
2870 0 15163
2880 0 15163
2890 0 15163
2900 0 15163
2910 0 15163
2920 0 15163
2930 0 15163
2940 0 15163
2950 0 15163
2960 0 15163
2970 0 15163
2980 0 15163
2990 0 15163
3000 0 15163
3010 0 15163
3020 0 15163
3030 0 15163
3040 0 15163
3050 0 15163
3060 0 15163
3070 0 15163
3080 0 15163
3090 0 15163
3100 0 15163
3110 0 15163
3120 0 15163
3130 0 15163
3140 0 15163
3150 0 15163
3160 0 15163
3170 0 15163
3180 0 15163
3190 0 15163
3200 0 15163
3210 0 15163
3220 0 15163
3230 0 15163
3240 0 15163
3250 0 15163
3260 0 15163
3270 0 15163
3280 0 15163
3290 0 15163
3300 0 15163
3310 0 15163
3320 0 15163
3330 0 15163
3340 0 15163
3350 0 15163
3360 0 15163
