1870 0.2 2
1880 0.2 4
1890 0 4
1900 0 4
1910 0 4
1920 0 4
1930 0 4
1940 0 4
1950 0 4
1960 0 4
1970 0 4
1980 0 4
1990 0 4
2000 0 4
2010 0 4
2020 0 4
2030 0 4
2040 0 4
2050 0 4
2060 0 4
2070 0 4
2080 0 4
2090 0 4
2100 0 4
2110 0 4
2120 0 4
2130 0 4
2140 0 4
2150 0 4
2160 0 4
2170 0 4
2180 0 4
2190 0 4
2200 0 4
2210 0 4
2220 0 4
2230 0 4
2240 0 4
2250 0 4
2260 0 4
2270 0 4
2280 0 4
2290 0 4
2300 0 4
2310 0 4
2320 0 4
2330 0 4
2340 0 4
2350 0 4
2360 0 4
2370 0 4
2380 0 4
2390 0 4
2400 0 4
2410 0 4
2420 0 4
2430 0 4
2440 0 4
2450 0 4
2460 0 4
2470 0 4
2480 0 4
2490 0 4
2500 0 4
2510 0 4
2520 0 4
2530 0 4
2540 0 4
2550 0 4
2560 0 4
2570 0 4
2580 0 4
2590 0 4
2600 0 4
2610 0 4
2620 0 4
2630 0 4
2640 0 4
2650 0 4
2660 0 4
2670 0 4
2680 0 4
2690 0 4
2700 0 4
2710 0 4
2720 0 4
2730 0 4
2740 0 4
2750 0 4
2760 0 4
2770 0 4
2780 0 4
2790 0 4
2800 0 4
2810 0 4
2820 0 4
2830 0 4
2840 0 4
2850 0 4
2860 0 4
2870 0 4
2880 0 4
2890 0 4
2900 0 4
2910 0 4
2920 0 4
2930 0 4
2940 0 4
2950 0 4
2960 0 4
2970 0 4
2980 0 4
2990 0 4
3000 0 4
3010 0 4
3020 0 4
3030 0 4
3040 0 4
3050 0 4
3060 0 4
3070 0 4
3080 0 4
3090 0 4
3100 0 4
3110 0 4
3120 0 4
3130 0 4
3140 0 4
3150 0 4
3160 0 4
3170 0 4
3180 0 4
3190 0 4
3200 0 4
3210 0 4
3220 0 4
3230 0 4
3240 0 4
3250 0 4
3260 0 4
3270 0 4
3280 0 4
3290 0 4
3300 0 4
3310 0 4
3320 0 4
3330 0 4
3340 0 4
3350 0 4
3360 0 4
