420 0.6 6
430 11.1 117
440 22.3 340
450 32.6 666
460 53.3 1199
470 71.5 1914
480 82.6 2740
490 96.4 3704
500 106.1 4765
510 106.8 5833
520 114.8 6981
530 125.9 8240
540 121.8 9458
550 118.3 10641
560 125.5 11896
570 116.3 13059
580 122.5 14284
590 126.8 15552
600 122.4 16776
610 124 18016
620 126.6 19282
630 129.8 20580
640 120.2 21782
650 124.7 23029
660 128.3 24312
670 124.3 25555
680 131.7 26872
690 133.7 28209
700 130.9 29518
710 138.2 30900
720 143.5 32335
730 140.6 33741
740 145.5 35196
750 147.3 36669
760 142 38089
770 149.1 39580
780 154.4 41124
790 133.1 42455
800 143.3 43888
810 145.4 45342
820 143.6 46778
830 151.3 48291
840 144 49731
850 140.9 51140
860 141 52550
870 136.8 53918
880 140.1 55319
890 144.4 56763
900 145.5 58218
910 148.8 59706
920 148.8 61194
930 149.1 62685
940 151.1 64196
950 143.6 65632
960 151.7 67149
970 157.7 68726
980 154.2 70268
990 151.2 71780
1000 151.4 73294
1010 150.2 74796
1020 149.2 76288
1030 152.8 77816
1040 149.2 79308
1050 149.5 80803
1060 153.7 82340
1070 151.5 83855
1080 155.6 85411
1090 158.8 86999
1100 158 88579
1110 155.8 90137
1120 166.3 91800
1130 162.7 93427
1140 155.4 94981
1150 164 96621
1160 150.8 98129
1170 158.6 99715
1180 160.1 101316
1190 162.5 102941
1200 150.4 104445
1210 160.4 106049
1220 163.9 107688
1230 153.8 109226
1240 159.4 110820
1250 155.8 112378
1260 151 113888
1270 153.5 115423
1280 151.6 116939
1290 150.3 118442
1300 149.3 119935
1310 144.3 121378
1320 148.8 122866
1330 152.6 124392
1340 147.3 125865
1350 154.5 127410
1360 148 128890
1370 151 130400
1380 154.5 131945
1390 150.6 133451
1400 148.9 134940
1410 150.3 136443
1420 149.5 137938
1430 151.9 139457
1440 147.4 140931
1450 147.3 142404
1460 152.9 143933
1470 151.3 145446
1480 144.9 146895
1490 150.5 148400
1500 151.9 149919
1510 147 151389
1520 150.5 152894
1530 155 154444
1540 150.8 155952
1550 154.1 157493
1560 145.8 158951
1570 149.2 160443
1580 154.3 161986
1590 151.2 163498
1600 153.4 165032
1610 150.8 166540
1620 146.9 168009
1630 146.2 169471
1640 153 171001
1650 147.9 172480
1660 151.7 173997
1670 154.1 175538
1680 144.1 176979
1690 153.8 178517
1700 152.6 180043
1710 148.6 181529
1720 151.5 183044
1730 151.1 184555
1740 144.2 185997
1750 147.8 187475
1760 150.2 188977
1770 139.6 190373
1780 156 191933
1790 148.7 193420
1800 124.2 194662
1810 87.3 195535
1820 54.7 196082
1830 38.8 196470
1840 19.5 196665
1850 11.6 196781
1860 3.9 196820
1870 0 196820
1880 0 196820
1890 0 196820
1900 0 196820
1910 0 196820
1920 0 196820
1930 0 196820
1940 0 196820
1950 0 196820
1960 0 196820
1970 0 196820
1980 0 196820
1990 0 196820
2000 0 196820
2010 0 196820
2020 0 196820
2030 0 196820
2040 0 196820
2050 0 196820
2060 0 196820
2070 0 196820
2080 0 196820
2090 0 196820
2100 0 196820
2110 0 196820
2120 0 196820
2130 0 196820
2140 0 196820
2150 0 196820
2160 0 196820
2170 0 196820
2180 0 196820
2190 0 196820
2200 0 196820
2210 0 196820
2220 0 196820
2230 0 196820
2240 0 196820
2250 0 196820
2260 0 196820
2270 0 196820
2280 0 196820
2290 0 196820
2300 0 196820
2310 0 196820
2320 0 196820
2330 0 196820
2340 0 196820
2350 0 196820
2360 0 196820
2370 0 196820
2380 0 196820
2390 0 196820
2400 0 196820
2410 0 196820
2420 0 196820
2430 0 196820
2440 0 196820
2450 0 196820
2460 0 196820
2470 0 196820
2480 0 196820
2490 0 196820
2500 0 196820
2510 0 196820
2520 0 196820
2530 0 196820
2540 0 196820
2550 0 196820
2560 0 196820
2570 0 196820
2580 0 196820
2590 0 196820
2600 0 196820
2610 0 196820
2620 0 196820
2630 0 196820
2640 0 196820
2650 0 196820
2660 0 196820
2670 0 196820
2680 0 196820
2690 0 196820
2700 0 196820
2710 0 196820
2720 0 196820
2730 0 196820
2740 0 196820
2750 0 196820
2760 0 196820
2770 0 196820
2780 0 196820
2790 0 196820
2800 0 196820
2810 0 196820
2820 0 196820
2830 0 196820
2840 0 196820
2850 0 196820
2860 0 196820
2870 0 196820
2880 0 196820
2890 0 196820
2900 0 196820
2910 0 196820
2920 0 196820
2930 0 196820
2940 0 196820
2950 0 196820
2960 0 196820
2970 0 196820
2980 0 196820
2990 0 196820
3000 0 196820
3010 0 196820
3020 0 196820
3030 0 196820
3040 0 196820
3050 0 196820
3060 0 196820
3070 0 196820
3080 0 196820
3090 0 196820
3100 0 196820
3110 0 196820
3120 0 196820
3130 0 196820
3140 0 196820
3150 0 196820
3160 0 196820
3170 0 196820
3180 0 196820
3190 0 196820
3200 0 196820
3210 0 196820
3220 0 196820
3230 0 196820
3240 0 196820
3250 0 196820
3260 0 196820
3270 0 196820
3280 0 196820
3290 0 196820
3300 0 196820
3310 0 196820
3320 0 196820
3330 0 196820
3340 0 196820
3350 0 196820
3360 0 196820
