0 24.9 249
10 44.9 698
20 50.8 1206
30 49.7 1703
40 50 2203
50 49.2 2695
60 47.7 3172
70 49.2 3664
80 45.9 4123
90 47.2 4595
100 45.7 5052
110 47.5 5527
120 48.2 6009
130 50.4 6513
140 47.4 6987
150 50.5 7492
160 47.4 7966
170 43.6 8402
180 49.9 8901
190 48 9381
200 49.2 9873
210 47.5 10348
220 45.4 10802
230 46.5 11267
240 51.4 11781
250 47.1 12252
260 46 12712
270 45.5 13167
280 47.9 13646
290 47.7 14123
300 46.8 14591
310 49.2 15083
320 48.9 15572
330 49.2 16064
340 46.7 16531
350 45.7 16988
360 45.6 17444
370 43.9 17883
380 37.2 18255
390 25 18505
400 30.1 18806
410 30.1 19107
420 31.9 19426
430 36.9 19795
440 37 20165
450 32.6 20491
460 18.8 20679
470 20.1 20880
480 19.6 21076
490 22.5 21301
500 27.7 21578
510 37.5 21953
520 43 22383
530 49.5 22878
540 48.7 23365
550 48.7 23852
560 47.5 24327
570 47 24797
580 45.6 25253
590 49.8 25751
600 43.6 26187
610 47.4 26661
620 47.7 27138
630 48.7 27625
640 47.3 28098
650 49.5 28593
660 48.7 29080
670 47.3 29553
680 44.5 29998
690 46.4 30462
700 42 30882
710 43.4 31316
720 43.6 31752
730 45.5 32207
740 46.6 32673
750 44.7 33120
760 44.4 33564
770 51 34074
780 51 34584
790 45.9 35043
800 46.8 35511
810 50.1 36012
820 47.4 36486
830 48.6 36972
840 48.8 37460
850 47.4 37934
860 49.2 38426
870 47.4 38900
880 48.6 39386
890 48.7 39873
900 45.5 40328
910 45.2 40780
920 44.6 41226
930 44.9 41675
940 48.5 42160
950 46 42620
960 49.2 43112
970 50.1 43613
980 50.8 44121
990 47.5 44596
1000 48.7 45083
1010 48.2 45565
1020 51.8 46083
1030 49.1 46574
1040 48.9 47063
1050 46.6 47529
1060 48 48009
1070 46.1 48470
1080 48.6 48956
1090 47.6 49432
1100 45.9 49891
1110 49.3 50384
1120 50.9 50893
1130 51.9 51412
1140 48.2 51894
1150 53.3 52427
1160 50.5 52932
1170 51.3 53445
1180 54.2 53987
1190 48.4 54471
1200 49.9 54970
1210 50.2 55472
1220 52.2 55994
1230 46 56454
1240 53.5 56989
1250 51.1 57500
1260 46.8 57968
1270 50.6 58474
1280 52.1 58995
1290 52 59515
1300 48.4 59999
1310 47.5 60474
1320 47.5 60949
1330 48.1 61430
1340 46.5 61895
1350 45.9 62354
1360 47.7 62831
1370 46.7 63298
1380 50.9 63807
1390 48.9 64296
1400 50 64796
1410 49.4 65290
1420 49 65780
1430 46.9 66249
1440 46.2 66711
1450 47.4 67185
1460 48.7 67672
1470 47.7 68149
1480 49.5 68644
1490 50.5 69149
1500 47.6 69625
1510 46.2 70087
1520 50.3 70590
1530 47 71060
1540 45.6 71516
1550 45 71966
1560 48.9 72455
1570 47.8 72933
1580 49.9 73432
1590 51.4 73946
1600 49.7 74443
1610 51 74953
1620 44.7 75400
1630 50.4 75904
1640 47.3 76377
1650 49.9 76876
1660 46.7 77343
1670 49.1 77834
1680 43.4 78268
1690 50.1 78769
1700 48.5 79254
1710 46.2 79716
1720 52.3 80239
1730 48.1 80720
1740 47.2 81192
1750 46.4 81656
1760 49.4 82150
1770 46.2 82612
1780 47.8 83090
1790 47.8 83568
1800 46.7 84035
1810 47.2 84507
1820 42.9 84936
1830 42 85356
1840 33.8 85694
1850 27.9 85973
1860 20.5 86178
1870 17 86348
1880 17.4 86522
1890 16.8 86690
1900 16.5 86855
1910 16.8 87023
1920 9.8 87121
1930 0 87121
1940 0 87121
1950 0 87121
1960 0 87121
1970 0 87121
1980 0 87121
1990 0 87121
2000 0 87121
2010 0 87121
2020 0 87121
2030 0 87121
2040 0 87121
2050 0 87121
2060 0 87121
2070 0 87121
2080 0 87121
2090 0 87121
2100 0 87121
2110 0 87121
2120 0 87121
2130 0 87121
2140 0 87121
2150 0 87121
2160 0 87121
2170 0 87121
2180 0 87121
2190 0 87121
2200 0 87121
2210 0 87121
2220 0 87121
2230 0 87121
2240 0 87121
2250 0 87121
2260 0 87121
2270 0 87121
2280 0 87121
2290 0 87121
2300 0 87121
2310 0 87121
2320 0 87121
2330 0 87121
2340 0 87121
2350 0 87121
2360 0 87121
2370 0 87121
2380 0 87121
2390 0 87121
2400 0 87121
2410 0 87121
2420 0 87121
2430 0 87121
2440 0 87121
2450 0 87121
2460 0 87121
2470 0 87121
2480 0 87121
2490 0 87121
2500 0 87121
2510 0 87121
2520 0 87121
2530 0 87121
2540 0 87121
2550 0 87121
2560 0 87121
2570 0 87121
2580 0 87121
2590 0 87121
2600 0 87121
2610 0 87121
2620 0 87121
2630 0 87121
2640 0 87121
2650 0 87121
2660 0 87121
2670 0 87121
2680 0 87121
2690 0 87121
2700 0 87121
2710 0 87121
2720 0 87121
2730 0 87121
2740 0 87121
2750 0 87121
2760 0 87121
2770 0 87121
2780 0 87121
2790 0 87121
2800 0 87121
2810 0 87121
2820 0 87121
2830 0 87121
2840 0 87121
2850 0 87121
2860 0 87121
2870 0 87121
2880 0 87121
2890 0 87121
2900 0 87121
2910 0 87121
2920 0 87121
2930 0 87121
2940 0 87121
2950 0 87121
2960 0 87121
2970 0 87121
2980 0 87121
2990 0 87121
3000 0 87121
3010 0 87121
3020 0 87121
3030 0 87121
3040 0 87121
3050 0 87121
3060 0 87121
3070 0 87121
3080 0 87121
3090 0 87121
3100 0 87121
3110 0 87121
3120 0 87121
3130 0 87121
3140 0 87121
3150 0 87121
3160 0 87121
3170 0 87121
3180 0 87121
3190 0 87121
3200 0 87121
3210 0 87121
3220 0 87121
3230 0 87121
3240 0 87121
3250 0 87121
3260 0 87121
3270 0 87121
3280 0 87121
3290 0 87121
3300 0 87121
3310 0 87121
3320 0 87121
3330 0 87121
3340 0 87121
3350 0 87121
3360 0 87121
