0 2366.865625 2366.865625
10 4590.00703125 6956.87265625
20 5204.90234375 12161.775
30 5123.18671875 17284.96171875
40 5092.725 22377.68671875
50 5112.9671875 27490.65390625
60 4805.440625 32296.09453125
70 5133.04296875 37429.1375
80 4713.00546875 42142.14296875
90 4825.99453125 46968.1375
100 4661.8171875 51629.9546875
110 4918.1109375 56548.065625
120 4949.05625 61497.121875
130 5163.8375 66660.959375
140 4866.4125 71527.371875
150 5204.85234375 76732.22421875
160 4866.72734375 81598.9515625
170 4487.5890625 86086.540625
180 5081.85234375 91168.39296875
190 4661.59765625 95829.990625
200 5132.7671875 100962.7578125
210 4804.89765625 105767.65546875
220 4815.13828125 110582.79375
230 4764.0296875 115346.8234375
240 5265.86796875 120612.69140625
250 4794.65546875 125407.346875
260 4692.134375 130099.48125
270 4722.7828125 134822.2640625
280 4948.38203125 139770.64609375
290 4917.51015625 144688.15625
300 4589.884375 149278.040625
310 5029.9109375 154307.9515625
320 5009.52578125 159317.47734375
330 5081.2359375 164398.71328125
340 4804.81953125 169203.5328125
350 4692.471875 173896.0046875
360 4682.05859375 178578.06328125
370 4538.3171875 183116.38046875
380 3841.52734375 186957.9078125
390 2571.27421875 189529.18203125
400 3073.5375 192602.71953125
410 3104.290625 195707.01015625
420 3257.99296875 198965.003125
430 3800.85390625 202765.85703125
440 3780.41484375 206546.271875
450 3380.99921875 209927.27109375
460 1926.2203125 211853.49140625
470 2069.5828125 213923.07421875
480 1895.425 215818.49921875
490 1997.971875 217816.47109375
500 2131.0140625 219947.48515625
510 2694.46640625 222641.9515625
520 2704.7953125 225346.746875
530 2602.3859375 227949.1328125
540 2694.5375 230643.6703125
550 2643.3625 233287.0328125
560 2612.57578125 235899.60859375
570 2592.10625 238491.71484375
580 2468.98046875 240960.6953125
590 2448.74140625 243409.43671875
600 2458.9828125 245868.41953125
610 2427.9359375 248296.35546875
620 2499.81171875 250796.1671875
630 2499.60859375 253295.77578125
640 2264.21328125 255559.9890625
650 2489.78828125 258049.77734375
660 2428.0015625 260477.77890625
670 2438.31171875 262916.090625
680 2069.56953125 264985.66015625
690 1864.6015625 266850.26171875
700 1803.0546875 268653.31640625
710 1813.534375 270466.85078125
720 1803.240625 272270.09140625
730 1721.14296875 273991.234375
740 1741.471875 275732.70625
750 1700.51953125 277433.22578125
760 1680.21015625 279113.4359375
770 1690.37421875 280803.81015625
780 143.41953125 280947.2296875
790 20.48515625 280967.71484375
800 1721.11328125 282688.828125
810 1761.946875 284450.775
820 1700.64921875 286151.42421875
830 1659.59609375 287811.0203125
840 1813.4453125 289624.465625
850 2008.0578125 291632.5234375
860 2008.059375 293640.5828125
870 2059.2875 295699.8703125
880 1772.32734375 297472.19765625
890 1649.3328125 299121.53046875
900 1649.34140625 300770.871875
910 1690.24296875 302461.11484375
920 1608.29375 304069.40859375
930 348.334375 304417.74296875
940 0 304417.74296875
950 0 304417.74296875
960 0 304417.74296875
970 0 304417.74296875
980 0 304417.74296875
990 0 304417.74296875
1000 0 304417.74296875
1010 0 304417.74296875
1020 0 304417.74296875
1030 0 304417.74296875
1040 0 304417.74296875
1050 0 304417.74296875
1060 0 304417.74296875
1070 0 304417.74296875
1080 0 304417.74296875
1090 0 304417.74296875
1100 0 304417.74296875
1110 0 304417.74296875
1120 0 304417.74296875
1130 0 304417.74296875
1140 0 304417.74296875
1150 0 304417.74296875
1160 0 304417.74296875
1170 0 304417.74296875
1180 0 304417.74296875
1190 0 304417.74296875
1200 0 304417.74296875
1210 0 304417.74296875
1220 0 304417.74296875
1230 0 304417.74296875
1240 0 304417.74296875
1250 0 304417.74296875
1260 0 304417.74296875
1270 0 304417.74296875
1280 0 304417.74296875
1290 0 304417.74296875
1300 0 304417.74296875
1310 0 304417.74296875
1320 0 304417.74296875
1330 0 304417.74296875
1340 0 304417.74296875
1350 0 304417.74296875
1360 0 304417.74296875
1370 0 304417.74296875
1380 0 304417.74296875
1390 0 304417.74296875
1400 0 304417.74296875
1410 0 304417.74296875
1420 0 304417.74296875
1430 0 304417.74296875
1440 0 304417.74296875
1450 0 304417.74296875
1460 0 304417.74296875
1470 0 304417.74296875
1480 0 304417.74296875
1490 0 304417.74296875
1500 0 304417.74296875
1510 0 304417.74296875
1520 0 304417.74296875
1530 0 304417.74296875
1540 0 304417.74296875
1550 0 304417.74296875
1560 0 304417.74296875
1570 0 304417.74296875
1580 0 304417.74296875
1590 0 304417.74296875
1600 0 304417.74296875
1610 0 304417.74296875
1620 0 304417.74296875
1630 0 304417.74296875
1640 0 304417.74296875
1650 0 304417.74296875
1660 0 304417.74296875
1670 0 304417.74296875
1680 0 304417.74296875
1690 0 304417.74296875
1700 0 304417.74296875
1710 0 304417.74296875
1720 0 304417.74296875
1730 0 304417.74296875
1740 0 304417.74296875
1750 0 304417.74296875
1760 0 304417.74296875
1770 0 304417.74296875
1780 0 304417.74296875
1790 0 304417.74296875
1800 0 304417.74296875
1810 0 304417.74296875
1820 0 304417.74296875
1830 0 304417.74296875
1840 0 304417.74296875
1850 1219.21484375 305636.9578125
1860 1004.12578125 306641.08359375
1870 553.28203125 307194.365625
1880 1403.44765625 308597.81328125
1890 1731.35703125 310329.1703125
1900 1690.24921875 312019.41953125
1910 1721.10546875 313740.525
1920 1014.190625 314754.715625
1930 0 314754.715625
1940 0 314754.715625
1950 0 314754.715625
1960 0 314754.715625
1970 0 314754.715625
1980 0 314754.715625
1990 0 314754.715625
2000 0 314754.715625
2010 0 314754.715625
2020 0 314754.715625
2030 0 314754.715625
2040 0 314754.715625
2050 0 314754.715625
2060 0 314754.715625
2070 0 314754.715625
2080 0 314754.715625
2090 0 314754.715625
2100 0 314754.715625
2110 0 314754.715625
2120 0 314754.715625
2130 0 314754.715625
2140 0 314754.715625
2150 0 314754.715625
2160 0 314754.715625
2170 0 314754.715625
2180 0 314754.715625
2190 0 314754.715625
2200 0 314754.715625
2210 0 314754.715625
2220 0 314754.715625
2230 0 314754.715625
2240 0 314754.715625
2250 0 314754.715625
2260 0 314754.715625
2270 0 314754.715625
2280 0 314754.715625
2290 0 314754.715625
2300 0 314754.715625
2310 0 314754.715625
2320 0 314754.715625
2330 0 314754.715625
2340 0 314754.715625
2350 0 314754.715625
2360 0 314754.715625
2370 0 314754.715625
2380 0 314754.715625
2390 0 314754.715625
2400 0 314754.715625
2410 0 314754.715625
2420 0 314754.715625
2430 0 314754.715625
2440 0 314754.715625
2450 0 314754.715625
2460 0 314754.715625
2470 0 314754.715625
2480 0 314754.715625
2490 0 314754.715625
2500 0 314754.715625
2510 0 314754.715625
2520 0 314754.715625
2530 0 314754.715625
2540 0 314754.715625
2550 0 314754.715625
2560 0 314754.715625
2570 0 314754.715625
2580 0 314754.715625
2590 0 314754.715625
2600 0 314754.715625
2610 0 314754.715625
2620 0 314754.715625
2630 0 314754.715625
2640 0 314754.715625
2650 0 314754.715625
2660 0 314754.715625
2670 0 314754.715625
2680 0 314754.715625
2690 0 314754.715625
2700 0 314754.715625
2710 0 314754.715625
2720 0 314754.715625
2730 0 314754.715625
2740 0 314754.715625
2750 0 314754.715625
2760 0 314754.715625
2770 0 314754.715625
2780 0 314754.715625
2790 0 314754.715625
2800 0 314754.715625
2810 0 314754.715625
2820 0 314754.715625
2830 0 314754.715625
2840 0 314754.715625
2850 0 314754.715625
2860 0 314754.715625
2870 0 314754.715625
2880 0 314754.715625
2890 0 314754.715625
2900 0 314754.715625
2910 0 314754.715625
2920 0 314754.715625
2930 0 314754.715625
2940 0 314754.715625
2950 0 314754.715625
2960 0 314754.715625
2970 0 314754.715625
2980 0 314754.715625
2990 0 314754.715625
3000 0 314754.715625
3010 0 314754.715625
3020 0 314754.715625
3030 0 314754.715625
3040 0 314754.715625
3050 0 314754.715625
3060 0 314754.715625
3070 0 314754.715625
3080 0 314754.715625
3090 0 314754.715625
3100 0 314754.715625
3110 0 314754.715625
3120 0 314754.715625
3130 0 314754.715625
3140 0 314754.715625
3150 0 314754.715625
3160 0 314754.715625
3170 0 314754.715625
3180 0 314754.715625
3190 0 314754.715625
3200 0 314754.715625
3210 0 314754.715625
3220 0 314754.715625
3230 0 314754.715625
3240 0 314754.715625
3250 0 314754.715625
3260 0 314754.715625
3270 0 314754.715625
3280 0 314754.715625
3290 0 314754.715625
3300 0 314754.715625
3310 0 314754.715625
3320 0 314754.715625
3330 0 314754.715625
3340 0 314754.715625
3350 0 314754.715625
3360 0 314754.715625
