0 183 184
10 216 221
20 220 237
30 213 237
40 221 237
50 194 237
60 193 237
70 190 237
80 209 237
90 197 237
100 215 237
110 215 237
120 233 237
130 213 240
140 206 240
150 214 240
160 173 240
170 208 240
180 206 240
190 201 240
200 196 240
210 193 240
220 220 240
230 219 240
240 211 240
250 192 240
260 175 240
270 206 240
280 188 240
290 199 240
300 203 240
310 208 240
320 255 265
330 224 265
340 263 265
350 329 331
360 356 358
370 362 371
380 474 475
390 673 673
400 836 836
410 1029 1029
420 1202 1204
430 1283 1289
440 1434 1435
450 1567 1568
460 1846 1848
470 2113 2113
480 2434 2437
490 2684 2684
500 2878 2885
510 2979 2979
520 3050 3054
530 3053 3063
540 3038 3064
550 3041 3064
560 3027 3064
570 3037 3064
580 3071 3075
590 3058 3075
600 3111 3113
610 3120 3123
620 3129 3135
630 3143 3173
640 3138 3173
650 3130 3173
660 3115 3173
670 3144 3173
680 3169 3173
690 3173 3186
700 3215 3216
710 3288 3292
720 3340 3355
730 3351 3364
740 3373 3379
750 3396 3405
760 3448 3455
770 3443 3463
780 3426 3463
790 3420 3463
800 3412 3463
810 3388 3463
820 3418 3463
830 3382 3463
840 3386 3463
850 3366 3463
860 3330 3463
870 3326 3463
880 3327 3463
890 3313 3463
900 3389 3463
910 3402 3463
920 3467 3471
930 3510 3525
940 3492 3530
950 3532 3539
960 3551 3571
970 3515 3571
980 3502 3571
990 3506 3571
1000 3513 3571
1010 3518 3571
1020 3470 3571
1030 3458 3571
1040 3447 3571
1050 3482 3571
1060 3525 3571
1070 3538 3571
1080 3554 3571
1090 3609 3609
1100 3635 3636
1110 3663 3666
1120 3675 3681
1130 3637 3681
1140 3673 3681
1150 3625 3681
1160 3639 3681
1170 3614 3681
1180 3622 3681
1190 3633 3681
1200 3611 3681
1210 3613 3681
1220 3634 3681
1230 3634 3681
1240 3580 3681
1250 3541 3681
1260 3550 3681
1270 3519 3681
1280 3480 3681
1290 3431 3681
1300 3404 3681
1310 3416 3681
1320 3458 3681
1330 3455 3681
1340 3493 3681
1350 3549 3681
1360 3557 3681
1370 3545 3681
1380 3507 3681
1390 3489 3681
1400 3487 3681
1410 3468 3681
1420 3434 3681
1430 3451 3681
1440 3461 3681
1450 3471 3681
1460 3488 3681
1470 3475 3681
1480 3450 3681
1490 3417 3681
1500 3445 3681
1510 3460 3681
1520 3474 3681
1530 3500 3681
1540 3538 3681
1550 3554 3681
1560 3514 3681
1570 3535 3681
1580 3550 3681
1590 3517 3681
1600 3513 3681
1610 3447 3681
1620 3465 3681
1630 3444 3681
1640 3452 3681
1650 3457 3681
1660 3473 3681
1670 3462 3681
1680 3505 3681
1690 3470 3681
1700 3515 3681
1710 3515 3681
1720 3467 3681
1730 3439 3681
1740 3442 3681
1750 3459 3681
1760 3447 3681
1770 3482 3681
1780 3480 3681
1790 3493 3681
1800 3087 3681
1810 2615 3681
1820 2186 3681
1830 1766 3681
1840 1428 3681
1850 1149 3681
1860 944 3681
1870 774 3681
1880 600 3681
1890 432 3681
1900 267 3681
1910 99 3681
1920 1 3681
1930 1 3681
1940 1 3681
1950 1 3681
1960 1 3681
1970 1 3681
1980 1 3681
1990 1 3681
2000 1 3681
2010 1 3681
2020 1 3681
2030 1 3681
2040 1 3681
2050 1 3681
2060 1 3681
2070 1 3681
2080 1 3681
2090 1 3681
2100 1 3681
2110 1 3681
2120 1 3681
2130 1 3681
2140 1 3681
2150 1 3681
2160 1 3681
2170 1 3681
2180 1 3681
2190 1 3681
2200 1 3681
2210 1 3681
2220 1 3681
2230 1 3681
2240 1 3681
2250 1 3681
2260 1 3681
2270 1 3681
2280 1 3681
2290 1 3681
2300 1 3681
2310 1 3681
2320 1 3681
2330 1 3681
2340 1 3681
2350 1 3681
2360 1 3681
2370 1 3681
2380 1 3681
2390 1 3681
2400 1 3681
2410 1 3681
2420 1 3681
2430 1 3681
2440 1 3681
2450 1 3681
2460 1 3681
2470 1 3681
2480 1 3681
2490 1 3681
2500 1 3681
2510 1 3681
2520 1 3681
2530 1 3681
2540 1 3681
2550 1 3681
2560 1 3681
2570 1 3681
2580 1 3681
2590 1 3681
2600 1 3681
2610 1 3681
2620 1 3681
2630 1 3681
2640 1 3681
2650 1 3681
2660 1 3681
2670 1 3681
2680 1 3681
2690 1 3681
2700 1 3681
2710 1 3681
2720 1 3681
2730 1 3681
2740 1 3681
2750 1 3681
2760 1 3681
2770 1 3681
2780 1 3681
2790 1 3681
2800 1 3681
2810 1 3681
2820 1 3681
2830 1 3681
2840 1 3681
2850 1 3681
2860 1 3681
2870 1 3681
2880 1 3681
2890 1 3681
2900 1 3681
2910 1 3681
2920 1 3681
2930 1 3681
2940 1 3681
2950 1 3681
2960 1 3681
2970 1 3681
2980 1 3681
2990 1 3681
3000 1 3681
3010 1 3681
3020 1 3681
3030 1 3681
3040 1 3681
3050 1 3681
3060 1 3681
3070 1 3681
3080 1 3681
3090 1 3681
3100 1 3681
3110 1 3681
3120 1 3681
3130 1 3681
3140 1 3681
3150 1 3681
3160 1 3681
3170 1 3681
3180 1 3681
3190 1 3681
3200 1 3681
3210 1 3681
3220 1 3681
3230 1 3681
3240 1 3681
3250 1 3681
3260 1 3681
3270 1 3681
3280 1 3681
3290 1 3681
3300 1 3681
3310 1 3681
3320 1 3681
3330 1 3681
3340 1 3681
3350 1 3681
3360 1 3681
