0 43.2 432
10 48.2 914
20 51.2 1426
30 49 1916
40 50.8 2424
50 46.5 2889
60 47.6 3365
70 48.9 3854
80 47.8 4332
90 46 4792
100 47.5 5267
110 47.5 5742
120 50 6242
130 48.4 6726
140 46.7 7193
150 51.3 7706
160 43.3 8139
170 47.1 8610
180 49.7 9107
190 47.5 9582
200 48.7 10069
210 47.2 10541
220 48.1 11022
230 46.4 11486
240 50.6 11992
250 45.2 12444
260 44.3 12887
270 48.6 13373
280 46.1 13834
290 48.8 14322
300 47.2 14794
310 49.7 15291
320 53.6 15827
330 46.1 16288
340 50.6 16794
350 52.3 17317
360 48.3 17800
370 44.5 18245
380 48.4 18729
390 44.9 19178
400 46.4 19642
410 49.4 20136
420 49.2 20628
430 45 21078
440 52.1 21599
450 45.9 22058
460 46.7 22525
470 46.8 22993
480 51.7 23510
490 47.5 23985
500 47.1 24456
510 47.6 24932
520 50.1 25433
530 49.8 25931
540 47.2 26403
550 49 26893
560 46.1 27354
570 48 27834
580 49 28324
590 48.5 28809
600 48.9 29298
610 48.3 29781
620 48.6 30267
630 50.1 30768
640 46.8 31236
650 48.7 31723
660 47.2 32195
670 50.2 32697
680 47 33167
690 46.8 33635
700 46.2 34097
710 50.7 34604
720 48.8 35092
730 46.6 35558
740 48.8 36046
750 47 36516
760 49.6 37012
770 50.5 37517
780 49.3 38010
790 45.3 38463
800 46 38923
810 47.7 39400
820 50.4 39904
830 45 40354
840 49.2 40846
850 45.4 41300
860 45.6 41756
870 47 42226
880 48.7 42713
890 47.3 43186
900 53.1 43717
910 46.5 44182
920 51.1 44693
930 49.2 45185
940 46.7 45652
950 50 46152
960 51.1 46663
970 46.5 47128
980 49.5 47623
990 47.9 48102
1000 49.4 48596
1010 48.7 49083
1020 47 49553
1030 47.9 50032
1040 47.8 50510
1050 50.1 51011
1060 52.3 51534
1070 47.4 52008
1080 50.2 52510
1090 53.1 53041
1100 48.5 53526
1110 52.1 54047
1120 52.1 54568
1130 48.1 55049
1140 51.8 55567
1150 48.5 56052
1160 51.9 56571
1170 48.8 57059
1180 55 57609
1190 49.5 58104
1200 47.7 58581
1210 50.4 59085
1220 54.3 59628
1230 46 60088
1240 48.1 60569
1250 47.2 61041
1260 47.7 61518
1270 47.5 61993
1280 48.2 62475
1290 47.1 62946
1300 45.7 63403
1310 48.7 63890
1320 51.7 64407
1330 47.8 64885
1340 50.3 65388
1350 51.5 65903
1360 48.5 66388
1370 45.5 66843
1380 47.1 67314
1390 47.1 67785
1400 49.8 68283
1410 47.5 68758
1420 45.6 69214
1430 48.6 69700
1440 47.2 70172
1450 48.4 70656
1460 50.4 71160
1470 46.4 71624
1480 47 72094
1490 47.2 72566
1500 50.4 73070
1510 47.7 73547
1520 51.7 74064
1530 49.6 74560
1540 49.4 75054
1550 46.6 75520
1560 44.9 75969
1570 49.9 76468
1580 51.4 76982
1590 48.1 77463
1600 49.3 77956
1610 44.4 78400
1620 46.5 78865
1630 48.3 79348
1640 48.1 79829
1650 50.4 80333
1660 48.3 80816
1670 48 81296
1680 47.7 81773
1690 46.6 82239
1700 53 82769
1710 46.2 83231
1720 47.5 83706
1730 45.3 84159
1740 47.5 84634
1750 48.1 85115
1760 48.2 85597
1770 49.7 86094
1780 47.6 86570
1790 49.1 87061
1800 6.1 87122
1810 0 87122
1820 0 87122
1830 0 87122
1840 0 87122
1850 0 87122
1860 0 87122
1870 0 87122
1880 0 87122
1890 0 87122
1900 0 87122
1910 0 87122
1920 0 87122
1930 0 87122
1940 0 87122
1950 0 87122
1960 0 87122
1970 0 87122
1980 0 87122
1990 0 87122
2000 0 87122
2010 0 87122
2020 0 87122
2030 0 87122
2040 0 87122
2050 0 87122
2060 0 87122
2070 0 87122
2080 0 87122
2090 0 87122
2100 0 87122
2110 0 87122
2120 0 87122
2130 0 87122
2140 0 87122
2150 0 87122
2160 0 87122
2170 0 87122
2180 0 87122
2190 0 87122
2200 0 87122
2210 0 87122
2220 0 87122
2230 0 87122
2240 0 87122
2250 0 87122
2260 0 87122
2270 0 87122
2280 0 87122
2290 0 87122
2300 0 87122
2310 0 87122
2320 0 87122
2330 0 87122
2340 0 87122
2350 0 87122
2360 0 87122
2370 0 87122
2380 0 87122
2390 0 87122
2400 0 87122
2410 0 87122
2420 0 87122
2430 0 87122
2440 0 87122
2450 0 87122
2460 0 87122
2470 0 87122
2480 0 87122
2490 0 87122
2500 0 87122
2510 0 87122
2520 0 87122
2530 0 87122
2540 0 87122
2550 0 87122
2560 0 87122
2570 0 87122
2580 0 87122
2590 0 87122
2600 0 87122
2610 0 87122
2620 0 87122
2630 0 87122
2640 0 87122
2650 0 87122
2660 0 87122
2670 0 87122
2680 0 87122
2690 0 87122
2700 0 87122
2710 0 87122
2720 0 87122
2730 0 87122
2740 0 87122
2750 0 87122
2760 0 87122
2770 0 87122
2780 0 87122
2790 0 87122
2800 0 87122
2810 0 87122
2820 0 87122
2830 0 87122
2840 0 87122
2850 0 87122
2860 0 87122
2870 0 87122
2880 0 87122
2890 0 87122
2900 0 87122
2910 0 87122
2920 0 87122
2930 0 87122
2940 0 87122
2950 0 87122
2960 0 87122
2970 0 87122
2980 0 87122
2990 0 87122
3000 0 87122
3010 0 87122
3020 0 87122
3030 0 87122
3040 0 87122
3050 0 87122
3060 0 87122
3070 0 87122
3080 0 87122
3090 0 87122
3100 0 87122
3110 0 87122
3120 0 87122
3130 0 87122
3140 0 87122
3150 0 87122
3160 0 87122
3170 0 87122
3180 0 87122
3190 0 87122
3200 0 87122
3210 0 87122
3220 0 87122
3230 0 87122
3240 0 87122
3250 0 87122
3260 0 87122
3270 0 87122
3280 0 87122
3290 0 87122
3300 0 87122
3310 0 87122
3320 0 87122
3330 0 87122
3340 0 87122
3350 0 87122
3360 0 87122
