0 1.1 11
10 3.3 44
20 5.9 103
30 7.2 175
40 8.8 263
50 9.9 362
60 10.2 464
70 9.3 557
80 9 647
90 10 747
100 10.5 852
110 10.7 959
120 9.7 1056
130 12.4 1180
140 10.2 1282
150 6.6 1348
160 8.6 1434
170 12.2 1556
180 9.7 1653
190 10.4 1757
200 11.1 1868
210 10.2 1970
220 10.5 2075
230 9.4 2169
240 12.5 2294
250 11.9 2413
260 8.6 2499
270 9.4 2593
280 11.5 2708
290 9.6 2804
300 11 2914
310 11.7 3031
320 12.6 3157
330 12 3277
340 7.9 3356
350 10.8 3464
360 10.9 3573
370 12 3693
380 8.6 3779
390 9 3869
400 9.2 3961
410 10.7 4068
420 10.3 4171
430 11.7 4288
440 12 4408
450 6.1 4469
460 10.7 4576
470 10.1 4677
480 11.4 4791
490 10.7 4898
500 8.6 4984
510 6.6 5050
520 10.9 5159
530 10.2 5261
540 8.7 5348
550 11.5 5463
560 12.5 5588
570 7 5658
580 7.3 5731
590 11.3 5844
600 9 5934
610 9.9 6033
620 12.3 6156
630 9.2 6248
640 9.6 6344
650 8.4 6428
660 9.2 6520
670 10.4 6624
680 11.3 6737
690 9.5 6832
700 11.9 6951
710 10 7051
720 10.8 7159
730 10.7 7266
740 9.5 7361
750 10.5 7466
760 11.1 7577
770 9.1 7668
780 10.3 7771
790 9 7861
800 10.5 7966
810 9.4 8060
820 10.3 8163
830 9.3 8256
840 9.8 8354
850 9.7 8451
860 8.9 8540
870 10.8 8648
880 7.3 8721
890 6.7 8788
900 8 8868
910 8.3 8951
920 8.5 9036
930 8.8 9124
940 5.6 9180
950 6.2 9242
960 7.6 9318
970 8.2 9400
980 7.5 9475
990 7.3 9548
1000 6.7 9615
1010 9.5 9710
1020 7.7 9787
1030 5.7 9844
1040 7.5 9919
1050 8.8 10007
1060 9.4 10101
1070 6.6 10167
1080 7.3 10240
1090 6.6 10306
1100 6.6 10372
1110 6.5 10437
1120 7.9 10516
1130 6.6 10582
1140 10.2 10684
1150 6.7 10751
1160 4.9 10800
1170 7.1 10871
1180 8.1 10952
1190 2.5 10977
1200 2.4 11001
1210 5.5 11056
1220 6 11116
1230 5.1 11167
1240 2.2 11189
1250 5.1 11240
1260 2.6 11266
1270 3.3 11299
1280 5.1 11350
1290 4.7 11397
1300 1.2 11409
1310 1.7 11426
1320 2.6 11452
1330 3.5 11487
1340 4.7 11534
1350 1.1 11545
1360 2.8 11573
1370 6.4 11637
1380 2 11657
