10 0.2 2
20 0.8 10
30 1.6 26
40 2.8 54
50 3.4 88
60 3 118
70 3.8 156
80 3.5 191
90 2.5 216
100 2.8 244
110 2.8 272
120 2.9 301
130 3.2 333
140 2.7 360
150 3.2 392
160 3.4 426
170 2.6 452
180 2.3 475
190 3.7 512
200 2.3 535
210 2.8 563
220 2.5 588
230 3.3 621
240 2.2 643
250 2.5 668
260 3 698
270 2.9 727
280 3.1 758
290 2.7 785
300 2.9 814
310 2.6 840
320 3 870
330 2.9 899
340 2.4 923
350 2.7 950
360 2.7 977
370 2.9 1006
380 2.8 1034
390 3.2 1066
400 3.1 1097
410 3.1 1128
420 2.7 1155
430 2.6 1181
440 2.9 1210
450 2.8 1238
460 2.9 1267
470 3 1297
480 2.9 1326
490 2.4 1350
500 3.4 1384
510 2.6 1410
520 3.6 1446
530 3.1 1477
540 2.7 1504
550 2.9 1533
560 2.3 1556
570 2.7 1583
580 2.6 1609
590 2.6 1635
600 2.3 1658
610 2.8 1686
620 2.6 1712
630 3 1742
640 2.2 1764
650 3.9 1803
660 2.8 1831
670 3.1 1862
680 3 1892
690 3.1 1923
700 3.5 1958
710 2.8 1986
720 3.3 2019
730 2.7 2046
740 3 2076
750 2.8 2104
760 2.9 2133
770 3.2 2165
780 2.3 2188
790 3.1 2219
800 2.9 2248
810 3 2278
820 2.9 2307
830 3.2 2339
840 2.1 2360
850 3 2390
860 3.6 2426
870 2.4 2450
880 3 2480
890 3 2510
900 2.7 2537
910 4.1 2578
920 3.1 2609
930 2.6 2635
940 3.1 2666
950 3.7 2703
960 3 2733
970 2.6 2759
980 3 2789
990 2.2 2811
1000 2.5 2836
1010 2.2 2858
1020 2.3 2881
1030 2.7 2908
1040 2.7 2935
1050 1.8 2953
1060 1.8 2971
1070 2.3 2994
1080 2.6 3020
1090 2.4 3044
1100 2.3 3067
1110 2.4 3091
1120 2.3 3114
1130 2.4 3138
1140 1.9 3157
1150 2.5 3182
1160 2.5 3207
1170 2 3227
1180 2.5 3252
1190 0.9 3261
1200 0.6 3267
1210 1.3 3280
1220 1.4 3294
1230 0.9 3303
1240 0.6 3309
1250 1.5 3324
1260 1.3 3337
1270 1.4 3351
1280 1.9 3370
1290 1.3 3383
1300 0.2 3385
1310 0.9 3394
1320 1.3 3407
1330 1 3417
1340 1.2 3429
1350 0.6 3435
1360 0.7 3442
1370 2.7 3469
1380 0.5 3474
