0 4 4
10 18 14
20 28 10
30 40 12
40 49 9
50 61 12
60 70 9
70 75 5
80 87 12
90 104 17
100 115 11
110 125 10
120 130 5
130 141 11
140 152 11
150 156 4
160 170 14
170 181 11
180 191 10
190 199 8
200 212 13
210 204 -8
220 200 -4
230 200 0
240 207 7
250 207 0
260 202 -5
270 197 -5
280 204 7
290 201 -3
300 207 6
310 211 4
320 211 0
330 218 7
340 199 -19
350 204 5
360 201 -3
370 206 5
380 209 3
390 203 -6
400 202 -1
410 203 1
420 197 -6
430 204 7
440 208 4
450 200 -8
460 210 10
470 205 -5
480 200 -5
490 205 5
500 195 -10
510 190 -5
520 198 8
530 210 12
540 195 -15
550 199 4
560 210 11
570 189 -21
580 191 2
590 191 0
600 192 1
610 201 9
620 206 5
630 197 -9
640 197 0
650 194 -3
660 194 0
670 200 6
680 212 12
690 197 -15
700 208 11
710 210 2
720 201 -9
730 199 -2
740 199 0
750 206 7
760 214 8
770 199 -15
780 202 3
790 201 -1
800 205 4
810 195 -10
820 204 9
830 211 7
840 207 -4
850 200 -7
860 199 -1
870 200 1
880 191 -9
890 188 -3
900 187 -1
910 187 0
920 187 0
930 186 -1
940 185 -1
950 185 0
960 185 0
970 185 0
980 184 -1
990 184 0
1000 184 0
1010 184 0
1020 184 0
1030 183 -1
1040 183 0
1050 182 -1
1060 181 -1
1070 181 0
1080 181 0
1090 181 0
1100 181 0
1110 181 0
1120 180 -1
1130 180 0
1140 180 0
1150 180 0
1160 177 -3
1170 176 -1
1180 176 0
1190 172 -4
1200 166 -6
1210 164 -2
1220 164 0
1230 162 -2
1240 153 -9
1250 149 -4
1260 149 0
1270 148 -1
1280 147 -1
1290 141 -6
1300 138 -3
1310 131 -7
1320 128 -3
1330 127 -1
1340 119 -8
1350 112 -7
1360 109 -3
1370 105 -4
1380 102 -3
