0 0.4 142.8082275390625 18.865473608594634 174.927001953125 126.487060546875 0 0
10 1.4 131.16416713169642 6.677423646924042 174.927001953125 122.72412109375 142.8082275390625 4
20 1 131.5196533203125 6.185114876947368 174.927001953125 122.407958984375 133.75173611111111 18
30 1.2 130.7575887044271 4.715107621964149 174.927001953125 122.407958984375 132.9545636858259 28
40 0.9 130.16585286458334 3.558805851827273 174.927001953125 122.407958984375 132.29547119140625 40
50 1.2 132.62939453125003 6.56503096245507 174.927001953125 122.407958984375 131.90431680484693 49
60 0.9 131.26255967881946 3.825732241720991 174.927001953125 122.407958984375 132.04695504610655 61
70 0.5 127.36513671875 4.586040610302883 174.927001953125 121.344970703125 131.94610421316963 70
80 1.2 132.9324747721354 6.351002373623875 174.927001953125 121.344970703125 131.64070638020834 75
90 1.7 131.19134880514707 2.3841006124118516 174.927001953125 121.344970703125 131.81888133081895 87
100 1.1 131.58653675426137 6.008448482540886 174.927001953125 121.344970703125 131.71630389873798 104
110 1 131.155419921875 6.366080648438112 174.927001953125 121.344970703125 131.70389138926632 115
120 0.5 132.956640625 4.977440887015853 174.927001953125 121.344970703125 131.660013671875 125
130 1.1 128.28551136363637 3.975192866659687 174.927001953125 121.344970703125 131.7098839393029 130
140 1.1 131.5883123224432 5.45068908035602 174.927001953125 121.344970703125 131.44273430574026 141
150 0.4 131.69281005859375 2.9817296250867713 174.927001953125 121.344970703125 131.453269556949 152
160 1.4 131.74122837611608 9.156061479042325 174.927001953125 121.344970703125 131.45941162109375 156
170 1.1 136.21302379261363 9.879097148591768 174.927001953125 121.344970703125 131.48262005974266 170
180 1 136.5240966796875 11.204483742058832 174.927001953125 121.344970703125 131.77010315953038 181
190 0.8 129.26522827148438 3.743908997730278 174.927001953125 121.344970703125 132.0190033438318 191
200 1.7 130.61365464154406 5.7464906442734 174.927001953125 121.344970703125 131.9082988183103 199
210 1 136.3427001953125 6.426192527572247 174.927001953125 121.344970703125 131.80640552662038 216
220 0.5 131.0087890625 2.170043436485858 174.927001953125 121.344970703125 132.00712652965987 226
230 1 129.2630859375 3.9357560461604018 174.927001953125 121.344970703125 131.98551749357418 231
240 0.7 131.481689453125 3.7792498287456504 174.927001953125 121.344970703125 131.87255352859185 241
250 1.1 131.8788174715909 3.50128890473975 174.927001953125 121.344970703125 131.86152107484884 248
260 1.2 134.6866658528646 8.868731686330534 174.927001953125 121.344970703125 131.86225567084946 259
270 1.6 134.01913452148438 14.370745793312976 186.232177734375 121.344970703125 131.98732180437045 271
280 0.9 139.85064019097223 26.729555143727517 214.596923828125 121.344970703125 132.10059359347784 287
290 0.7 128.59214564732142 1.311823234834566 214.596923828125 121.344970703125 132.33623690218545 296
300 1.2 129.03938802083334 2.924290921886179 214.596923828125 121.344970703125 132.2497397444823 303
310 1.8 132.46275499131946 10.238817464187305 214.596923828125 121.344970703125 132.12744063120044 315
320 1.5 154.21398111979167 33.28668842301211 242.129150390625 121.344970703125 132.1455657317474 333
330 1 129.9184326171875 5.248535098843225 242.129150390625 121.344970703125 133.09679053295622 348
340 0.7 135.02068219866072 7.394244117236574 242.129150390625 121.344970703125 133.00800958558838 358
350 1.4 130.3858642578125 5.412555823664366 242.129150390625 121.344970703125 133.04660878638703 365
360 0.6 133.58943684895834 7.937196148373958 242.129150390625 121.344970703125 132.94832270881435 379
370 1.3 136.71369816706732 18.21587870377343 242.129150390625 121.344970703125 132.9583140980114 385
380 1.1 131.1914950284091 4.870372666030873 242.129150390625 121.344970703125 133.08097739674943 398
390 1 137.4115478515625 18.289118261321534 242.129150390625 121.344970703125 133.03016002253977 409
400 1.1 134.19340376420453 8.32608758520751 242.129150390625 121.344970703125 133.13472775115605 419
410 1 129.230810546875 4.850461833388449 242.129150390625 121.344970703125 133.16181016079216 430
420 1.3 130.43776292067307 2.835481068105707 242.129150390625 121.344970703125 133.07246926047586 440
430 1.3 136.07823768028845 12.75691017713561 242.129150390625 121.344970703125 132.99685958626517 453
440 0.4 134.2008056640625 6.223099607153599 242.129150390625 121.344970703125 133.08282077772935 466
450 0.8 137.41690063476563 6.2589392605337535 242.129150390625 121.344970703125 133.0923355427194 470
460 1.1 278.5123180042614 460.1800574424003 1733.55908203125 121.344970703125 133.1647132011637 478
470 0.7 130.05960518973214 3.8552780787288428 1733.55908203125 121.344970703125 136.43429122331926 489
480 0.8 133.24276733398438 5.802601237761486 1733.55908203125 121.344970703125 136.34432589623236 496
490 0.8 128.20724487304688 3.414566278797506 1733.55908203125 121.344970703125 136.29509480794272 504
500 0.6 140.18798828125 8.448644390739533 1733.55908203125 121.344970703125 136.16872215270996 512
510 1 133.83935546875 8.485360337396742 1733.55908203125 121.344970703125 136.21527735883205 518
520 0.8 130.72653198242188 3.5194061914118833 1733.55908203125 121.344970703125 136.17027883818656 528
530 1.2 131.8779296875 3.1847573570201257 1733.55908203125 121.344970703125 136.08902888511543 536
540 1.2 159.42250569661456 48.01359987384335 1733.55908203125 121.344970703125 135.99681503407277 548
550 1 131.48583984375 4.575199188263351 1733.55908203125 121.344970703125 136.49879411969866 560
560 1.1 134.9722345525568 9.317145428941025 1733.55908203125 121.344970703125 136.41084755345395 570
570 0.8 130.14859008789063 3.0862425760476437 1733.55908203125 121.344970703125 136.38361047426312 581
580 0.9 130.72279188368054 2.949732983871865 1733.55908203125 121.344970703125 136.29892428904924 589
590 1.1 135.5305841619318 20.504770500732192 1733.55908203125 121.344970703125 136.21500256388484 598
600 1.3 131.37815504807693 8.218261345772017 1733.55908203125 121.344970703125 136.20264032673956 609
610 0.9 139.49690755208334 17.976870992504807 1733.55908203125 121.344970703125 136.10180703313407 622
620 1.4 134.89862932477678 9.533495084343125 1733.55908203125 121.344970703125 136.15023160471972 631
630 1.2 134.43550618489584 11.61338881713571 1733.55908203125 121.344970703125 136.12306504360467 645
640 0.5 127.8560546875 2.575013906941312 1733.55908203125 121.344970703125 136.09224205075154 657
650 1.2 132.2909952799479 5.489838531003025 1733.55908203125 121.344970703125 136.03003519755478 662
660 1.1 136.97236772017047 14.567756112021598 1733.55908203125 121.344970703125 135.96346475391786 674
670 1.3 136.10047325721155 21.232008751948847 1733.55908203125 121.344970703125 135.97966611541972 685
680 1.6 241.50000000000003 400.649097143762 1792.555908203125 121.344970703125 135.98191610516653 698
690 1 133.483154296875 4.558114530843461 1792.555908203125 121.344970703125 138.34646700477063 714
700 1.2 134.759765625 10.721853428371148 1792.555908203125 121.344970703125 138.27929417731352 724
710 0.9 135.10845269097223 8.608467514062156 1792.555908203125 121.344970703125 138.22191055961275 736
720 1.2 135.35776774088544 14.621125147910343 1792.555908203125 121.344970703125 138.18429831690435 745
730 0.8 134.05450439453125 9.038296632253259 1792.555908203125 121.344970703125 138.1394920197944 757
740 1.7 137.34079159007354 13.795233965785838 1792.555908203125 121.344970703125 138.09677319495503 765
750 1.2 132.03546142578125 4.8231617232857795 1792.555908203125 121.344970703125 138.0803388122402 782
760 0.9 129.24088541666666 2.9655300011273624 1792.555908203125 121.344970703125 137.98898046383025 794
770 1 129.918896484375 4.785672411176249 1792.555908203125 121.344970703125 137.89093207600402 803
780 1.2 134.136474609375 6.118077031171354 1792.555908203125 121.344970703125 137.7928750576568 813
790 0.8 129.54266357421875 4.539681396952283 1792.555908203125 121.344970703125 137.73969105113633 825
800 2 131.94765625 8.688229647327871 1792.555908203125 121.344970703125 137.66096809817674 833
810 1.1 135.63065962357953 10.797725921400554 1792.555908203125 121.344970703125 137.5270100243625 853
820 0.9 143.26836480034723 20.79229072877067 1792.555908203125 121.344970703125 137.50286667435253 864
830 0.7 137.25742885044642 8.49367777417371 1792.555908203125 121.344970703125 137.56230479936278 873
840 0.6 132.52421061197916 7.671415938618756 1792.555908203125 121.344970703125 137.55987964976913 880
850 0.7 134.339599609375 4.700962568911735 1792.555908203125 121.344970703125 137.52577805357643 886
860 0.6 134.7418212890625 7.0854720646602045 1792.555908203125 121.344970703125 137.50080241067676 893
870 0.1 125.52880859375 0.0 1792.555908203125 121.344970703125 137.4823887435692 899
880 0 0 0 1792.555908203125 121.344970703125 137.46910698784717 900
890 0 0 0 1792.555908203125 121.344970703125 137.46910698784717 900
900 0 0 0 1792.555908203125 121.344970703125 137.46910698784717 900
910 0 0 0 1792.555908203125 121.344970703125 137.46910698784717 900
920 0 0 0 1792.555908203125 121.344970703125 137.46910698784717 900
930 0 0 0 1792.555908203125 121.344970703125 137.46910698784717 900
940 0 0 0 1792.555908203125 121.344970703125 137.46910698784717 900
950 0 0 0 1792.555908203125 121.344970703125 137.46910698784717 900
960 0 0 0 1792.555908203125 121.344970703125 137.46910698784717 900
970 0 0 0 1792.555908203125 121.344970703125 137.46910698784717 900
980 0 0 0 1792.555908203125 121.344970703125 137.46910698784717 900
990 0 0 0 1792.555908203125 121.344970703125 137.46910698784717 900
1000 0 0 0 1792.555908203125 121.344970703125 137.46910698784717 900
1010 0 0 0 1792.555908203125 121.344970703125 137.46910698784717 900
1020 0 0 0 1792.555908203125 121.344970703125 137.46910698784717 900
1030 0 0 0 1792.555908203125 121.344970703125 137.46910698784717 900
1040 0 0 0 1792.555908203125 121.344970703125 137.46910698784717 900
1050 0 0 0 1792.555908203125 121.344970703125 137.46910698784717 900
1060 0 0 0 1792.555908203125 121.344970703125 137.46910698784717 900
1070 0 0 0 1792.555908203125 121.344970703125 137.46910698784717 900
1080 0 0 0 1792.555908203125 121.344970703125 137.46910698784717 900
1090 0 0 0 1792.555908203125 121.344970703125 137.46910698784717 900
1100 0 0 0 1792.555908203125 121.344970703125 137.46910698784717 900
1110 0 0 0 1792.555908203125 121.344970703125 137.46910698784717 900
1120 0 0 0 1792.555908203125 121.344970703125 137.46910698784717 900
1130 0 0 0 1792.555908203125 121.344970703125 137.46910698784717 900
1140 0 0 0 1792.555908203125 121.344970703125 137.46910698784717 900
1150 0 0 0 1792.555908203125 121.344970703125 137.46910698784717 900
1160 0 0 0 1792.555908203125 121.344970703125 137.46910698784717 900
1170 0 0 0 1792.555908203125 121.344970703125 137.46910698784717 900
1180 0 0 0 1792.555908203125 121.344970703125 137.46910698784717 900
1190 0 0 0 1792.555908203125 121.344970703125 137.46910698784717 900
1200 0 0 0 1792.555908203125 121.344970703125 137.46910698784717 900
1210 0 0 0 1792.555908203125 121.344970703125 137.46910698784717 900
1220 0 0 0 1792.555908203125 121.344970703125 137.46910698784717 900
1230 0 0 0 1792.555908203125 121.344970703125 137.46910698784717 900
1240 0 0 0 1792.555908203125 121.344970703125 137.46910698784717 900
1250 0 0 0 1792.555908203125 121.344970703125 137.46910698784717 900
1260 0 0 0 1792.555908203125 121.344970703125 137.46910698784717 900
1270 0 0 0 1792.555908203125 121.344970703125 137.46910698784717 900
1280 0 0 0 1792.555908203125 121.344970703125 137.46910698784717 900
1290 0 0 0 1792.555908203125 121.344970703125 137.46910698784717 900
1300 0 0 0 1792.555908203125 121.344970703125 137.46910698784717 900
1310 0 0 0 1792.555908203125 121.344970703125 137.46910698784717 900
1320 0 0 0 1792.555908203125 121.344970703125 137.46910698784717 900
1330 0 0 0 1792.555908203125 121.344970703125 137.46910698784717 900
1340 0 0 0 1792.555908203125 121.344970703125 137.46910698784717 900
1350 0 0 0 1792.555908203125 121.344970703125 137.46910698784717 900
1360 0 0 0 1792.555908203125 121.344970703125 137.46910698784717 900
1370 0 0 0 1792.555908203125 121.344970703125 137.46910698784717 900
1380 0 0 0 1792.555908203125 121.344970703125 137.46910698784717 900
