0 0 0
10 0 0
20 0 0
30 0 0
40 0 0
50 0 0
60 0 0
70 0 0
80 0 0
90 0 0
100 0 0
110 0 0
120 0 0
130 0 0
140 0 0
150 0 0
160 0 0
170 0 0
180 0 0
190 0 0
200 0.5 5
210 1.7 22
220 0.9 31
230 1 41
240 0 41
250 1.3 54
260 1.5 69
270 2.1 90
280 0.2 92
290 1 102
300 0.6 108
310 1.4 122
320 1.5 137
330 0.3 140
340 2.6 166
350 0.9 175
360 0.9 184
370 0.9 193
380 1 203
390 1.3 216
400 1.2 228
410 0.9 237
420 1.9 256
430 0.6 262
440 0 262
450 1.7 279
460 0 279
470 1.2 291
480 1.3 304
490 0.3 307
500 1.6 323
510 1.5 338
520 0 338
530 0.3 341
540 2.4 365
550 0.6 371
560 0.1 372
570 2.8 400
580 0.7 407
590 1.1 418
600 1.2 430
610 0 430
620 0.9 439
630 2.1 460
640 0.5 465
650 1.5 480
660 1.3 493
670 0.5 498
680 0.5 503
690 2.4 527
700 0.1 528
710 0.7 535
720 2.1 556
730 1 566
740 1.9 585
750 0.3 588
760 0.1 589
770 2.5 614
780 0.9 623
790 0.9 632
800 1.8 650
810 1.9 669
820 0 669
830 0 669
840 1 679
850 1.4 693
860 0.7 700
870 0.3 703
880 0.6 709
890 0.3 712
900 0.1 713
910 0 713
920 0 713
930 0.1 714
940 0.1 715
950 0 715
960 0 715
970 0 715
980 0.1 716
990 0 716
1000 0 716
1010 0 716
1020 0 716
1030 0.1 717
1040 0 717
1050 0.1 718
1060 0.1 719
1070 0 719
1080 0 719
1090 0 719
1100 0 719
1110 0 719
1120 0.1 720
1130 0 720
1140 0 720
1150 0 720
1160 0.3 723
1170 0.1 724
1180 0 724
1190 0.4 728
1200 0.6 734
1210 0.2 736
1220 0 736
1230 0.2 738
1240 0.9 747
1250 0.4 751
1260 0 751
1270 0.1 752
1280 0.2 754
1290 0.5 759
1300 0.3 762
1310 0.9 771
1320 0.1 772
1330 0.1 773
1340 0.8 781
1350 0.7 788
1360 0.3 791
1370 0.4 795
1380 0.3 798
