200 0.4 4
210 1.8 22
220 0.9 31
230 1 41
240 0 41
250 1.1 52
260 1.7 69
270 2.1 90
280 0.2 92
290 1 102
300 0.6 108
310 1.4 122
320 1.5 137
330 0.3 140
340 2.6 166
350 0.9 175
360 0.9 184
370 0.8 192
380 0.8 200
390 1.6 216
400 1.2 228
410 0.9 237
420 1.9 256
430 0.6 262
440 0 262
450 1.6 278
460 0.1 279
470 1.2 291
480 1.3 304
490 0.3 307
500 1.6 323
510 1.5 338
520 0 338
530 0 338
540 2.7 365
550 0.6 371
560 0 371
570 2.9 400
580 0.7 407
590 1.1 418
600 1.2 430
610 0 430
620 0.9 439
630 2.1 460
640 0.5 465
650 1.5 480
660 1.1 491
670 0.7 498
680 0.4 502
690 2.4 526
700 0 526
710 0.7 533
720 2.1 554
730 1 564
740 1.5 579
750 0.4 583
760 0.1 584
770 2.5 609
780 0.9 618
790 0.9 627
800 1.6 643
810 2.1 664
820 0 664
830 0 664
840 1 674
850 1.4 688
860 0.7 695
870 0 695
880 0.9 704
890 0.3 707
900 0 707
910 0 707
920 0 707
930 0 707
940 0 707
950 0 707
960 0 707
970 0 707
980 0 707
990 0 707
1000 0 707
1010 0 707
1020 0 707
1030 0 707
1040 0 707
1050 0 707
1060 0 707
1070 0 707
1080 0 707
1090 0 707
1100 0 707
1110 0 707
1120 0 707
1130 0 707
1140 0 707
1150 0 707
1160 0.3 710
1170 0 710
1180 0 710
1190 0.3 713
1200 0.6 719
1210 0.2 721
1220 0 721
1230 0.2 723
1240 0.9 732
1250 0.4 736
1260 0 736
1270 0.1 737
1280 0 737
1290 0.5 742
1300 0.3 745
1310 0.6 751
1320 0.3 754
1330 0.1 755
1340 0.6 761
1350 0.7 768
1360 0.3 771
1370 0.3 774
1380 0.3 777
