0 1.1 11
10 3.5 46
20 6.7 113
30 8.8 201
40 11.6 317
50 13.3 450
60 13.2 582
70 13.1 713
80 12.5 838
90 12.5 963
100 13.3 1096
110 13.5 1231
120 12.6 1357
130 15.6 1513
140 12.9 1642
150 9.8 1740
160 12 1860
170 14.8 2008
180 12 2128
190 14.1 2269
200 13.4 2403
210 13 2533
220 13 2663
230 12.7 2790
240 14.7 2937
250 14.4 3081
260 11.6 3197
270 12.3 3320
280 14.5 3465
290 12.4 3589
300 13.9 3728
310 14.3 3871
320 15.6 4027
330 14.9 4176
340 10.2 4278
350 13.6 4414
360 13.6 4550
370 14.9 4699
380 11.4 4813
390 12.2 4935
400 12.3 5058
410 13.8 5196
420 13 5326
430 14.3 5469
440 14.9 5618
450 8.9 5707
460 13.6 5843
470 13.1 5974
480 14.2 6116
490 13.2 6248
500 12 6368
510 9.2 6460
520 14.5 6605
530 13.3 6738
540 11.4 6852
550 14.4 6996
560 14.8 7144
570 9.7 7241
580 9.9 7340
590 13.8 7478
600 11.4 7592
610 12.7 7719
620 14.9 7868
630 12.2 7990
640 11.8 8108
650 12.3 8231
660 12 8351
670 13.5 8486
680 14.3 8629
690 12.6 8755
700 15.4 8909
710 12.8 9037
720 14.1 9178
730 13.4 9312
740 12.5 9437
750 13.3 9570
760 14 9710
770 12.3 9833
780 12.5 9958
790 12.2 10080
800 13.3 10213
810 12.5 10338
820 13 10468
830 12.7 10595
840 11.9 10714
850 12.7 10841
860 12.5 10966
870 13.2 11098
880 10.3 11201
890 9.7 11298
900 10.7 11405
910 12.4 11529
920 11.6 11645
930 11.4 11759
940 8.7 11846
950 9.9 11945
960 10.6 12051
970 10.8 12159
980 10.5 12264
990 9.5 12359
1000 9.2 12451
1010 11.7 12568
1020 10 12668
1030 8.4 12752
1040 10.2 12854
1050 10.4 12958
1060 11.4 13072
1070 8.9 13161
1080 9.9 13260
1090 9 13350
1100 8.9 13439
1110 8.9 13528
1120 10.2 13630
1130 8.9 13719
1140 12.2 13841
1150 9.2 13933
1160 7.4 14007
1170 9.1 14098
1180 10.6 14204
1190 3.4 14238
1200 3 14268
1210 6.8 14336
1220 7.4 14410
1230 6 14470
1240 2.8 14498
1250 6.6 14564
1260 3.9 14603
1270 4.6 14649
1280 7.1 14720
1290 6 14780
1300 1.4 14794
1310 2.6 14820
1320 3.8 14858
1330 4.6 14904
1340 5.9 14963
1350 1.7 14980
1360 3.5 15015
1370 9.1 15106
1380 2.5 15131
