0 1.1 211.92529296875 177.83735532569787 659.080078125 44.658935546875 0 0
10 3.5 204.857275390625 167.1675690386568 795.513916015625 36.18212890625 211.92529296875 11
20 6.7 222.2267483383862 224.82013981492193 819.75 35.9140625 206.54745350713316 46
30 8.8 329.6147599653763 412.0378239079382 1754.575927734375 35.9140625 215.84402654867256 113
40 11.6 431.80231765220907 463.3626160471349 1925.423828125 35.9140625 265.654098890314 201
50 13.3 380.10516586877327 493.41336498269646 2499.27587890625 35.47412109375 326.4528161659602 317
60 13.2 371.069961085464 410.7217965875087 2499.27587890625 35.47412109375 342.3100661892361 450
70 13.1 985.4373620885017 1087.0359439847923 5931.39599609375 35.47412109375 348.8329289492053 582
80 12.5 2199.333296875 2134.8748279034585 8203.68115234375 35.47412109375 465.7967168050929 713
90 12.5 3479.1142714843745 2236.7589486127235 10352.780029296875 35.47412109375 724.3791422331817 838
100 13.3 3915.3408662035954 2496.7598938920687 11129.571044921875 35.47412109375 1081.951199508778 963
110 13.5 4775.131642433451 2175.3222863981596 11312.846923828125 35.47412109375 1425.7840696460141 1096
120 12.6 5044.941995287701 2353.191439194878 11686.9140625 35.47412109375 1793.0967604066184 1231
130 15.6 5128.367298615286 1877.715372008394 11933.655029296875 35.47412109375 2095.036701154604 1357
140 12.9 5703.6138225230125 2127.776816514324 12699.391845703125 35.47412109375 2407.792532750021 1513
150 9.8 9001.203882334185 2187.4419642394228 15112.9541015625 35.47412109375 2666.721245527558 1642
160 12 10473.983555094397 2715.202825275452 17279.032958984375 35.47412109375 3023.490957255747 1740
170 14.8 8825.604154019746 2232.056128052161 17279.032958984375 35.47412109375 3504.1678990517894 1860
180 12 9482.048581949874 2223.876572053486 17279.032958984375 35.47412109375 3896.3853122665587 2008
190 14.1 11639.909309549535 2075.887717818102 17473.593017578125 35.47412109375 4211.366323714866 2128
200 13.8 9451.207820284197 2949.9923721273713 18466.23193359375 23.47607421875 4672.990193702829 2269
210 14.8 9846.67637675517 4063.8525013050707 18466.23193359375 23.19287109375 4946.938690781445 2407
220 13.9 11596.12822476394 3892.0258578261028 19265.744873046875 23.19287109375 5230.759112512996 2555
230 13.7 10639.710623859492 3989.8537974906726 19265.744873046875 23.19287109375 5559.187585639529 2694
240 14.7 10907.804146072489 2011.9551244472482 19265.744873046875 23.19287109375 5805.048290774158 2831
250 15.5 9332.170781880037 3400.328951592222 19265.744873046875 23.19287109375 6056.930463617964 2978
260 13.3 10495.349980175048 4503.166779968515 19265.744873046875 23.19287109375 6218.967568415482 3133
270 14.4 11513.689220852326 5245.383938622548 20594.58203125 23.19287109375 6393.11296362798 3266
280 14.7 11000.77998113308 3084.1869225031837 20594.58203125 22.988037109375 6609.348441938921 3410
290 13.4 9848.522686858676 3558.562696258522 20594.58203125 22.988037109375 6790.832961551387 3557
300 14.5 11309.446709994612 3134.466732918462 20594.58203125 22.988037109375 6901.840933155607 3691
310 15.7 10104.187580861866 3875.389355676774 20594.58203125 22.988037109375 7068.447512311408 3836
320 17.1 9755.74339535362 3656.039582362676 20594.58203125 22.988037109375 7187.809192943119 3993
330 15.2 9325.122981021283 2644.4151149810546 20594.58203125 22.988037109375 7293.26470413721 4164
340 12.8 9592.88124465942 5178.459847475854 20594.58203125 22.988037109375 7364.8222708856765 4316
350 14.5 12173.14274144666 3948.2944176884394 20594.58203125 22.988037109375 7428.99678678195 4444
360 14.5 10725.268382947197 3760.5460238070223 20790.491943359375 22.988037109375 7578.898979727337 4589
370 15.7 10214.390076072348 3381.6868865454494 20790.491943359375 22.988037109375 7675.270666137747 4734
380 12.2 10005.427330142165 3370.6120433849687 20790.491943359375 22.988037109375 7756.775828141373 4891
390 13.8 11856.903398154438 4658.060952991623 20790.491943359375 22.988037109375 7811.500640278635 5013
400 13.5 11560.51547128183 4647.582157117085 20925.570068359375 22.988037109375 7919.880679219978 5151
410 14.7 11551.387477745004 3882.765034930029 20925.570068359375 22.988037109375 8012.859433841309 5286
420 14.9 9049.735002556099 4146.954478923823 20925.570068359375 22.988037109375 8108.600943588012 5433
430 14.9 11114.466921403104 2904.523178783787 20925.570068359375 22.988037109375 8133.722580059931 5582
440 14.9 10498.224807636854 2597.3063229056397 20925.570068359375 22.988037109375 8211.218812281206 5731
450 10.5 10823.541538783484 5063.234510769416 20925.570068359375 22.8759765625 8269.171855360797 5880
460 13.7 12869.197540060448 2565.178696149785 20925.570068359375 22.8759765625 8313.985358578739 5985
470 14.3 10745.879049661276 4153.45293103945 21212.89990234375 22.8759765625 8415.92329860863 6122
480 15.5 10030.727644594253 3721.569324968938 21212.89990234375 22.135986328125 8469.1050499894 6265
490 13.5 11172.379275173611 2481.19499218157 21212.89990234375 22.135986328125 8506.807776183132 6420
500 13.6 10404.335544361787 4507.005846125873 21212.89990234375 22.135986328125 8561.705129709251 6555
510 10.7 11309.210586120034 5073.481246486022 21212.89990234375 22.135986328125 8599.15808687451 6691
520 14.5 13574.981406586745 2977.0604430060966 21405.403076171875 22.135986328125 8641.814105912355 6798
530 13.3 10760.049312734962 2630.4430858777364 21405.403076171875 22.135986328125 8744.840068550666 6943
540 14.1 9362.330869417667 5100.622750534461 23878.961181640625 22.135986328125 8782.717800246046 7076
550 15 12013.315983072922 3224.494877491061 23878.961181640625 22.135986328125 8794.041818917682 7217
560 14.8 9925.151223672408 2710.7135485436147 23878.961181640625 22.135986328125 8859.589684347746 7367
570 12.6 8830.538560655383 5354.900901507068 23878.961181640625 22.135986328125 8880.574795168777 7515
580 10.6 13430.90562122273 4122.7333216688885 23878.961181640625 22.135986328125 8879.749698251006 7641
590 14.9 13498.258485934879 4777.728399253425 23878.961181640625 22.135986328125 8942.021871716219 7747
600 12.6 9730.049128456716 4890.486450045178 29322.875 22.135986328125 9027.999487663354 7896
610 12.7 12650.395465520423 2687.7825567823343 29322.875 22.135986328125 9039.02644537215 8022
620 15.8 10797.325051609474 3822.4547226753116 29322.875 22.135986328125 9095.308672094305 8149
630 14.3 8980.596119700616 4345.698881155201 29322.875 22.135986328125 9127.68119983758 8307
640 12.3 11877.66819701156 3280.6079846317257 29322.875 22.135986328125 9125.192067712185 8450
650 13.8 12023.316576086956 5050.24768258204 29322.875 22.135986328125 9164.68286018901 8573
660 13.1 10980.883608286618 4056.280220103494 29322.875 22.135986328125 9209.969446435585 8711
670 14.2 11558.462505501764 3556.0835305035575 29322.875 22.135986328125 9236.20669538407 8842
680 14.7 10754.143034850662 3428.323553741021 29322.875 22.135986328125 9272.911985348084 8984
690 15 9213.579820963547 4531.8206389779025 29322.875 22.135986328125 9296.758329042847 9131
700 15.4 11223.230227780037 2322.7372805165605 29322.875 22.135986328125 9295.413993711321 9281
710 13.5 10163.610271990743 3348.039261021543 29322.875 22.135986328125 9326.880204633058 9435
720 16.2 9471.912630811152 4157.432479022182 29322.875 22.135986328125 9338.683606837163 9570
730 14.4 10815.244105021162 3539.164458670835 29322.875 22.135986328125 9340.901352612316 9732
740 14 10459.325955636157 4443.006752512134 29322.875 22.135986328125 9362.39845228292 9876
750 13.7 11471.4759619497 2932.064140298523 29322.875 22.135986328125 9377.73090540487 10016
760 14.1 11151.394541638962 2815.386476464216 29322.875 22.135986328125 9405.982956300826 10153
770 14.8 9704.070682010133 4862.691766296475 29322.875 22.135986328125 9429.890381357429 10294
780 13.4 11624.247336316464 3703.9924653764806 29322.875 22.135986328125 9433.776484067312 10442
790 13.1 11840.245560740697 4051.112618577876 29322.875 22.135986328125 9461.530180568956 10576
800 14.9 10617.286165583057 4522.867135283567 29322.875 22.135986328125 9490.633731031503 10707
810 14.6 10033.700018059715 4841.098809233518 29322.875 22.135986328125 9506.097180989884 10856
820 13 12610.273356745793 2563.4060219729085 29322.875 22.135986328125 9513.098636562707 11002
830 12.7 11789.800289124016 2609.154101792168 29322.875 22.135986328125 9549.267583169229 11132
840 12.9 11324.212915228314 4156.212255933941 29322.875 22.135986328125 9574.540489613519 11259
850 14.1 11224.87003927028 4422.307310393823 29322.875 22.135986328125 9594.360277364161 11388
860 13.2 11829.61232133345 3594.557341668855 29322.875 22.135986328125 9614.301458423122 11529
870 13.2 11625.225245620266 2398.6683187286612 29322.875 22.135986328125 9639.378298651589 11661
880 11.2 11621.50321524484 4175.447165452134 29322.875 22.135986328125 9661.606043669808 11793
890 10 14597.80225097656 3612.71170495103 29322.875 22.135986328125 9680.04438749311 11905
900 10.7 14680.988345137266 3118.9351859896537 29322.875 22.135986328125 9721.008634585849 12005
910 12.4 12969.156608335434 2734.8731460565295 29322.875 22.135986328125 9764.826156797622 12112
920 11.6 12267.56757644127 2301.340688402724 29322.875 22.135986328125 9797.298940059365 12236
930 11.4 12118.55707536664 2232.3251263041907 29322.875 22.135986328125 9820.497706398444 12352
940 8.7 14186.661054238506 2804.253479414595 29322.875 22.135986328125 9841.513169904169 12466
950 9.9 15541.334835168087 2404.8580709127864 29322.875 22.135986328125 9871.627713514228 12553
960 10.6 14586.171184035968 2973.9691375893913 29322.875 22.135986328125 9915.992320299221 12652
970 10.8 13217.358717176648 2569.46362980609 29322.875 22.135986328125 9954.794558859818 12758
980 10.5 14000.320149739584 2688.580489179208 29322.875 22.135986328125 9982.181231415252 12866
990 9.5 14031.909069181744 2560.6617258805095 29322.875 22.135986328125 10014.707990063316 12971
1000 9.2 14789.741500191067 2583.0752266311633 29322.875 22.135986328125 10043.91617179577 13066
1010 11.7 13107.238815438035 2981.6142320697368 29322.875 22.135986328125 10077.098717031547 13158
1020 10 12830.375583496098 2708.312013555785 29322.875 22.135986328125 10103.805036542926 13275
1030 8.4 14534.840788341704 2675.326114648799 29322.875 22.135986328125 10124.190610725755 13375
1040 10.2 15814.56755514706 2553.9622059417725 29322.875 22.135986328125 10151.718258761994 13459
1050 10.4 14288.962721604566 2945.085202385598 29322.875 22.135986328125 10194.311771646831 13561
1060 11.4 12929.474767852247 3266.289690136405 29322.875 22.135986328125 10225.474867058145 13665
1070 8.9 13124.063215962957 2720.2056393052185 29322.875 22.135986328125 10247.846301029444 13779
1080 9.9 14779.00963738952 2140.496786039276 29322.875 22.135986328125 10266.304860694074 13868
1090 9 15683.41618109809 3070.222937184403 29322.875 22.135986328125 10298.291527329202 13967
1100 8.9 16212.533257988061 2962.1710447745704 29322.875 22.135986328125 10332.76980995275 14057
1110 8.9 16364.98916454529 2787.028458593266 29322.875 22.135986328125 10369.762524987045 14146
1120 10.2 15390.84980803845 3328.5061031180117 29322.875 22.135986328125 10407.245852765105 14235
1130 8.9 14365.88846888167 3152.0076861617254 29322.875 22.135986328125 10442.70149923493 14337
1140 12.2 13498.42388815958 3591.383320666356 29322.875 22.135986328125 10466.905272997481 14426
1150 9.2 11961.484945546023 4619.3876257831635 36966.263916015625 22.135986328125 10492.327686459797 14548
1160 7.7 15343.99997463474 7475.827679106356 39577.422119140625 22.135986328125 10501.560095464984 14640
1170 9.1 17496.150903052025 6827.085811004871 42948.541015625 22.135986328125 10526.895956761176 14717
1180 10.6 14981.632349554098 7129.1064853516355 43434.93603515625 22.135986328125 10569.724306309561 14808
1190 3.7 13575.773259343328 10089.319628569267 48591.263916015625 22.135986328125 10601.081571468734 14914
1200 3.6 19637.818454318578 11665.559903708472 48591.263916015625 22.135986328125 10608.443192260076 14951
1210 7 29364.021226283483 8758.06623688511 55054.928955078125 22.135986328125 10630.132490280635 14987
1220 7.4 25412.776119747676 9797.54069837597 57712.18408203125 22.135986328125 10717.226347723697 15057
1230 6.2 20232.80976326235 14139.549839134337 60042.388916015625 22.135986328125 10789.096725301504 15131
1240 3.7 29868.71624920819 18252.657078069085 60042.388916015625 22.135986328125 10827.634881580947 15193
1250 7 24424.957153320313 11986.66179959758 60042.388916015625 22.135986328125 10873.893582211425 15230
1260 3.9 22801.060409154652 6984.918003073423 60042.388916015625 22.135986328125 10935.891912275323 15300
1270 4.7 27653.951483543882 11682.436012745255 60042.388916015625 22.135986328125 10966.059561494847 15339
1280 7.1 23106.86056131712 11148.299202552213 60541.011962890625 22.135986328125 11017.036483393736 15386
1290 6.5 21397.69423452524 16262.689843970205 60541.011962890625 22.135986328125 11072.569737552536 15457
1300 1.7 35206.26505055147 18448.722481888606 60541.011962890625 22.135986328125 11115.807277322103 15522
1310 3.2 31831.09951019287 13674.28987167545 60541.011962890625 22.135986328125 11142.162755933656 15539
1320 4.1 32106.762469035824 9332.269700054057 60541.011962890625 22.135986328125 11184.680640214452 15571
1330 4.7 32152.8334545379 11130.624950103282 60541.011962890625 22.135986328125 11239.625897387248 15612
1340 6.5 24493.542687049277 15940.67015188794 60541.011962890625 22.135986328125 11302.39623745916 15659
1350 2.4 32738.39906819661 19112.37777707679 60541.011962890625 22.135986328125 11356.925906705113 15724
1360 3.8 28253.61809981497 13174.835452672482 60541.011962890625 22.135986328125 11389.511336974087 15748
1370 9.4 16199.84717576048 12337.634602338549 60541.011962890625 22.135986328125 11430.106551530525 15786
1380 2.8 17928.616655622216 17271.097058760868 60541.011962890625 22.135986328125 11458.340532555565 15880
