200 0.5 85694.74599609376 64458.89356681837 180208.02416992188 17743.034912109375 0 0
210 1.7 118815.29509420956 66981.35228091436 212847.44897460938 7615.676025390625 85694.74599609376 5
220 0.9 110242.06396484375 69020.47232344355 212847.44897460938 7615.676025390625 111287.89757191051 22
230 1 88050.65217285157 59528.81397855306 212847.44897460938 7615.676025390625 110984.26846018145 31
240 0 0 0 212847.44897460938 7615.676025390625 105390.7035120522 41
250 1.3 122250.77118389423 69090.02380403098 234559.544921875 6908.27197265625 105390.7035120522 41
260 1.5 99238.54114583334 73215.10829212108 234559.544921875 6352.10693359375 109449.60869231047 54
270 2.1 117894.49457077753 89330.18436138913 267626.462890625 1377.864013671875 107229.81139959805 69
280 0.2 89581.60095214844 7894.4449462890625 267626.462890625 1377.864013671875 109718.23747287327 90
290 1 134660.7466308594 89221.06568972796 273926.2980957031 1293.503173828125 109280.48450503142 92
300 0.6 69187.33813476563 53641.82139171844 273926.2980957031 1153.595947265625 111768.74549775965 102
310 1.4 168512.01635742188 100114.48208233244 310170.6540527344 1153.595947265625 109403.1117553711 108
320 1.5 121482.38186848958 99477.25708935902 310170.6540527344 1153.595947265625 116186.10080806544 122
330 0.3 238473.4523111979 105920.18344278265 320880.7900390625 1153.595947265625 116765.98559570313 137
340 2.6 139365.79360727163 90436.39529871929 320880.7900390625 1153.595947265625 119374.00273960659 140
350 0.9 151100.16463216147 125545.13518426713 346851.7458496094 697.703125 122505.24709237339 166
360 0.9 128790.99915907119 120052.23323930672 364754.4528808594 697.703125 123975.8428515625 175
370 0.9 142721.11208767362 90322.51010152273 364754.4528808594 697.703125 124211.36680138629 184
380 1 136673.6086669922 109993.18581988865 364754.4528808594 697.703125 125074.51554530642 193
390 1.3 160555.85505558894 123807.99198970292 367934.9191894531 479.721923828125 125645.89944292641 203
400 1.2 124281.83793131511 117784.90934986481 392225.08203125 479.721923828125 127746.9615862811 216
410 0.9 123372.82514105903 135004.39257373926 392225.08203125 479.721923828125 127564.58665707237 228
420 1.9 189962.5988384046 131032.03443925024 392225.08203125 479.721923828125 127405.40584000858 237
430 0.6 196158.33748372397 106860.70304347381 392225.08203125 479.721923828125 132048.32250785828 256
440 0 0 0 392225.08203125 479.721923828125 133516.49078974832 262
450 1.7 207338.79653033087 151904.92642145092 416659.93310546875 479.721923828125 133516.49078974832 262
460 0 0 0 416659.93310546875 479.721923828125 138014.62411444332 279
470 1.2 124864.92059326172 145660.94736444912 442414.0168457031 242.81201171875 138014.62411444332 279
480 1.3 172941.34607872594 154068.4692107129 464715.671875 242.81201171875 137472.36829913687 291
490 0.3 141762.84171549478 110848.15222752387 464715.671875 242.81201171875 138989.13379629035 304
500 1.6 212244.0657043457 156640.5293059885 498877.1682128906 242.81201171875 139016.2384339373 307
510 1.5 169161.54778645834 143832.15635075976 504963.1311035156 242.81201171875 142643.62306652722 323
520 0 0 0 504963.1311035156 242.81201171875 143820.45404522237 338
530 0.3 57419.5673828125 42158.82537799559 504963.1311035156 242.81201171875 143820.45404522237 338
540 2.4 161840.66217041016 160020.54565935372 504963.1311035156 242.81201171875 143060.32894262054 341
550 0.6 232925.35485839844 130779.3440074623 504963.1311035156 242.81201171875 144295.2001685574 365
560 0.1 270953.98291015625 0.0 504963.1311035156 242.81201171875 145728.5719425171 371
570 2.8 169972.61932373044 160417.91048328453 545260.7541503906 242.81201171875 146065.19939135484 372
580 0.7 181868.09057617188 77673.55321545289 545260.7541503906 242.81201171875 147738.71878662112 400
590 1.1 220095.7392134233 172377.0502099142 545260.7541503906 242.81201171875 148325.71043902126 407
600 1.2 157440.93951416016 152454.5101679272 545260.7541503906 242.81201171875 150214.3954067687 418
610 0 0 0 545260.7541503906 242.81201171875 150416.06640511448 430
620 0.9 275213.27829318575 194917.94201658128 607296.9389648438 242.81201171875 150416.06640511448 430
630 2.1 160704.56138392858 146390.4593010082 607296.9389648438 242.81201171875 152974.55138687446 439
640 0.5 306142.2338378906 203123.74598614118 607296.9389648438 242.81201171875 153327.44314760953 460
650 1.5 181928.6128417969 193884.80161022712 607296.9389648438 242.81201171875 154970.61293997816 465
660 1.3 169660.81903545672 147316.66302997453 607296.9389648438 242.81201171875 155813.05043690998 480
670 0.5 258425.26357421876 210444.00421449606 607296.9389648438 242.81201171875 156178.20457845382 493
680 0.5 289096.3166503906 244696.94616229314 684320.4899902344 242.81201171875 157204.78147600166 498
690 2.4 264655.1303609212 212340.4106115497 684320.4899902344 242.81201171875 158515.83053340117 503
700 0.1 696029.5551757813 0.0 696029.5551757813 242.81201171875 163349.49883674172 527
710 0.7 45817.141845703125 28182.59365678427 696029.5551757813 242.81201171875 164358.3625798081 528
720 2.1 127425.53915550595 127795.16918132774 696029.5551757813 242.81201171875 162807.35595338055 535
730 1 233643.92097167968 190059.28311420674 696029.5551757813 242.81201171875 161470.99236928817 556
740 1.9 196066.3298982319 230494.8729559922 724540.3540039063 242.81201171875 162746.1324506025 566
750 0.3 283887.41357421875 321246.3633049945 733605.0358886719 242.81201171875 163828.32689761952 585
760 0.1 205995.39599609375 0.0 733605.0358886719 242.81201171875 164440.87325821441 588
770 2.5 132284.8009472656 114479.42539849329 733605.0358886719 242.81201171875 164511.4242306047 589
780 0.9 152162.75626627603 210296.6019241476 733605.0358886719 212.4111328125 163199.26530213 614
790 0.9 215800.4208984375 247863.80233273873 733605.0358886719 212.4111328125 163039.82937705345 623
800 1.8 189533.21325683594 143750.24609379628 733605.0358886719 212.4111328125 163791.1669145415 632
810 1.9 110895.10382401316 103839.9658438823 733605.0358886719 212.4111328125 164504.02358248198 650
820 0 0 0 733605.0358886719 212.4111328125 162981.4982081757 669
830 0 0 0 733605.0358886719 212.4111328125 162981.4982081757 669
840 1 260469.00021972656 240485.17470198736 733605.0358886719 212.4111328125 162981.4982081757 669
850 1.4 193252.3238002232 187424.10979260327 733605.0358886719 212.4111328125 164417.24934236644 679
860 0.7 207967.28104073662 137336.8558799012 733605.0358886719 212.4111328125 164999.7760990908 693
870 0.3 86313.11067708333 22353.0722631883 733605.0358886719 212.4111328125 165429.45114850727 700
880 0.6 217938.7071533203 143425.09058667356 733605.0358886719 212.4111328125 165091.8280739493 703
890 0.3 163585.20190429688 95020.09757794515 733605.0358886719 212.4111328125 165539.051310164 709
900 0.1 828630.8520507813 0.0 828630.8520507813 212.4111328125 165530.81879862244 712
910 0 0 0 828630.8520507813 212.4111328125 166460.83287050485 713
920 0 0 0 828630.8520507813 212.4111328125 166460.83287050485 713
930 0.1 843833.9008789063 0.0 843833.9008789063 212.4111328125 166460.83287050485 713
940 0.1 827531.8371582031 0.0 843833.9008789063 212.4111328125 167409.53464642697 714
950 0 0 0 843833.9008789063 212.4111328125 168332.78262196793 715
960 0 0 0 843833.9008789063 212.4111328125 168332.78262196793 715
970 0 0 0 843833.9008789063 212.4111328125 168332.78262196793 715
980 0.1 902805.3969726563 0.0 902805.3969726563 212.4111328125 168332.78262196793 715
990 0 0 0 902805.3969726563 212.4111328125 169358.58236268116 716
1000 0 0 0 902805.3969726563 212.4111328125 169358.58236268116 716
1010 0 0 0 902805.3969726563 212.4111328125 169358.58236268116 716
1020 0 0 0 902805.3969726563 212.4111328125 169358.58236268116 716
1030 0.1 896291.9790039063 0.0 902805.3969726563 212.4111328125 169358.58236268116 716
1040 0 0 0 902805.3969726563 212.4111328125 170372.4364723621 717
1050 0.1 938742.8100585938 0.0 938742.8100585938 212.4111328125 170372.4364723621 717
1060 0.1 959045.8559570313 0.0 959045.8559570313 212.4111328125 171442.59019601982 718
1070 0 0 0 959045.8559570313 212.4111328125 172538.00503017977 719
1080 0 0 0 959045.8559570313 212.4111328125 172538.00503017977 719
1090 0 0 0 959045.8559570313 212.4111328125 172538.00503017977 719
1100 0 0 0 959045.8559570313 212.4111328125 172538.00503017977 719
1110 0 0 0 959045.8559570313 212.4111328125 172538.00503017977 719
1120 0.1 980279.9289550781 0.0 980279.9289550781 212.4111328125 172538.00503017977 719
1130 0 0 0 980279.9289550781 212.4111328125 173659.8688134088 720
1140 0 0 0 980279.9289550781 212.4111328125 173659.8688134088 720
1150 0 0 0 980279.9289550781 212.4111328125 173659.8688134088 720
1160 0.3 486174.75545247394 113083.40053726496 980279.9289550781 212.4111328125 173659.8688134088 720
1170 0.1 957887.0380859375 0.0 980279.9289550781 212.4111328125 174956.6110816207 723
1180 0 0 0 980279.9289550781 212.4111328125 176038.00669903 724
1190 0.4 640979.0131225586 214104.82185819352 980279.9289550781 212.4111328125 176038.00669903 724
1200 0.6 560103.9108479818 92939.80653031745 980279.9289550781 212.4111328125 178592.627613445 728
1210 0.2 608662.2990722656 299.56494140625 980279.9289550781 212.4111328125 181711.24845732402 734
1220 0 0 0 980279.9289550781 212.4111328125 182871.44152964724 736
1230 0.2 805871.5174560547 26068.349487304688 980279.9289550781 212.4111328125 182871.44152964724 736
1240 0.9 567628.5097384983 98710.20324483015 980279.9289550781 212.4111328125 184559.7886188787 738
1250 0.4 609084.8684692383 204580.20560122235 980279.9289550781 212.4111328125 189175.07441550063 747
1260 0 0 0 980279.9289550781 212.4111328125 191411.6112679839 751
1270 0.1 597990.1918945313 0.0 980279.9289550781 212.4111328125 191411.6112679839 751
1280 0.2 805505.5260009766 217527.6209716797 1023033.1469726563 212.4111328125 191952.27427413623 752
1290 0.5 659385.8259765625 205005.09901425862 1059558.2419433594 212.4111328125 193579.73648030823 754
1300 0.3 607427.6464029948 20542.08345187187 1059558.2419433594 212.4111328125 196648.2877945128 759
1310 0.9 713922.7853190104 200277.53118474555 1059558.2419433594 212.4111328125 198265.52936383753 762
1320 0.1 636827.5930175781 0.0 1059558.2419433594 212.4111328125 204284.87476409247 771
1330 0.1 820270.3381347656 0.0 1059558.2419433594 212.4111328125 204845.16325923946 772
1340 0.8 787432.9934997559 180713.362932389 1059558.2419433594 212.4111328125 205641.31484381325 773
1350 0.7 702935.398297991 100962.5920576557 1059558.2419433594 212.4111328125 211600.7686584708 781
1360 0.3 725671.5254720052 92932.22068393651 1059558.2419433594 212.4111328125 215965.41638369494 788
1370 0.4 786116.48046875 166247.999474921 1059558.2419433594 212.4111328125 217898.5621830185 791
1380 0.3 743674.8374023438 167050.5603441331 1059558.2419433594 212.4111328125 220757.52026244358 795
