0 2.7265625 2.7265625
10 9.55625 12.2828125
20 17.3171875 29.6
30 25.3953125 54.9953125
40 34.60703125 89.60234375
50 34.0015625 123.60390625
60 40.1515625 163.75546875
70 43.36875 207.12421875
80 38.42109375 245.5453125
90 37.17734375 282.72265625
100 38.8796875 321.60234375
110 38.91484375 360.5171875
120 39.03984375 399.55703125
130 43.740625 443.29765625
140 44.9859375 488.28359375
150 32.14296875 520.4265625
160 36.85625 557.2828125
170 42.62421875 599.90703125
180 39.2890625 639.19609375
190 33.5265625 672.72265625
200 45.52421875 718.246875
210 40.34609375 758.59296875
220 39.6984375 798.29140625
230 36.246875 834.53828125
240 41.4171875 875.95546875
250 45.43515625 921.390625
260 37.6484375 959.0390625
270 39.38125 998.4203125
280 41.39453125 1039.81484375
290 40.121875 1079.93671875
300 38.29453125 1118.23125
310 44.48046875 1162.71171875
320 44.98046875 1207.6921875
330 46.03671875 1253.72890625
340 36.76796875 1290.496875
350 38.1328125 1328.6296875
360 40.70859375 1369.33828125
370 47.81171875 1417.15
380 35.834375 1452.984375
390 37.13984375 1490.12421875
400 36.64765625 1526.771875
410 38.859375 1565.63125
420 45.8671875 1611.4984375
430 39.61875 1651.1171875
440 42.83046875 1693.94765625
450 31.70234375 1725.65
460 37.5390625 1763.1890625
470 41.26484375 1804.45390625
480 43.78125 1848.23515625
490 35.9484375 1884.18359375
500 40.74453125 1924.928125
510 31.8296875 1956.7578125
520 36.8328125 1993.590625
530 42.06796875 2035.65859375
540 37.38359375 2073.0421875
550 38.37890625 2111.42109375
560 45.478125 2156.89921875
570 35.4921875 2192.39140625
580 27.68984375 2220.08125
590 35.21484375 2255.29609375
600 42.41953125 2297.715625
610 37.44296875 2335.15859375
620 44.71796875 2379.8765625
630 40.91171875 2420.78828125
640 34.89921875 2455.6875
650 34.07265625 2489.76015625
660 40.90703125 2530.6671875
670 34.85390625 2565.52109375
680 45.7265625 2611.24765625
690 39.2703125 2650.51796875
700 43.03671875 2693.5546875
710 38.52890625 2732.08359375
720 48.32734375 2780.4109375
730 38.8078125 2819.21875
740 39.76328125 2858.98203125
750 36.878125 2895.86015625
760 39.13984375 2935
770 42.27890625 2977.27890625
780 36.49765625 3013.7765625
790 36.5234375 3050.3
800 43.9640625 3094.2640625
810 39.09609375 3133.36015625
820 36.19296875 3169.553125
830 36.9125 3206.465625
840 36.71796875 3243.18359375
850 40.08359375 3283.2671875
860 36.48828125 3319.75546875
870 38.93046875 3358.6859375
880 29.7828125 3388.46875
890 29.07109375 3417.53984375
900 34.675 3452.21484375
910 33.47890625 3485.69375
920 32.703125 3518.396875
930 30.40546875 3548.80234375
940 28.815625 3577.61796875
950 27.1890625 3604.80703125
960 32.471875 3637.27890625
970 30.940625 3668.21953125
980 27.69375 3695.91328125
990 24.3484375 3720.26171875
1000 26.81796875 3747.0796875
1010 34.1484375 3781.228125
1020 32.99609375 3814.22421875
1030 25.3734375 3839.59765625
1040 24.17578125 3863.7734375
1050 30.0515625 3893.825
1060 33.32734375 3927.15234375
1070 30.98125 3958.13359375
1080 26.9078125 3985.04140625
1090 27.74296875 4012.784375
1100 22.65703125 4035.44140625
1110 28.29140625 4063.7328125
1120 26.98203125 4090.71484375
1130 24.790625 4115.50546875
1140 35.90625 4151.41171875
1150 27.69921875 4179.1109375
1160 26.40703125 4205.51796875
1170 22.59140625 4228.109375
1180 28.1984375 4256.3078125
1190 20.1796875 4276.4875
1200 9.9546875 4286.4421875
1210 11.39921875 4297.84140625
1220 24.53203125 4322.3734375
1230 16.790625 4339.1640625
1240 13.21484375 4352.37890625
1250 19.2328125 4371.61171875
1260 11.65625 4383.26796875
1270 11.9140625 4395.18203125
1280 21.08984375 4416.271875
1290 19.70078125 4435.97265625
1300 6.3359375 4442.30859375
1310 7.70625 4450.01484375
1320 9.8828125 4459.89765625
1330 12.82109375 4472.71875
1340 16.6578125 4489.3765625
1350 7.79140625 4497.16796875
1360 7.5625 4504.73046875
1370 28.45625 4533.18671875
1380 5.5109375 4538.69765625
