0 87.34140625 87.34140625
10 281.66484375 369.00625
20 456.93515625 825.94140625
30 631.440625 1457.38203125
40 783.63125 2241.01328125
50 978.015625 3219.02890625
60 905.403125 4124.43203125
70 753.70625 4878.13828125
80 849.82890625 5727.9671875
90 808.74453125 6536.71171875
100 954.57578125 7491.2875
110 946.73828125 8438.02578125
120 1770.4203125 10208.44609375
130 984.12890625 11192.575
140 822.27578125 12014.85078125
150 2269.90390625 14284.7546875
160 2460.16328125 16744.91796875
170 3707.06953125 20451.9875
180 5270.41875 25722.40625
190 3381.903125 29104.309375
200 2627.36953125 31731.67890625
210 5692.73828125 37424.4171875
220 1836.4859375 39260.903125
230 4305.8296875 43566.7328125
240 3857.8484375 47424.58125
250 4771.1609375 52195.7421875
260 4988.52421875 57184.26640625
270 3080.9984375 60265.26484375
280 7316.98125 67582.24609375
290 6438.7484375 74020.99453125
300 2742.3296875 76763.32421875
310 5951.19609375 82714.5203125
320 11165.44375 93879.9640625
330 3587.55546875 97467.51953125
340 2867.821875 100335.34140625
350 4695.01953125 105030.3609375
360 1880.7046875 106911.065625
370 8203.49453125 115114.56015625
380 3401.07421875 118515.634375
390 4160.58984375 122676.22421875
400 1778.6328125 124454.85703125
410 3859.0171875 128313.87421875
420 3634.7859375 131948.66015625
430 4030.81171875 135979.471875
440 1866.2953125 137845.7671875
450 5474.871875 143320.6390625
460 867.115625 144187.7546875
470 2924.5265625 147112.28125
480 5685.47109375 152797.75234375
490 5753.24375 158550.99609375
500 4530.81875 163081.81484375
510 3237.01171875 166318.8265625
520 2997.61953125 169316.44609375
530 4238.584375 173555.03046875
540 8410.5703125 181965.60078125
550 2992.98203125 184958.5828125
560 3824.7421875 188783.325
570 4535.55234375 193318.87734375
580 650.4640625 193969.34140625
590 2958.215625 196927.55703125
600 2755.81015625 199683.3671875
610 6080.103125 205763.4703125
620 3960.5640625 209724.034375
630 4036.76875 213760.803125
640 4720.48359375 218481.28671875
650 3618.015625 222099.30234375
660 5408.675 227507.97734375
670 5113.03125 232621.00859375
680 7237.59453125 239858.603125
690 3880.36796875 243738.97109375
700 3073.81015625 246812.78125
710 2764.875 249577.65625
720 4111.53984375 253689.19609375
730 3830.1296875 257519.32578125
740 5919.1 263438.42578125
750 4867.19609375 268305.621875
760 1891.659375 270197.28125
770 3813.29765625 274010.57890625
780 3962.121875 277972.70078125
790 3657.2921875 281629.99296875
800 2103.5625 283733.55546875
810 4095.9203125 287829.47578125
820 6279.11328125 294108.5890625
830 5435.8765625 299544.465625
840 2963.4421875 302507.9078125
850 3747.4984375 306255.40625
860 775.0953125 307030.5015625
870 2894.421875 309924.9234375
880 3955.1453125 313880.06875
890 1494.546875 315374.615625
900 1576.00546875 316950.62109375
910 5749.95703125 322700.578125
920 5325.5109375 328026.0890625
930 8438.3734375 336464.4625
940 3432.91015625 339897.37265625
950 4490.978125 344388.35078125
960 4622.12890625 349010.4796875
970 4687.60390625 353698.08359375
980 4666.58203125 358364.665625
990 3451.19453125 361815.86015625
1000 4172.8203125 365988.68046875
1010 7648.70390625 373637.384375
1020 4354.0796875 377991.4640625
1030 4395.5609375 382387.025
1040 10029.4296875 392416.4546875
1050 5797.196875 398213.6515625
1060 6212.26640625 404425.91796875
1070 7494.91875 411920.83671875
1080 6384.86484375 418305.7015625
1090 4358.021875 422663.7234375
1100 8309.4796875 430973.203125
1110 5599.82421875 436573.02734375
1120 6303.5171875 442876.54453125
1130 6410.7390625 449287.28359375
1140 7064.6140625 456351.89765625
1150 4362.496875 460714.39453125
1160 7827.94609375 468542.340625
1170 9039.18984375 477581.53046875
1180 7167.04375 484748.57421875
1190 3243.215625 487991.78984375
1200 4251.0953125 492242.88515625
1210 9402.7953125 501645.68046875
1220 8288.30234375 509933.9828125
1230 6731.68359375 516665.66640625
1240 1018.009375 517683.67578125
1250 3848.42421875 521532.1
1260 2750.26328125 524282.36328125
1270 6775.2578125 531057.62109375
1280 6938.9078125 537996.52890625
1290 5969.24453125 543965.7734375
1300 3587.0109375 547552.784375
1310 136.06640625 547688.85078125
1320 2093.1953125 549782.04609375
1330 7926.39140625 557708.4375
1340 6021.99140625 563730.42890625
1350 955.69609375 564686.125
1360 2833.78203125 567519.90703125
1370 3053.3984375 570573.30546875
1380 1234.1921875 571807.49765625
