0 9 9
10 20 20
20 35 35
30 45 45
40 53 53
50 65 65
60 72 72
70 81 81
80 97 97
90 109 109
100 118 118
110 128 128
120 134 134
130 144 144
140 156 156
150 162 162
160 173 173
170 183 183
180 195 195
190 202 202
200 215 217
210 207 217
220 203 217
230 204 217
240 212 217
250 210 217
260 208 217
270 200 217
280 207 217
290 205 217
300 214 217
310 216 222
320 215 222
330 221 222
340 205 222
350 206 222
360 206 222
370 208 222
380 209 222
390 209 222
400 206 222
410 205 222
420 201 222
430 206 222
440 213 222
450 204 222
460 211 222
470 210 222
480 203 222
490 207 222
500 198 222
510 191 222
520 203 222
530 213 222
540 199 222
550 203 222
560 213 222
570 190 222
580 195 222
590 196 222
600 196 222
610 206 222
620 208 222
630 199 222
640 200 222
650 196 222
660 198 222
670 207 222
680 216 222
690 202 222
700 212 222
710 216 222
720 203 222
730 203 222
740 199 222
750 210 222
760 222 222
770 204 224
780 204 224
790 208 224
800 208 224
810 200 224
820 208 224
830 214 224
840 211 224
850 206 224
860 200 224
870 197 224
880 191 224
890 188 224
900 187 224
910 187 224
920 187 224
930 186 224
940 185 224
950 185 224
960 185 224
970 185 224
980 184 224
990 184 224
1000 184 224
1010 184 224
1020 184 224
1030 183 224
1040 183 224
1050 182 224
1060 181 224
1070 181 224
1080 181 224
1090 181 224
1100 181 224
1110 181 224
1120 180 224
1130 180 224
1140 180 224
1150 180 224
1160 177 224
1170 176 224
1180 176 224
1190 172 224
1200 166 224
1210 164 224
1220 164 224
1230 162 224
1240 153 224
1250 149 224
1260 149 224
1270 148 224
1280 146 224
1290 141 224
1300 138 224
1310 129 224
1320 128 224
1330 127 224
1340 119 224
1350 112 224
1360 109 224
1370 105 224
1380 102 224
