0 0.9 9
10 1.1 20
20 1.5 35
30 1 45
40 0.8 53
50 1.2 65
60 0.7 72
70 0.9 81
80 1.6 97
90 1.2 109
100 0.9 118
110 1 128
120 0.6 134
130 1 144
140 1.2 156
150 0.6 162
160 1.1 173
170 1 183
180 1.2 195
190 0.7 202
200 1.8 220
210 0.9 229
220 0.5 234
230 1.1 245
240 0.8 253
250 1.1 264
260 1.3 277
270 1.3 290
280 0.9 299
290 0.8 307
300 1.5 322
310 1.6 338
320 1.4 352
330 0.9 361
340 1 371
350 1 381
360 0.9 390
370 1.1 401
380 1.1 412
390 1.3 425
400 0.9 434
410 0.8 442
420 1.5 457
430 1.1 468
440 0.7 475
450 0.8 483
460 0.7 490
470 1.1 501
480 0.6 507
490 0.7 514
500 0.7 521
510 0.8 529
520 1.2 541
530 1.3 554
540 1 564
550 1 574
560 1.1 585
570 0.5 590
580 1.2 602
590 1.2 614
600 1.2 626
610 1 636
620 1.1 647
630 1.2 659
640 0.6 665
650 1.1 676
660 1.5 691
670 1.4 705
680 1.4 719
690 1 729
700 1.1 740
710 1.1 751
720 0.8 759
730 1 769
740 1.5 784
750 1.4 798
760 1.3 811
770 0.7 818
780 0.9 827
790 1.3 840
800 1.8 858
810 1.1 869
820 0.8 877
830 0.6 883
840 0.7 890
850 0.9 899
860 0.1 900
870 0 900
880 0 900
890 0 900
900 0 900
910 0 900
920 0 900
930 0 900
940 0 900
950 0 900
960 0 900
970 0 900
980 0 900
990 0 900
1000 0 900
1010 0 900
1020 0 900
1030 0 900
1040 0 900
1050 0 900
1060 0 900
1070 0 900
1080 0 900
1090 0 900
1100 0 900
1110 0 900
1120 0 900
1130 0 900
1140 0 900
1150 0 900
1160 0 900
1170 0 900
1180 0 900
1190 0 900
1200 0 900
1210 0 900
1220 0 900
1230 0 900
1240 0 900
1250 0 900
1260 0 900
1270 0 900
1280 0 900
1290 0 900
1300 0 900
1310 0 900
1320 0 900
1330 0 900
1340 0 900
1350 0 900
1360 0 900
1370 0 900
1380 0 900
