0 0.5 5
10 3.6 41
20 2.6 67
30 2.3 90
40 2.9 119
50 2.6 145
60 3 175
70 4.4 219
80 5 269
90 7 339
100 5.8 397
110 7.5 472
120 7.8 550
130 5.8 608
140 7.5 683
150 6.4 747
160 8.3 830
170 7 900
180 9.3 993
190 8.5 1078
200 10.3 1181
210 8.8 1269
220 7.6 1345
230 8.5 1430
240 7.5 1505
250 9.1 1596
260 9.2 1688
270 6.7 1755
280 9 1845
290 8.9 1934
300 7.4 2008
310 6 2068
320 5.5 2123
330 6.6 2189
340 5.8 2247
350 4.8 2295
360 5.4 2349
370 4.4 2393
380 5.1 2444
390 4.3 2487
400 3.2 2519
410 3.1 2550
420 4.7 2597
430 4.1 2638
440 3.3 2671
450 3 2701
460 3.7 2738
470 2.9 2767
480 2.3 2790
490 1 2800
500 0.6 2806
510 0.2 2808
520 0.1 2809
528 0.1 2810
