20 0.7 7
30 0.2 9
40 0.6 15
50 0.6 21
60 0.3 24
70 0.9 33
80 0.4 37
90 1.7 54
100 1.8 72
110 2.7 99
120 1.4 113
130 2.2 135
140 1.9 154
150 1.6 170
160 1.9 189
170 1.7 206
180 1 216
190 2 236
200 2.3 259
210 2.4 283
220 2 303
230 2.9 332
240 2.3 355
250 2.6 381
260 2.4 405
270 2.5 430
280 2.9 459
290 2.8 487
300 2.8 515
310 3.5 550
320 4.1 591
330 3.1 622
340 3.2 654
350 2.6 680
360 2.6 706
370 1.5 721
380 2 741
390 1.8 759
400 1.7 776
410 0.9 785
420 1.7 802
430 2.3 825
440 1.5 840
450 2 860
460 2.8 888
470 2.3 911
480 2.5 936
490 1.7 953
500 2 973
510 1.2 985
520 1.1 996
528 0.7 1003
