0 0.5 139.004638671875 13.820628954518906 166.328125 129.804931640625 0 0
10 1.6 133.19154357910156 6.572652453375738 166.328125 125.16796875 139.004638671875 5
20 0.8 129.88064575195313 4.576034329631126 166.328125 122.76904296875 134.57561383928572 21
30 0.7 128.81389508928572 3.2978852433709784 166.328125 122.76904296875 133.28045022898706 29
40 0.9 131.30145941840277 3.2651665628462188 166.328125 122.76904296875 132.41195339626736 36
50 1 134.4278076171875 6.96186140378958 166.328125 122.76904296875 132.18985460069445 45
60 1.1 128.4105779474432 5.451714653606825 166.328125 122.678955078125 132.59675514914773 55
70 1.1 132.83842329545453 7.375058270753342 166.328125 122.678955078125 131.89905894886363 66
80 0.8 134.31170654296875 5.3846269474844455 166.328125 122.678955078125 132.0332538555195 77
90 1.5 128.11258138020835 4.314819201474169 166.328125 122.0869140625 132.24769646139706 85
100 0.7 132.41681780133928 8.583629041176223 166.328125 122.0869140625 131.62742919921874 100
110 1.1 129.7003506747159 4.087462752435692 166.328125 122.0419921875 131.67907144421727 107
120 0.9 132.32212999131946 6.87585728734419 166.328125 122.0419921875 131.49461442333154 118
130 0.6 132.94095865885416 6.931609023049517 166.328125 122.0419921875 131.55325725885825 127
140 1 129.573193359375 5.780676068659768 166.328125 122.0419921875 131.61586032953474 133
150 0.9 132.98255750868054 6.559057889269803 166.328125 122.0419921875 131.47301648546764 143
160 0.8 129.16217041015625 3.9707376499241853 166.328125 122.008056640625 131.56239720394734 152
170 1 135.39091796875 11.697464421612155 166.328125 122.008056640625 131.4423858642578 160
180 0.6 132.17659505208334 4.212515471442916 166.328125 122.008056640625 131.6746524586397 170
190 1.3 141.57416240985577 18.700581253548318 186.0859375 122.008056640625 131.69176413796166 176
200 1.3 144.851806640625 28.89741508434296 225.56298828125 122.008056640625 132.37150581803903 189
210 0.9 131.42404513888889 4.352329781492537 225.56298828125 122.008056640625 133.1746934947401 202
220 1 140.3306640625 16.034748634500925 225.56298828125 122.008056640625 133.10002128998815 211
230 0.6 128.31949869791666 4.212760977925711 225.56298828125 122.008056640625 133.42719969598417 221
240 0.7 129.06898716517858 3.793849337979553 225.56298828125 122.008056640625 133.29219438325993 227
250 1 133.811474609375 11.543807553146303 225.56298828125 122.008056640625 133.16585912459936 234
260 0.6 132.58671061197916 4.16847651692812 225.56298828125 122.008056640625 133.19231877561475 244
270 1.1 135.8985040838068 9.846906826312505 225.56298828125 122.008056640625 133.1777841796875 250
280 0.6 139.92578125 11.334523898705791 225.56298828125 122.008056640625 133.29245053579982 261
290 1.3 137.53297776442307 16.37211509763374 225.56298828125 122.008056640625 133.44151414735487 267
300 0.5 144.62548828125 12.706459477692011 225.56298828125 122.008056640625 133.63147495814732 280
310 0 0 0 225.56298828125 122.008056640625 133.82435238486843 285
320 0.1 134.4580078125 0.0 225.56298828125 122.008056640625 133.82435238486843 285
330 0 0 0 225.56298828125 122.008056640625 133.82656796328672 286
340 0 0 0 225.56298828125 122.008056640625 133.82656796328672 286
350 0 0 0 225.56298828125 122.008056640625 133.82656796328672 286
360 0 0 0 225.56298828125 122.008056640625 133.82656796328672 286
370 0 0 0 225.56298828125 122.008056640625 133.82656796328672 286
380 0 0 0 225.56298828125 122.008056640625 133.82656796328672 286
390 0 0 0 225.56298828125 122.008056640625 133.82656796328672 286
400 0 0 0 225.56298828125 122.008056640625 133.82656796328672 286
410 0 0 0 225.56298828125 122.008056640625 133.82656796328672 286
420 0 0 0 225.56298828125 122.008056640625 133.82656796328672 286
430 0 0 0 225.56298828125 122.008056640625 133.82656796328672 286
440 0 0 0 225.56298828125 122.008056640625 133.82656796328672 286
450 0 0 0 225.56298828125 122.008056640625 133.82656796328672 286
460 0 0 0 225.56298828125 122.008056640625 133.82656796328672 286
470 0 0 0 225.56298828125 122.008056640625 133.82656796328672 286
480 0 0 0 225.56298828125 122.008056640625 133.82656796328672 286
490 0 0 0 225.56298828125 122.008056640625 133.82656796328672 286
500 0 0 0 225.56298828125 122.008056640625 133.82656796328672 286
510 0 0 0 225.56298828125 122.008056640625 133.82656796328672 286
520 0 0 0 225.56298828125 122.008056640625 133.82656796328672 286
528 0 0 0 225.56298828125 122.008056640625 133.82656796328672 286
