0 0.4 4
10 0.8 12
20 0.9 21
30 0.8 29
40 0.7 36
50 1 46
60 0.5 51
70 0.5 56
80 0.7 63
90 0.9 72
100 0.3 75
110 0.9 84
120 1 94
130 0.7 101
140 0.9 110
150 0.8 118
160 0.7 125
170 0.6 131
180 0.5 136
190 1 146
200 1.1 157
210 0.9 166
220 0.9 175
230 0.5 180
240 0.6 186
250 0.5 191
260 1 201
270 0.4 205
280 0.4 209
290 1.1 220
300 0.6 226
310 0.7 233
320 0.9 242
330 0.4 246
340 0.4 250
350 0 250
360 0.5 255
370 0.1 256
380 0 256
390 0 256
400 0.3 259
410 0.1 260
420 0 260
430 0.2 262
440 0.1 263
450 0.1 264
460 0.4 268
470 0.2 270
480 0.1 271
490 0.4 275
500 0.3 278
510 0.3 281
520 0.3 284
528 0.2 286
