0 0.5 5
10 3.6 41
20 3.3 74
30 2.5 99
40 3.5 134
50 3.2 166
60 3.3 199
70 5.3 252
80 5.4 306
90 8.7 393
100 7.6 469
110 10.2 571
120 9.2 663
130 8 743
140 9.4 837
150 7.9 916
160 10.3 1019
170 8.7 1106
180 10.1 1207
190 10.7 1314
200 12.6 1440
210 11.2 1552
220 9.6 1648
230 11.4 1762
240 9.7 1859
250 11.8 1977
260 11.6 2093
270 9.1 2184
280 12 2304
290 11.7 2421
300 10.2 2523
310 9.5 2618
320 9.6 2714
330 9.7 2811
340 9 2901
350 7.4 2975
360 8 3055
370 5.9 3114
380 7.1 3185
390 6 3245
400 5 3295
410 4 3335
420 6.4 3399
430 6.4 3463
440 4.8 3511
450 5 3561
460 6.5 3626
470 5.1 3677
480 4.9 3726
490 2.6 3752
500 2.7 3779
510 1.4 3793
520 1.2 3805
528 0.8 3813
