0 0.5 197.80283203125 16.55189012930456 230.197998046875 186.529052734375 0 0
10 3.6 199.28388129340277 162.0950671212288 668.40087890625 38.02197265625 197.80283203125 5
20 3.3 221.47355883049244 204.16455413833765 775.06689453125 37.375 199.1032655297256 41
30 2.5 165.940576171875 118.4939698275862 775.06689453125 37.241943359375 209.07920713682432 74
40 3.5 194.52084263392857 167.61678717949965 775.06689453125 37.241943359375 198.1856134588068 99
50 3.2 242.73806762695313 215.57866185709906 797.06396484375 37.241943359375 197.22839719857743 134
60 3.3 179.2643007220644 130.48280028913425 797.06396484375 37.241943359375 206.00134571489082 166
70 5.3 200.67281010465803 163.67258653652956 797.06396484375 37.1220703125 201.5675643844221 199
80 5.4 184.10883698640052 169.55117930533964 797.06396484375 36.630859375 201.37938193669396 252
90 8.7 220.36618006914506 216.2482488112903 970.671142578125 35.409912109375 198.33163871017157 306
100 7.6 239.130091616982 260.20637989174236 1177.697021484375 35.409912109375 203.2095142781886 393
110 10.2 315.0030613319546 319.4054147949806 1530.1337890625 35.409912109375 209.03033278085022 469
120 9.2 220.55450970193615 244.53093178059018 1530.1337890625 35.409912109375 227.96066257456764 571
130 8 289.3235687255859 273.5727394507135 1530.1337890625 35.409912109375 226.93296112014517 663
140 9.4 225.03105260970744 192.13000008444143 1530.1337890625 35.409912109375 233.6506577667606 743
150 7.9 288.70327951938293 380.09146694688616 2194.994873046875 35.409912109375 232.6826256463747 837
160 10.3 289.029548126517 430.9074707914479 3072.3720703125 35.409912109375 237.5141012533263 916
170 8.7 459.4880511404453 696.3498896113182 3199.29296875 35.409912109375 242.72125633471848 1019
180 10.1 419.90617506574876 949.3911518912763 5651.133056640625 35.409912109375 259.7725322371581 1106
190 10.7 368.9476147232768 705.5522888460018 5651.133056640625 35.409912109375 273.1722819684652 1207
200 12.6 392.10314166356636 522.4738430441362 5651.133056640625 35.409912109375 280.971338745303 1314
210 11.2 439.1427677699498 527.0685378628718 5651.133056640625 35.409912109375 290.69537150065105 1440
220 9.6 296.69190216064436 359.18820474821814 5651.133056640625 35.409912109375 301.4080702004973 1552
230 11.4 385.4870498389528 370.87095521759943 5651.133056640625 35.409912109375 301.1333419651661 1648
240 9.7 861.3836430815078 1111.5080675211045 5651.133056640625 35.409912109375 306.5909598412227 1762
250 11.8 1220.0228809421346 1490.4286084251405 7401.9560546875 35.409912109375 335.53926015015634 1859
260 11.6 1069.791655441811 1246.3273620983396 7401.9560546875 35.409912109375 388.33089760764415 1977
270 9.1 1556.8729395604396 1750.3347037041206 8773.208984375 35.409912109375 426.0993868139334 2093
280 12 1508.0805541992186 2034.3894069054509 9031.43896484375 35.409912109375 473.2149515117045 2184
290 11.7 1288.1795977731033 1685.4525550590809 9031.43896484375 35.222900390625 527.1142016516792 2304
300 10.2 2568.736040900735 2741.0045438155003 10667.55712890625 35.222900390625 563.8943137318967 2421
310 9.5 2126.6580951891456 2385.905745871189 11387.4990234375 35.222900390625 644.9461790395549 2523
320 9.6 2065.3367996215825 2250.041613020235 11387.4990234375 35.222900390625 698.7134181664499 2618
330 9.7 1415.7866940842462 1578.1564058605393 11387.4990234375 35.222900390625 747.0538178052459 2714
340 9 422.60216471354164 708.7026330183745 11387.4990234375 35.222900390625 770.1299789575273 2811
350 7.4 394.4627289643159 723.7561529930947 11387.4990234375 35.222900390625 759.3483508010438 2901
360 8 479.9530334472656 731.5153528543036 11387.4990234375 35.222900390625 750.2722042410714 2975
370 5.9 974.5600461798199 2082.285319597085 11387.4990234375 35.222900390625 743.1934698176657 3055
380 7.1 842.918436399648 1941.2506112449023 11387.4990234375 35.222900390625 747.5771011617143 3114
390 6 611.8062011718749 1153.1453791497675 11387.4990234375 35.222900390625 749.7024496081485 3185
400 5 1022.211416015625 2378.973650570881 11387.4990234375 35.222900390625 747.1527500993114 3245
410 4 2439.205688476562 5379.47489866227 16554.169921875 35.222900390625 751.3266297035044 3295
420 6.4 2093.859901428222 4684.086366346345 17457.8291015625 35.222900390625 771.571056195535 3335
430 6.4 307.55455780029297 424.78238478155976 17457.8291015625 35.222900390625 796.468521948666 3399
440 4.8 742.7712809244791 1266.4774022469032 17457.8291015625 35.222900390625 787.432861046126 3463
450 5 532.5323144531251 652.973191377215 17457.8291015625 35.222900390625 786.8222783500739 3511
460 6.5 527.8413348858173 954.0194040625064 17457.8291015625 35.222900390625 783.2517930384065 3561
470 5.1 866.4527851179535 1428.8089524474353 17457.8291015625 35.222900390625 778.6732823434484 3626
480 4.9 666.5143096301022 1040.69236544904 17457.8291015625 35.222900390625 779.8907842856567 3677
490 2.6 426.80443396935095 594.1080167371861 17457.8291015625 35.222900390625 778.3997893156828 3726
500 2.7 417.4857403790509 625.5018313095939 17457.8291015625 35.222900390625 775.9633609470782 3752
510 1.4 212.02491978236608 365.97528601745535 17457.8291015625 35.222900390625 773.4021289398444 3779
520 1.2 240.79471842447916 391.2540984142066 17457.8291015625 35.222900390625 771.3300801847153 3793
528 0.8 254.29885864257813 461.49968273607846 17457.8291015625 35.222900390625 769.6569069018972 3805
