0 0.4 2038.4762573242188 1767.909085752068 4994.612060546875 300.94189453125 0 0
10 0.8 3423.6341247558594 2613.827218923569 7890.675048828125 196.163818359375 2038.4762573242188 4
20 0.9 8063.259168836806 7369.640020908228 21250.41015625 196.163818359375 2961.914835611979 12
30 0.8 11795.220428466797 12369.219329076788 33316.889892578125 196.163818359375 5148.205264136905 21
40 0.7 13068.265834263393 10914.3009109114 33316.889892578125 196.163818359375 6981.864619814116 29
50 1 9052.90693359375 10126.838863612269 33316.889892578125 196.163818359375 8165.331522623698 36
60 0.5 6683.053173828125 8118.896851945896 33316.889892578125 196.163818359375 8358.282698921535 46
70 0.5 18863.271435546874 14268.060685910203 36787.205078125 196.163818359375 8194.044510186888 51
80 0.7 11582.019287109375 8433.925667569365 36787.205078125 196.163818359375 9146.65405709403 56
90 0.9 22040.349934895832 22764.39123940372 77004.07788085938 196.163818359375 9417.250193762402 63
100 0.3 17939.392659505207 10987.5939819307 77004.07788085938 196.163818359375 10995.137661404082 72
110 0.9 11722.14000108507 12199.661406708474 77004.07788085938 196.163818359375 11272.907861328127 75
120 1 14015.087329101563 14558.48934475983 77004.07788085938 196.163818359375 11321.039876302084 84
130 0.7 15398.611607142857 14513.74486084912 77004.07788085938 196.163818359375 11607.640669153092 94
140 0.9 15624.734456380209 15887.392750787392 77004.07788085938 196.163818359375 11870.38122921179 101
150 0.8 12256.73550415039 14607.408330085516 77004.07788085938 196.163818359375 12177.555584161932 110
160 0.7 14227.458286830357 12369.151547808095 77004.07788085938 196.163818359375 12182.92371433064 118
170 0.6 11199.483194986979 7975.935228272945 77004.07788085938 196.163818359375 12297.417650390626 125
180 0.5 18404.684521484374 12806.367879273086 77004.07788085938 196.163818359375 12247.130576097328 131
190 1 13060.98671875 9070.08262263329 77004.07788085938 196.163818359375 12473.511235854205 136
200 1.1 12812.496226917614 9634.65318305758 77004.07788085938 196.163818359375 12513.74928262789 146
210 0.9 16342.016682942709 14918.889332542181 77004.07788085938 196.163818359375 12534.68059719596 157
220 0.9 9940.161105685764 11254.371831252984 77004.07788085938 196.163818359375 12741.102433170181 166
230 0.5 59795.8701171875 89104.59689593047 236745.02880859375 196.163818359375 12597.05402204241 175
240 0.6 17792.314493815105 15582.745826531615 236745.02880859375 196.163818359375 13908.132246907551 180
250 0.5 16352.71318359375 13319.47223092354 236745.02880859375 196.163818359375 14033.428448420698 186
260 1 60935.73439941406 85248.63610335009 244394.1640625 196.163818359375 14094.142708503763 191
270 0.4 25320.53076171875 9092.825311365958 244394.1640625 196.163818359375 16424.570155812733 201
280 0.4 68247.81005859375 92451.4726352202 244394.1640625 196.163818359375 16598.149874952363 205
290 1.1 33147.666392933235 65550.77764061769 244394.1640625 196.163818359375 17586.66011770148 209
300 0.6 21929.938720703125 12499.609646620944 244394.1640625 196.163818359375 18364.71043146307 220
310 0.7 73786.83844866071 88892.93572693519 288697.4650878906 196.163818359375 18459.36250993847 226
320 0.9 129240.22024197048 108431.50263069166 288697.4650878906 196.163818359375 20121.561357882914 233
330 0.4 262849.6344604492 11732.969543721345 288697.4650878906 196.163818359375 24179.693299853112 242
340 0.4 198330.10858154297 90171.83469098374 288697.4650878906 196.163818359375 28060.50535124492 246
350 0 0 0 288697.4650878906 196.163818359375 30784.81900292969 250
360 0.5 287072.1971679687 10588.256622343604 307112.3630371094 196.163818359375 30784.81900292969 250
370 0.1 244429.55615234375 0.0 307112.3630371094 196.163818359375 35810.061712048104 255
380 0 0 0 307112.3630371094 196.163818359375 36624.981612205505 256
390 0 0 0 307112.3630371094 196.163818359375 36624.981612205505 256
400 0.3 270641.90999348956 9445.212489180614 307112.3630371094 196.163818359375 36624.981612205505 256
410 0.1 235536.0908203125 0.0 307112.3630371094 196.163818359375 39335.60240426671 259
420 0 0 0 307112.3630371094 196.163818359375 40090.21966740535 260
430 0.2 285911.7785644531 38856.546630859375 324768.3251953125 196.163818359375 40090.21966740535 260
440 0.1 302679.5578613281 0.0 324768.3251953125 196.163818359375 41966.72011700113 262
450 0.1 301615.0061035156 0.0 324768.3251953125 196.163818359375 42958.02368256891 263
460 0.4 263524.4656982422 27305.34922971537 324768.3251953125 196.163818359375 43937.78497961796 264
470 0.2 261046.52697753906 10116.838989257813 324768.3251953125 196.163818359375 47215.19812467205 268
480 0.1 234475.04614257813 0.0 324768.3251953125 196.163818359375 48799.133893952545 270
490 0.4 248839.11334228516 25178.86785502625 324768.3251953125 196.163818359375 49484.28486165965 271
500 0.3 271822.2705891927 34777.690249391875 324768.3251953125 196.163818359375 52383.991457741475 275
510 0.3 255522.99837239584 35534.805492172454 324768.3251953125 196.163818359375 54752.03044117441 278
520 0.3 255597.82104492188 14908.065573650369 324768.3251953125 196.163818359375 56895.49273225506 281
528 0.2 279999.0399169922 3052.7821044921875 324768.3251953125 196.163818359375 58994.46098907901 284
