0 51.44375 51.44375
10 295.78828125 347.23203125
20 242.04765625 589.2796875
30 217.65546875 806.93515625
40 271.4171875 1078.35234375
50 222.5859375 1300.93828125
60 267.80546875 1568.74375
70 382.0796875 1950.8234375
80 417.5171875 2368.340625
90 632.83359375 3001.17421875
100 1379.53359375 4380.7078125
110 693.42265625 5074.13046875
120 1796.9203125 6871.05078125
130 2230.2640625 9101.31484375
140 634.68203125 9735.996875
150 4163.66953125 13899.66640625
160 4435.4890625 18335.15546875
170 8889.38984375 27224.5453125
180 7657.27890625 34881.82421875
190 5531.31875 40413.14296875
200 8519.96796875 48933.1109375
210 5105.9828125 54039.09375
220 6997.98515625 61037.07890625
230 3793.496875 64830.57578125
240 4557.25625 69387.83203125
250 6035.65546875 75423.4875
260 5800.21640625 81223.70390625
270 7328.53671875 88552.240625
280 7819.84140625 96372.08203125
290 6296.59765625 102668.6796875
300 9248.26015625 111916.93984375
310 4945.1609375 116862.10078125
320 5766.27578125 122628.3765625
330 9500.61796875 132128.99453125
340 5955.5640625 138084.55859375
350 6752.43828125 144836.996875
360 6970.3578125 151807.3546875
370 7106.20625 158913.5609375
380 7825.1 166738.6609375
390 6133.85546875 172872.51640625
400 5572.6671875 178445.18359375
410 6613.05546875 185058.2390625
420 11418.8203125 196477.059375
430 2490.16796875 198967.22734375
440 6862.9328125 205830.16015625
450 4684.0515625 210514.21171875
460 7975.346875 218489.55859375
470 6871.59765625 225361.15625
480 7939.496875 233300.653125
490 4210.58515625 237511.23828125
500 3660.02578125 241171.2640625
510 1121.5671875 242292.83125
520 1114.04765625 243406.87890625
528 1114.0125 244520.89140625
