0 0.7703125 0.7703125
10 8.325 9.0953125
20 8.11484375 17.21015625
30 5.84453125 23.0546875
40 8.88828125 31.94296875
50 7.16640625 39.109375
60 8.09921875 47.20859375
70 13.99921875 61.2078125
80 14.35703125 75.56484375
90 24.63125 100.19609375
100 21.64765625 121.84375
110 26.1921875 148.0359375
120 24.4296875 172.465625
130 20.65546875 193.12109375
140 25.9484375 219.06953125
150 21.50859375 240.578125
160 28.2953125 268.8734375
170 24.71796875 293.59140625
180 27.9234375 321.51484375
190 30.421875 351.93671875
200 33.3375 385.27421875
210 32.28359375 417.5578125
220 26.4578125 444.015625
230 33.86015625 477.87578125
240 29.97578125 507.8515625
250 31.3265625 539.178125
260 32.35703125 571.53515625
270 26.90390625 598.4390625
280 32.57890625 631.01796875
290 33.8453125 664.86328125
300 25.71640625 690.5796875
310 28.21875 718.7984375
320 25.1828125 743.98125
330 22.65703125 766.63828125
340 26.28828125 792.9265625
350 22.134375 815.0609375
360 23.04296875 838.10390625
370 17.36015625 855.4640625
380 21.1453125 876.609375
390 17.5296875 894.1390625
400 15.61953125 909.75859375
410 12.08515625 921.84375
420 16.61640625 938.46015625
430 18.35859375 956.81875
440 14.38671875 971.20546875
450 14.25859375 985.4640625
460 18.953125 1004.4171875
470 13.9890625 1018.40625
480 12.11171875 1030.51796875
490 7.1609375 1037.67890625
500 7.190625 1044.86953125
510 3.83203125 1048.7015625
520 3.86953125 1052.57109375
528 1.7609375 1054.33203125
