0 7 9
10 10 12
20 12 15
30 13 15
40 15 17
50 14 17
60 19 19
70 27 28
80 30 31
90 32 35
100 37 37
110 35 37
120 36 39
130 36 39
140 38 39
150 37 39
160 39 41
170 43 43
180 48 48
190 48 50
200 49 51
210 49 51
220 48 51
230 51 53
240 52 53
250 59 60
260 53 60
270 59 60
280 65 65
290 64 68
300 60 68
310 53 68
320 44 68
330 40 68
340 36 68
350 36 68
360 31 68
370 30 68
380 30 68
390 30 68
400 27 68
410 26 68
420 26 68
430 24 68
440 23 68
450 22 68
460 18 68
470 16 68
480 15 68
490 11 68
500 8 68
510 5 68
520 2 68
528 0 68
