0 1.1 11
10 1.1 22
20 1.1 33
30 0.9 42
40 0.9 51
50 0.9 60
60 1 70
70 1.3 83
80 1 93
90 1.1 104
100 0.8 112
110 0.7 119
120 1.1 130
130 0.7 137
140 1.1 148
150 0.7 155
160 0.9 164
170 1 174
180 1 184
190 1 194
200 1.2 206
210 0.9 215
220 0.8 223
230 0.8 231
240 0.7 238
250 1.2 250
260 0.4 254
270 1 264
280 1 274
290 1 284
300 0.2 286
310 0 286
320 0 286
330 0 286
340 0 286
350 0 286
360 0 286
370 0 286
380 0 286
390 0 286
400 0 286
410 0 286
420 0 286
430 0 286
440 0 286
450 0 286
460 0 286
470 0 286
480 0 286
490 0 286
500 0 286
510 0 286
520 0 286
528 0 286
