0 0.2 2
10 0.6 8
20 0.3 11
30 0.8 19
40 0.6 25
50 0.9 34
60 0.7 41
70 0.9 50
80 0.5 55
90 0.6 61
100 0.8 69
110 1.6 85
120 1.5 100
130 2.7 127
140 2.2 149
150 1.2 161
160 1.4 175
170 1.9 194
180 1.7 211
190 1.4 225
200 1.4 239
210 1.8 257
220 2.2 279
230 1.1 290
240 1.3 303
250 1.6 319
260 1.1 330
270 1.6 346
280 0.7 353
290 0.6 359
300 1.4 373
310 1.5 388
320 1.4 402
330 1.1 413
340 1.1 424
350 0.7 431
360 0.5 436
370 0.7 443
380 0.5 448
390 0.8 456
400 0.4 460
410 0.6 466
420 0.4 470
430 0.6 476
440 0.2 478
450 0.3 481
460 0.2 483
470 0.7 490
480 0.7 497
490 0.7 504
500 1 514
510 0.2 516
520 0.1 517
530 0.5 522
540 0.9 531
550 0.6 537
560 0.3 540
570 0.2 542
580 0.5 547
590 0.6 553
600 0.4 557
610 0.3 560
620 0.3 563
630 0.1 564
640 0.4 568
650 0.4 572
660 0.4 576
670 0.2 578
680 0.3 581
690 0.5 586
700 0.4 590
710 0.2 592
720 0 592
730 0.1 593
740 0 593
