20 0.1 1
30 0.1 2
40 0.2 4
50 0.2 6
60 0.2 8
70 0.1 9
80 0.2 11
90 0 11
100 0.3 14
110 0.1 15
120 0.4 19
130 0.6 25
140 0.7 32
150 0.7 39
160 0.3 42
170 0.4 46
180 0.5 51
190 0.2 53
200 0.7 60
210 0.5 65
220 0.8 73
230 0.3 76
240 0.4 80
250 0.5 85
260 0.9 94
270 0.4 98
280 0.4 102
290 0.6 108
300 0.5 113
310 0.5 118
320 0.2 120
330 0.2 122
340 0.4 126
350 0.4 130
360 0.5 135
370 0.8 143
380 0.5 148
390 0.3 151
400 0.3 154
410 0.1 155
420 0.3 158
430 0.3 161
440 0.3 164
450 0 164
460 0 164
470 0.2 166
480 0.1 167
490 0.4 171
500 0.4 175
510 0.2 177
520 0.1 178
530 0.1 179
540 0.1 180
550 0.2 182
560 0.3 185
570 0 185
580 0.1 186
590 0.2 188
600 0 188
610 0.1 189
620 0.1 190
630 0.1 191
640 0 191
650 0.1 192
660 0.1 193
670 0.1 194
680 0.2 196
690 0.2 198
700 0.1 199
710 0.3 202
720 0.3 205
730 0.3 208
740 0.2 210
