0 0.1 189.98876953125 0.0 189.98876953125 189.98876953125 0 0
10 0.2 140.66748046875 2.784423828125 189.98876953125 137.883056640625 189.98876953125 1
20 0 0 0 189.98876953125 137.883056640625 157.10791015625 3
30 0.3 141.875 1.678355163191069 189.98876953125 137.883056640625 157.10791015625 3
40 0 0 0 189.98876953125 137.883056640625 149.491455078125 6
50 0.2 136.407470703125 9.98046875 189.98876953125 126.427001953125 149.491455078125 6
60 0.2 133.10400390625 0.02099609375 189.98876953125 126.427001953125 146.220458984375 8
70 0 0 0 189.98876953125 126.427001953125 143.59716796875 10
80 0.1 140.574951171875 0.0 189.98876953125 126.427001953125 143.59716796875 10
90 0 0 0 189.98876953125 126.427001953125 143.3224209872159 11
100 0.3 134.0419921875 9.82261791091808 189.98876953125 126.427001953125 143.3224209872159 11
110 0.4 129.2725830078125 1.9667912116627413 189.98876953125 126.427001953125 141.33375767299108 14
120 0.2 126.4854736328125 3.2574462890625 189.98876953125 123.22802734375 138.65349663628473 18
130 0.3 130.08439127604166 5.292454131549357 189.98876953125 123.22802734375 137.4366943359375 20
140 0 0 0 189.98876953125 123.22802734375 136.47769828464675 23
150 0 0 0 189.98876953125 123.22802734375 136.47769828464675 23
160 0.2 129.7230224609375 0.1849365234375 189.98876953125 123.22802734375 136.47769828464675 23
170 0.2 131.6204833984375 2.6644287109375 189.98876953125 123.22802734375 135.93732421875 25
180 0 0 0 189.98876953125 123.22802734375 135.6175582320602 27
190 0 0 0 189.98876953125 123.22802734375 135.6175582320602 27
200 0.3 129.67667643229166 0.45870245894791006 189.98876953125 123.22802734375 135.6175582320602 27
210 0.1 124.6591796875 0.0 189.98876953125 123.22802734375 135.02347005208333 30
220 0.1 135.875 0.0 189.98876953125 123.22802734375 134.68913810483872 31
230 0.1 125.3701171875 0.0 189.98876953125 123.22802734375 134.7261962890625 32
240 0.1 128.01904296875 0.0 189.98876953125 123.22802734375 134.4426787405303 33
250 0.1 149.47900390625 0.0 189.98876953125 123.22802734375 134.25374827665442 34
260 0.2 130.6876220703125 0.0035400390625 189.98876953125 123.22802734375 134.68875558035714 35
270 0 0 0 189.98876953125 123.22802734375 134.4724780933277 37
280 0.1 141.708984375 0.0 189.98876953125 123.22802734375 134.4724780933277 37
290 0 0 0 189.98876953125 123.22802734375 134.66291246916117 38
300 0.1 139.1572265625 0.0 189.98876953125 123.22802734375 134.66291246916117 38
310 0.2 129.11083984375 4.39501953125 189.98876953125 123.22802734375 134.7781512920673 39
320 0.2 131.322509765625 3.33642578125 189.98876953125 123.22802734375 134.5016970750762 41
330 0.1 126.658935546875 0.0 189.98876953125 123.22802734375 134.35382789789244 43
340 0.1 128.921875 0.0 189.98876953125 123.22802734375 134.17894398082387 44
350 0 0 0 189.98876953125 123.22802734375 134.06212022569446 45
360 0 0 0 189.98876953125 123.22802734375 134.06212022569446 45
370 0.1 127.275146484375 0.0 189.98876953125 123.22802734375 134.06212022569446 45
380 0 0 0 189.98876953125 123.22802734375 133.91457731827447 46
390 0.1 144.716064453125 0.0 189.98876953125 123.22802734375 133.91457731827447 46
400 0.1 123.281982421875 0.0 189.98876953125 123.22802734375 134.14439619348406 47
410 0 0 0 189.98876953125 123.22802734375 133.91809590657553 48
420 0.1 128.805908203125 0.0 189.98876953125 123.22802734375 133.91809590657553 48
430 0 0 0 189.98876953125 123.22802734375 133.8137655452806 49
440 0.1 122.239013671875 0.0 189.98876953125 122.239013671875 133.8137655452806 49
450 0.1 135.837890625 0.0 189.98876953125 122.239013671875 133.5822705078125 50
460 0.1 150.070068359375 0.0 189.98876953125 122.239013671875 133.62649835324754 51
470 0.2 131.939453125 1.46337890625 189.98876953125 122.239013671875 133.9427208533654 52
480 0.1 134.65087890625 0.0 189.98876953125 122.239013671875 133.8685257523148 54
490 0 0 0 189.98876953125 122.239013671875 133.88275035511364 55
500 0.2 134.2679443359375 3.3748779296875 189.98876953125 122.239013671875 133.88275035511364 55
510 0 0 0 189.98876953125 122.239013671875 133.89626593338815 57
520 0 0 0 189.98876953125 122.239013671875 133.89626593338815 57
530 0.1 127.859130859375 0.0 189.98876953125 122.239013671875 133.89626593338815 57
540 0.2 132.4644775390625 2.1534423828125 189.98876953125 122.239013671875 133.7921773976293 58
550 0 0 0 189.98876953125 122.239013671875 133.74792073567707 60
560 0 0 0 189.98876953125 122.239013671875 133.74792073567707 60
570 0 0 0 189.98876953125 122.239013671875 133.74792073567707 60
580 0 0 0 189.98876953125 122.239013671875 133.74792073567707 60
590 0 0 0 189.98876953125 122.239013671875 133.74792073567707 60
600 0 0 0 189.98876953125 122.239013671875 133.74792073567707 60
610 0 0 0 189.98876953125 122.239013671875 133.74792073567707 60
620 0 0 0 189.98876953125 122.239013671875 133.74792073567707 60
630 0 0 0 189.98876953125 122.239013671875 133.74792073567707 60
640 0 0 0 189.98876953125 122.239013671875 133.74792073567707 60
650 0 0 0 189.98876953125 122.239013671875 133.74792073567707 60
660 0 0 0 189.98876953125 122.239013671875 133.74792073567707 60
670 0 0 0 189.98876953125 122.239013671875 133.74792073567707 60
680 0 0 0 189.98876953125 122.239013671875 133.74792073567707 60
690 0 0 0 189.98876953125 122.239013671875 133.74792073567707 60
700 0 0 0 189.98876953125 122.239013671875 133.74792073567707 60
710 0 0 0 189.98876953125 122.239013671875 133.74792073567707 60
720 0 0 0 189.98876953125 122.239013671875 133.74792073567707 60
730 0 0 0 189.98876953125 122.239013671875 133.74792073567707 60
740 0 0 0 189.98876953125 122.239013671875 133.74792073567707 60
