0 1 1
10 2 1
20 2 0
30 2 0
40 2 0
50 2 0
60 2 0
70 2 0
80 2 0
90 2 0
100 4 2
110 8 4
120 9 1
130 11 2
140 9 -2
150 7 -2
160 8 1
170 7 -1
180 7 0
190 7 0
200 10 3
210 10 0
220 7 -3
230 6 -1
240 7 1
250 7 0
260 7 0
270 6 -1
280 5 -1
290 5 0
300 6 1
310 7 1
320 5 -2
330 6 1
340 6 0
350 5 -1
360 5 0
370 4 -1
380 3 -1
390 3 0
400 2 -1
410 2 0
420 2 0
430 2 0
440 1 -1
450 1 0
460 2 1
470 3 1
480 4 1
490 4 0
500 3 -1
510 2 -1
520 2 0
530 2 0
540 3 1
550 3 0
560 3 0
570 2 -1
580 2 0
590 2 0
600 2 0
610 2 0
620 2 0
630 2 0
640 2 0
650 2 0
660 2 0
670 2 0
680 2 0
690 2 0
700 2 0
710 2 0
720 1 -1
730 1 0
740 0 -1
