0 0 0
10 0.1 1
20 0 1
30 0.3 4
40 0 4
50 0.2 6
60 0.2 8
70 0 8
80 0.1 9
90 0 9
100 0.1 10
110 0 10
120 0.1 11
130 0.1 12
140 0.2 14
150 0.2 16
160 0.1 17
170 0.3 20
180 0 20
190 0 20
200 0 20
210 0.1 21
220 0.4 25
230 0.2 27
240 0 27
250 0.1 28
260 0.2 30
270 0.1 31
280 0.2 33
290 0 33
300 0 33
310 0.1 34
320 0.4 38
330 0 38
340 0.1 39
350 0.1 40
360 0 40
370 0.2 42
380 0.1 43
390 0.1 44
400 0.2 46
410 0 46
420 0.1 47
430 0 47
440 0.2 49
450 0.1 50
460 0 50
470 0.1 51
480 0 51
490 0 51
500 0.3 54
510 0.1 55
520 0 55
530 0.1 56
540 0.1 57
550 0 57
560 0.1 58
570 0 58
580 0 58
590 0 58
600 0 58
610 0 58
620 0 58
630 0 58
640 0 58
650 0 58
660 0 58
670 0 58
680 0 58
690 0 58
700 0 58
710 0 58
720 0.1 59
730 0 59
740 0.1 60
