0 0.2 2
10 0.6 8
20 0.4 12
30 0.9 21
40 0.8 29
50 1.1 40
60 0.9 49
70 1 59
80 0.7 66
90 0.6 72
100 1.1 83
110 1.7 100
120 1.9 119
130 3.3 152
140 2.9 181
150 1.9 200
160 1.7 217
170 2.3 240
180 2.2 262
190 1.6 278
200 2.1 299
210 2.3 322
220 3 352
230 1.4 366
240 1.7 383
250 2.1 404
260 2 424
270 2 444
280 1.1 455
290 1.2 467
300 1.9 486
310 2 506
320 1.6 522
330 1.3 535
340 1.5 550
350 1.1 561
360 1 571
370 1.5 586
380 1 596
390 1.1 607
400 0.7 614
410 0.7 621
420 0.7 628
430 0.9 637
440 0.5 642
450 0.3 645
460 0.2 647
470 0.9 656
480 0.8 664
490 1.1 675
500 1.4 689
510 0.4 693
520 0.2 695
530 0.6 701
540 1 711
550 0.8 719
560 0.6 725
570 0.2 727
580 0.6 733
590 0.8 741
600 0.4 745
610 0.4 749
620 0.4 753
630 0.2 755
640 0.4 759
650 0.5 764
660 0.5 769
670 0.3 772
680 0.5 777
690 0.7 784
700 0.5 789
710 0.5 794
720 0.3 797
730 0.4 801
740 0.2 803
