0 0.2 154.5980224609375 107.7930908203125 262.39111328125 46.804931640625 0 0
10 0.6 163.84366861979166 126.34658151275863 406.14697265625 43.903076171875 154.5980224609375 2
20 0.4 247.34466552734375 190.16771875708088 491.06103515625 40.302978515625 161.53225708007813 8
30 0.9 224.04226345486111 180.35757704334355 597.289794921875 40.302978515625 190.13639322916666 12
40 0.8 168.32562255859375 152.61088399197433 597.289794921875 39.932861328125 204.66748046875 21
50 1.1 164.1433993252841 123.11718171519419 597.289794921875 39.1689453125 194.64214035560346 29
60 0.9 207.58515082465277 142.84567183180351 597.289794921875 38.976806640625 186.25498657226564 40
70 1 134.1302978515625 113.61371654063413 597.289794921875 38.976806640625 190.17277184311226 49
80 0.7 355.76021902901783 346.92425251822584 1130.47314453125 38.976806640625 180.67404743776484 59
90 0.6 110.58463541666667 106.92604809913496 1130.47314453125 38.976806640625 199.2437929095644 66
100 1.1 181.69788707386363 131.4658730672824 1130.47314453125 38.976806640625 191.85552978515625 72
110 1.7 280.9627900965074 327.05119095871237 1404.18017578125 38.426025390625 190.50933617281626 83
120 1.9 219.29911081414474 234.9959345964949 1404.18017578125 36.85791015625 205.88642333984376 100
130 3.3 173.54364198626888 150.3002579430612 1404.18017578125 36.85791015625 208.027944869354 119
140 2.9 179.49808054956895 162.22347925399885 1404.18017578125 36.64599609375 200.54122121710526 152
150 1.9 282.5747841282895 269.5739099143555 1404.18017578125 36.51708984375 197.16966829247238 181
160 1.7 188.7146714154412 135.19258156520266 1404.18017578125 36.51708984375 205.283154296875 200
170 2.3 170.92312754755434 139.67791299494812 1404.18017578125 36.51708984375 203.98516255040323 217
180 2.2 252.3629816228693 325.6691442973205 1404.18017578125 36.51708984375 200.81671752929688 240
190 1.6 279.9775390625 419.4761470674648 1404.18017578125 36.51708984375 205.14502978142892 262
200 2.1 345.0153576078869 337.3147308717979 1404.18017578125 36.51708984375 209.45193679041142 278
210 2.3 229.26325789741847 236.01411108031468 1404.18017578125 36.51708984375 218.97311350334448 299
220 3 248.3939697265625 337.15305810514724 1404.18017578125 36.51708984375 219.7081238172069 322
230 1.4 349.59416852678567 433.05545184456497 1404.18017578125 36.51708984375 222.1529402299361 352
240 1.7 242.67224839154412 262.1072276216064 1404.18017578125 36.51708984375 227.02774131232923 366
250 2.1 216.07547433035714 191.67557904127116 1404.18017578125 36.51708984375 227.72214502080612 383
260 2 519.1359497070313 809.882722473111 2632.864990234375 36.51708984375 227.11674877204518 404
270 2 284.78179931640625 437.0079959582294 2632.864990234375 36.51708984375 240.89123938218603 424
280 1.1 138.94482421875 102.89256543264932 2632.864990234375 36.51708984375 242.86829163147522 444
290 1.2 386.39093017578125 361.4109633197783 2632.864990234375 36.51708984375 240.35585615556317 455
300 1.9 232.55861944901315 296.8375831564241 2632.864990234375 36.51708984375 244.1083634109007 467
310 2 138.5635498046875 120.82978030067267 2632.864990234375 36.51708984375 243.6568302107446 486
320 1.6 245.21939086914063 329.5983829899417 2632.864990234375 36.51708984375 239.5029456097147 506
330 1.3 349.26305213341345 436.5753280079791 2632.864990234375 36.51708984375 239.67816232264727 522
340 1.5 327.00572916666664 334.8877198431277 2632.864990234375 35.3369140625 242.34097272926402 535
350 1.1 389.5513805042614 385.1162426311903 2632.864990234375 35.3369140625 244.65001154119318 550
360 1 235.9988525390625 378.81254609977424 2632.864990234375 35.3369140625 247.4912148541945 561
370 1.5 253.97592773437498 328.3688180040213 2632.864990234375 35.3369140625 247.28994756321148 571
380 1 287.9480224609375 368.0983046687894 2632.864990234375 35.3369140625 247.4610904003573 586
390 1.1 122.04137073863636 85.74404238303774 2632.864990234375 35.3369140625 248.14040134097107 596
400 0.7 311.03187779017856 430.60882323556916 2632.864990234375 35.3369140625 245.85524592643122 607
410 0.7 335.12583705357144 357.458079419405 2632.864990234375 35.3369140625 246.59830199002442 614
420 0.7 388.702880859375 429.10898385249425 2632.864990234375 35.3369140625 247.59619691022544 621
430 0.9 257.89935980902777 393.555214741163 2632.864990234375 35.3369140625 249.1690421134803 628
440 0.5 194.277001953125 177.11067997122956 2632.864990234375 35.3369140625 249.2923904011725 637
450 0.3 130.15966796875 50.672264590879564 2632.864990234375 35.3369140625 248.86392164378893 642
460 0.2 151.344970703125 69.635009765625 2632.864990234375 35.3369140625 248.31180883599805 645
470 0.9 300.059326171875 386.83376342355274 2632.864990234375 35.3369140625 248.0120659051391 647
480 0.8 282.4687194824219 197.89089455687613 2632.864990234375 35.3369140625 248.72612892709128 656
490 1.1 315.05373313210225 377.04579569436754 2632.864990234375 35.3369140625 249.13266616269766 664
500 1.4 179.2689208984375 131.6744131524401 2632.864990234375 35.3369140625 250.20693540219906 675
510 0.4 71.21026611328125 15.09862274528332 2632.864990234375 35.3369140625 248.76552436728954 689
520 0.2 337.426025390625 261.10498046875 2632.864990234375 35.3369140625 247.74067439179743 693
530 0.6 193.73050944010416 131.71878118423516 2632.864990234375 35.3369140625 247.99876173280126 695
540 1 153.55595703125 116.57687227091184 2632.864990234375 35.3369140625 247.53426884584522 701
550 0.8 177.99273681640625 173.53452901679628 2632.864990234375 35.3369140625 246.2124923083685 711
560 0.6 399.3216145833333 347.03099971877486 2632.864990234375 35.3369140625 245.45344078690022 719
570 0.2 153.00390625 21.93701171875 2632.864990234375 35.3369140625 246.72683257004311 725
580 0.6 133.87202962239584 101.14970726769488 2632.864990234375 35.3369140625 246.4689978346372 727
590 0.8 331.4361267089844 463.7858448644344 2632.864990234375 35.3369140625 245.54733097341833 733
600 0.4 94.6407470703125 20.83774498843838 2632.864990234375 35.3369140625 246.47460542130565 741
610 0.4 163.47723388671875 120.26400880511623 2632.864990234375 35.3369140625 245.6593900744547 745
620 0.4 440.2977294921875 464.5525367571973 2632.864990234375 35.3369140625 245.22050005476052 749
630 0.2 236.3590087890625 118.2030029296875 2632.864990234375 35.3369140625 246.25676687780128 753
640 0.4 95.5697021484375 15.539969421644916 2632.864990234375 35.3369140625 246.23054765107617 755
650 0.5 425.72548828125 548.9770248032997 2632.864990234375 35.3369140625 245.43655110033762 759
660 0.5 140.1505859375 107.874951369163 2632.864990234375 35.3369140625 246.61645252167867 764
670 0.3 680.2308756510416 566.0897646587373 2632.864990234375 35.3369140625 245.92421671814043 769
680 0.5 215.803564453125 123.82744872367377 2632.864990234375 35.3369140625 247.61193689534085 772
690 0.7 235.76035853794642 222.87284883044686 2632.864990234375 35.3369140625 247.4072498139881 777
700 0.5 763.434619140625 705.8249539369987 2632.864990234375 35.3369140625 247.30325971330916 784
710 0.5 224.4896484375 186.3400279606331 2632.864990234375 35.3369140625 250.57405413300063 789
720 0.3 248.49763997395834 233.61324699095505 2632.864990234375 35.3369140625 250.40979465129092 794
730 0.4 678.1544799804688 560.1470038536307 2632.864990234375 35.3369140625 250.40259708035995 797
740 0.2 93.429443359375 7.635498046875 2632.864990234375 35.3369140625 252.5386863832319 801
