10 0.1 4079.078125 0 4079.078125 4079.078125 0 0
20 0 0 0 4079.078125 4079.078125 4079.078125 1
30 0.3 16816.794026692707 11159.142739544981 29539.916015625 2369.361083984375 4079.078125 1
40 0 0 0 29539.916015625 2369.361083984375 13632.365051269531 4
50 0.2 13986.373901367188 9765.863891601563 29539.916015625 2369.361083984375 13632.365051269531 4
60 0.2 5917.575439453125 3388.685546875 29539.916015625 2369.361083984375 13750.368001302084 6
70 0 0 0 29539.916015625 2369.361083984375 11792.169860839844 8
80 0.1 36434.989990234375 0.0 36434.989990234375 2369.361083984375 11792.169860839844 8
90 0 0 0 36434.989990234375 2369.361083984375 14530.260986328125 9
100 0.1 1017.294189453125 0.0 36434.989990234375 1017.294189453125 14530.260986328125 9
110 0 0 0 36434.989990234375 1017.294189453125 13178.964306640624 10
120 0.1 20617.60400390625 0.0 36434.989990234375 1017.294189453125 13178.964306640624 10
130 0.1 15566.862060546875 0.0 36434.989990234375 1017.294189453125 13855.204279119318 11
140 0.2 30333.864868164063 6410.6510009765625 36744.515869140625 1017.294189453125 13997.842427571615 12
150 0.2 24292.744506835938 650.5416259765625 36744.515869140625 1017.294189453125 16331.55991908482 14
160 0.1 5515.094970703125 0.0 36744.515869140625 1017.294189453125 17326.70799255371 16
170 0.3 27509.317708333332 17956.61641841453 48891.404052734375 1017.294189453125 16631.9072265625 17
180 0 0 0 48891.404052734375 1017.294189453125 18263.518798828125 20
190 0 0 0 48891.404052734375 1017.294189453125 18263.518798828125 20
200 0 0 0 48891.404052734375 1017.294189453125 18263.518798828125 20
210 0.1 12271.35595703125 0.0 48891.404052734375 1017.294189453125 18263.518798828125 20
220 0.4 61054.116455078125 77707.17308059386 194400.5859375 1017.294189453125 17978.177711123513 21
230 0.2 18036.059936523438 9223.945922851563 194400.5859375 1017.294189453125 24870.32791015625 25
240 0 0 0 194400.5859375 1017.294189453125 24364.085838035302 27
250 0.1 5140.489990234375 0.0 194400.5859375 1017.294189453125 24364.085838035302 27
260 0.2 2009.9739990234375 213.1419677734375 194400.5859375 1017.294189453125 23677.528843470984 28
270 0.1 200893.8359375 0.0 200893.8359375 1017.294189453125 22233.02518717448 30
280 0.2 95295.8115234375 91610.25756835938 200893.8359375 1017.294189453125 27996.277146862398 31
290 0 0 0 200893.8359375 1017.294189453125 32075.036806048767 33
300 0 0 0 200893.8359375 1017.294189453125 32075.036806048767 33
310 0.1 204388.73803710938 0.0 204388.73803710938 1017.294189453125 32075.036806048767 33
320 0.4 9498.211669921875 8535.784164449406 204388.73803710938 514.35498046875 37143.08684225643 34
330 0 0 0 204388.73803710938 514.35498046875 34233.09998201069 38
340 0.1 394.8798828125 0.0 204388.73803710938 394.8798828125 34233.09998201069 38
350 0.1 30385.345947265625 0.0 204388.73803710938 394.8798828125 33365.453312800484 39
360 0 0 0 204388.73803710938 394.8798828125 33290.95062866212 40
370 0.2 137899.3475341797 134581.4483642578 272480.7958984375 394.8798828125 33290.95062866212 40
380 0.1 210307.92797851563 0.0 272480.7958984375 394.8798828125 38272.3028622582 42
390 0.1 2292.093994140625 0.0 272480.7958984375 394.8798828125 42273.131353333956 43
400 0.2 139879.96716308594 139613.18200683594 279493.1491699219 266.78515625 41364.47141335229 44
410 0 0 0 279493.1491699219 266.78515625 45647.75383725376 46
420 0.1 2011.816162109375 0.0 279493.1491699219 266.78515625 45647.75383725376 46
430 0 0 0 279493.1491699219 266.78515625 44719.32963139962 47
440 0.2 106776.36694335938 103971.59594726563 279493.1491699219 266.78515625 44719.32963139962 47
450 0.1 8002.137939453125 0.0 279493.1491699219 266.78515625 47252.26992984696 49
460 0 0 0 279493.1491699219 266.78515625 46467.26729003908 50
470 0.1 9747.4501953125 0.0 279493.1491699219 266.78515625 46467.26729003908 50
480 0 0 0 279493.1491699219 266.78515625 45747.270876416995 51
490 0 0 0 279493.1491699219 266.78515625 45747.270876416995 51
500 0.3 21562.4052734375 12875.975832023496 279493.1491699219 266.78515625 45747.270876416995 51
510 0.1 209236.94995117188 0.0 279493.1491699219 266.78515625 44403.66723180702 54
520 0 0 0 279493.1491699219 266.78515625 47400.63600852274 55
530 0.1 28592.89794921875 0.0 279493.1491699219 266.78515625 47400.63600852274 55
540 0.1 12975.774169921875 0.0 279493.1491699219 266.78515625 47064.78354317803 56
550 0 0 0 279493.1491699219 266.78515625 46466.73074715599 57
560 0.1 38985.0869140625 0.0 279493.1491699219 266.78515625 46466.73074715599 57
570 0 0 0 279493.1491699219 266.78515625 46337.736887964726 58
580 0 0 0 279493.1491699219 266.78515625 46337.736887964726 58
590 0 0 0 279493.1491699219 266.78515625 46337.736887964726 58
600 0 0 0 279493.1491699219 266.78515625 46337.736887964726 58
610 0 0 0 279493.1491699219 266.78515625 46337.736887964726 58
620 0 0 0 279493.1491699219 266.78515625 46337.736887964726 58
630 0 0 0 279493.1491699219 266.78515625 46337.736887964726 58
640 0 0 0 279493.1491699219 266.78515625 46337.736887964726 58
650 0 0 0 279493.1491699219 266.78515625 46337.736887964726 58
660 0 0 0 279493.1491699219 266.78515625 46337.736887964726 58
670 0 0 0 279493.1491699219 266.78515625 46337.736887964726 58
680 0 0 0 279493.1491699219 266.78515625 46337.736887964726 58
690 0 0 0 279493.1491699219 266.78515625 46337.736887964726 58
700 0 0 0 279493.1491699219 266.78515625 46337.736887964726 58
710 0 0 0 279493.1491699219 266.78515625 46337.736887964726 58
720 0.1 252551.05419921875 0.0 279493.1491699219 266.78515625 46337.736887964726 58
730 0 0 0 279493.1491699219 266.78515625 49832.87785934191 59
740 0.1 211404.93505859375 0.0 279493.1491699219 266.78515625 49832.87785934191 59
