0 0.41796875 0.41796875
10 1.4109375 1.82890625
20 1.2078125 3.03671875
30 2.51640625 5.553125
40 1.96328125 7.51640625
50 2.56875 10.08515625
60 2.4671875 12.55234375
70 2.58359375 15.1359375
80 2.04921875 17.18515625
90 1.5828125 18.76796875
100 3.409375 22.17734375
110 4.1609375 26.33828125
120 5.37109375 31.709375
130 8.62421875 40.33359375
140 8.3328125 48.66640625
150 5.8484375 54.51484375
160 4.43984375 58.9546875
170 6.2375 65.1921875
180 6.81796875 72.01015625
190 3.91171875 75.921875
200 6.53671875 82.45859375
210 6.5828125 89.04140625
220 8.075 97.11640625
230 3.9015625 101.01796875
240 4.6359375 105.65390625
250 5.60234375 111.25625
260 6.00078125 117.25703125
270 4.9828125 122.23984375
280 3.06484375 125.3046875
290 4.0984375 129.403125
300 5.53515625 134.93828125
310 5.29765625 140.2359375
320 4.9328125 145.16875
330 3.31015625 148.47890625
340 3.44296875 151.921875
350 3.57265625 155.49453125
360 2.77265625 158.2671875
370 3.884375 162.1515625
380 2.9375 165.0890625
390 2.85546875 167.94453125
400 2.040625 169.98515625
410 1.77265625 171.7578125
420 1.9703125 173.728125
430 2.6484375 176.3765625
440 1.36796875 177.74453125
450 0.60234375 178.346875
460 0.42734375 178.77421875
470 2.70234375 181.4765625
480 1.86875 183.3453125
490 3.20703125 186.55234375
500 3.5390625 190.09140625
510 1.0609375 191.15234375
520 0.56875 191.72109375
530 1.7984375 193.51953125
540 2.43828125 195.9578125
550 2.32578125 198.28359375
560 1.8546875 200.13828125
570 0.4609375 200.59921875
580 1.73671875 202.3359375
590 2.315625 204.6515625
600 0.96875 205.6203125
610 1.32109375 206.94140625
620 1.33125 208.27265625
630 0.66796875 208.940625
640 0.965625 209.90625
650 1.55703125 211.46328125
660 1.47265625 212.9359375
670 1.08046875 214.01640625
680 1.4703125 215.48671875
690 1.75625 217.24296875
700 1.4765625 218.71953125
710 1.36796875 220.0875
720 0.91328125 221.00078125
730 1.0765625 222.07734375
740 0.58984375 222.6671875
