0 17.93671875 17.93671875
10 46.85078125 64.7875
20 18.66640625 83.45390625
30 85.4203125 168.87421875
40 47.52578125 216.4
50 88.05390625 304.45390625
60 63.5671875 368.02109375
70 61.6265625 429.64765625
80 929.61875 1359.26640625
90 26.29375 1385.56015625
100 79.346875 1464.90703125
110 1225.28671875 2690.19375
120 148.01953125 2838.21328125
130 229.4859375 3067.69921875
140 190.27890625 3257.978125
150 978.05234375 4236.03046875
160 145.63046875 4381.6609375
170 121.071875 4502.7328125
180 2098.39140625 6601.12421875
190 2306.57890625 8907.703125
200 1228.75234375 10136.45546875
210 1009.74609375 11146.2015625
220 2163.93984375 13310.14140625
230 2286.7078125 15596.84921875
240 965.22578125 16562.075
250 123.5109375 16685.5859375
260 3390.19453125 20075.78046875
270 3232.1640625 23307.94453125
280 21.97890625 23329.9234375
290 1153.48359375 24483.40703125
300 1211.8296875 25695.23671875
310 127.38828125 25822.625
320 1205.86875 27028.49375
330 2067.95234375 29096.44609375
340 1186.69375 30283.13984375
350 1173.92578125 31457.065625
360 1166.29765625 32623.36328125
370 1140.98828125 33764.3515625
380 1150.68671875 34915.03828125
390 63.02578125 34978.0640625
400 1132.971875 36111.0359375
410 912.65 37023.6859375
420 1140.7109375 38164.396875
430 1146.0375 39310.434375
440 19.04296875 39329.47734375
450 26.7828125 39356.26015625
460 10.31640625 39366.5765625
470 1169.2265625 40535.803125
480 49.5546875 40585.3578125
490 1164.3140625 41749.671875
500 117.3453125 41867.0171875
510 12.34609375 41879.36328125
520 0.0015625 41879.36484375
530 40.7609375 41920.12578125
540 68.903125 41989.02890625
550 42.278125 42031.30703125
560 909.88125 42941.18828125
570 34.246875 42975.43515625
580 26.27265625 43001.7078125
590 1141.54921875 44143.25703125
600 28.059375 44171.31640625
610 25.54296875 44196.859375
620 894.04453125 45090.90390625
630 11.7296875 45102.63359375
640 25.32734375 45127.9609375
650 1126.47734375 46254.43828125
660 16.7625 46271.20078125
670 1123.190625 47394.39140625
680 30.79453125 47425.1859375
690 32.4046875 47457.590625
700 2247.5296875 49705.1203125
710 15.8703125 49720.990625
720 0.00234375 49720.99296875
730 1114.07421875 50835.0671875
740 0.0015625 50835.06875
