0 0.1 1
10 0.2 3
20 0.1 4
30 0.2 6
40 0 6
50 0.3 9
60 0.1 10
70 0.1 11
80 0 11
90 0.1 12
100 0.3 15
110 0.3 18
120 0.3 21
130 0.2 23
140 0 23
150 0.2 25
160 0 25
170 0.2 27
180 0 27
190 0.2 29
200 0.2 31
210 0 31
220 0.2 33
230 0.1 34
240 0.1 35
250 0.1 36
260 0.1 37
270 0 37
280 0.1 38
290 0 38
300 0.3 41
310 0 41
320 0.3 44
330 0 44
340 0.1 45
350 0 45
360 0 45
370 0.1 46
380 0 46
390 0.1 47
400 0.1 48
410 0 48
420 0.1 49
430 0 49
440 0.2 51
450 0 51
460 0.2 53
470 0.1 54
480 0.1 55
490 0.1 56
500 0.1 57
510 0 57
520 0 57
530 0.3 60
540 0 60
550 0 60
560 0 60
570 0 60
580 0 60
590 0 60
600 0 60
610 0 60
620 0 60
630 0 60
640 0 60
650 0 60
660 0 60
670 0 60
680 0 60
690 0 60
700 0 60
710 0 60
720 0 60
730 0 60
740 0 60
