0 1 1
10 2 3
20 3 3
30 2 4
40 2 4
50 3 4
60 2 4
70 3 4
80 2 4
90 3 4
100 5 5
110 8 8
120 10 11
130 11 11
140 9 11
150 9 11
160 8 11
170 7 11
180 7 11
190 9 11
200 11 11
210 10 11
220 8 11
230 7 11
240 8 11
250 8 11
260 7 11
270 6 11
280 5 11
290 5 11
300 8 11
310 7 11
320 6 11
330 6 11
340 6 11
350 5 11
360 5 11
370 4 11
380 3 11
390 3 11
400 2 11
410 2 11
420 2 11
430 2 11
440 2 11
450 1 11
460 3 11
470 3 11
480 4 11
490 5 11
500 3 11
510 2 11
520 2 11
530 4 11
540 3 11
550 3 11
560 2 11
570 2 11
580 2 11
590 2 11
600 2 11
610 2 11
620 2 11
630 2 11
640 2 11
650 2 11
660 2 11
670 2 11
680 2 11
690 2 11
700 2 11
710 2 11
720 1 11
730 1 11
740 0 11
